MCcycles: 1000000	 L = 20	 T = 1	 Randomstart = 0
MCcycles 	 E 		 E2 		 M 		 M2 		 Mabs 		 accepted		 X 		 Cv
1	-2	 	1600	 	1	 	400	 	1	 	0	 	0	 	0	 	
1000	-1.99773	 	1596.39	 	0.999425	 	399.541	 	0.999425	 	0	 	0.00123775	 	0.0188588	 	
2000	-1.9976	 	1596.17	 	0.99939	 	399.513	 	0.99939	 	0	 	0.00133116	 	0.0203064	 	
3000	-1.9975	 	1596.03	 	0.999363	 	399.492	 	0.999363	 	0	 	0.00141786	 	0.0212267	 	
4000	-1.9975	 	1596.03	 	0.999365	 	399.494	 	0.999365	 	0.005	 	0.00138871	 	0.02093	 	
5000	-1.9976	 	1596.18	 	0.999389	 	399.513	 	0.999389	 	0	 	0.00132067	 	0.0199402	 	
6000	-1.99757	 	1596.13	 	0.999379	 	399.505	 	0.999379	 	0	 	0.00137416	 	0.020358	 	
7000	-1.99738	 	1595.84	 	0.999333	 	399.468	 	0.999333	 	0	 	0.0014734	 	0.0220004	 	
8000	-1.99744	 	1595.94	 	0.999346	 	399.479	 	0.999346	 	0	 	0.00145404	 	0.0214788	 	
9000	-1.99738	 	1595.83	 	0.999331	 	399.467	 	0.999331	 	0	 	0.00145437	 	0.0215988	 	
10000	-1.99735	 	1595.78	 	0.999324	 	399.461	 	0.999324	 	0.0025	 	0.00146321	 	0.0218569	 	
11000	-1.99736	 	1595.79	 	0.999325	 	399.462	 	0.999325	 	0	 	0.00147618	 	0.0220045	 	
12000	-1.99733	 	1595.75	 	0.999319	 	399.457	 	0.999319	 	0	 	0.00149625	 	0.0223336	 	
13000	-1.99733	 	1595.76	 	0.99932	 	399.458	 	0.99932	 	0	 	0.0014914	 	0.0223074	 	
14000	-1.9973	 	1595.7	 	0.99931	 	399.449	 	0.99931	 	0	 	0.00153008	 	0.0227077	 	
15000	-1.99728	 	1595.67	 	0.999305	 	399.445	 	0.999305	 	0.0025	 	0.00154394	 	0.0228724	 	
16000	-1.99726	 	1595.65	 	0.999301	 	399.442	 	0.999301	 	0	 	0.00155265	 	0.0230363	 	
17000	-1.99724	 	1595.61	 	0.999295	 	399.438	 	0.999295	 	0.0025	 	0.00155665	 	0.0231621	 	
18000	-1.99722	 	1595.58	 	0.999291	 	399.435	 	0.999291	 	0	 	0.00156415	 	0.0232795	 	
19000	-1.99722	 	1595.58	 	0.99929	 	399.434	 	0.99929	 	0	 	0.00156926	 	0.0233503	 	
20000	-1.99724	 	1595.61	 	0.999296	 	399.439	 	0.999296	 	0	 	0.00155104	 	0.0231116	 	
21000	-1.99722	 	1595.57	 	0.99929	 	399.433	 	0.99929	 	0	 	0.0015638	 	0.0232879	 	
22000	-1.99721	 	1595.57	 	0.999289	 	399.433	 	0.999289	 	0	 	0.00155908	 	0.0232678	 	
23000	-1.99721	 	1595.56	 	0.999288	 	399.432	 	0.999288	 	0	 	0.00156116	 	0.023307	 	
24000	-1.99721	 	1595.57	 	0.999289	 	399.433	 	0.999289	 	0	 	0.00155705	 	0.0232471	 	
25000	-1.99722	 	1595.57	 	0.999291	 	399.434	 	0.999291	 	0	 	0.0015479	 	0.0231465	 	
26000	-1.99722	 	1595.58	 	0.999291	 	399.435	 	0.999291	 	0	 	0.00154643	 	0.0231356	 	
27000	-1.99722	 	1595.57	 	0.99929	 	399.434	 	0.99929	 	0	 	0.00154995	 	0.0231634	 	
28000	-1.9972	 	1595.54	 	0.999285	 	399.43	 	0.999285	 	0	 	0.00155311	 	0.0232458	 	
29000	-1.99718	 	1595.51	 	0.999281	 	399.426	 	0.999281	 	0.005	 	0.00155624	 	0.0233076	 	
30000	-1.99716	 	1595.48	 	0.999275	 	399.422	 	0.999275	 	0.0025	 	0.00157104	 	0.0234801	 	
31000	-1.99715	 	1595.47	 	0.999274	 	399.421	 	0.999274	 	0.005	 	0.0015702	 	0.0234795	 	
32000	-1.99714	 	1595.46	 	0.999272	 	399.419	 	0.999272	 	0	 	0.00157606	 	0.0235542	 	
33000	-1.99716	 	1595.48	 	0.999276	 	399.423	 	0.999276	 	0	 	0.00156816	 	0.0234132	 	
34000	-1.99714	 	1595.45	 	0.999271	 	399.419	 	0.999271	 	0.0025	 	0.00158164	 	0.0235994	 	
35000	-1.99713	 	1595.43	 	0.999267	 	399.415	 	0.999267	 	0.0025	 	0.00159092	 	0.0237171	 	
36000	-1.99712	 	1595.42	 	0.999266	 	399.414	 	0.999266	 	0	 	0.00159237	 	0.023763	 	
37000	-1.99711	 	1595.4	 	0.999263	 	399.413	 	0.999263	 	0	 	0.00159404	 	0.0238226	 	
38000	-1.99711	 	1595.4	 	0.999263	 	399.412	 	0.999263	 	0	 	0.00159335	 	0.0238179	 	
39000	-1.99711	 	1595.41	 	0.999265	 	399.413	 	0.999265	 	0	 	0.00158881	 	0.0237642	 	
40000	-1.99711	 	1595.4	 	0.999262	 	399.412	 	0.999262	 	0	 	0.00160479	 	0.0238628	 	
41000	-1.99711	 	1595.41	 	0.999262	 	399.412	 	0.999262	 	0.005	 	0.0016063	 	0.0238308	 	
42000	-1.99712	 	1595.41	 	0.999264	 	399.413	 	0.999264	 	0.0025	 	0.0016045	 	0.0238	 	
43000	-1.99712	 	1595.42	 	0.999265	 	399.414	 	0.999265	 	0	 	0.00160412	 	0.023796	 	
44000	-1.99712	 	1595.43	 	0.999266	 	399.414	 	0.999266	 	0	 	0.00160158	 	0.023763	 	
45000	-1.99712	 	1595.43	 	0.999266	 	399.415	 	0.999266	 	0.005	 	0.00159783	 	0.0237157	 	
46000	-1.99712	 	1595.42	 	0.999266	 	399.414	 	0.999266	 	0.005	 	0.00159879	 	0.0237324	 	
47000	-1.99712	 	1595.43	 	0.999266	 	399.415	 	0.999266	 	0	 	0.00159809	 	0.023733	 	
48000	-1.99712	 	1595.43	 	0.999266	 	399.414	 	0.999266	 	0.0025	 	0.00159705	 	0.0237172	 	
49000	-1.99712	 	1595.42	 	0.999265	 	399.414	 	0.999265	 	0.0025	 	0.00160128	 	0.0237669	 	
50000	-1.99713	 	1595.43	 	0.999267	 	399.415	 	0.999267	 	0.0025	 	0.00159485	 	0.0236905	 	
51000	-1.99713	 	1595.43	 	0.999266	 	399.415	 	0.999266	 	0	 	0.00159995	 	0.0236879	 	
52000	-1.99712	 	1595.43	 	0.999265	 	399.414	 	0.999265	 	0	 	0.00160119	 	0.0237101	 	
53000	-1.99713	 	1595.43	 	0.999266	 	399.414	 	0.999266	 	0.0025	 	0.00160516	 	0.0237399	 	
54000	-1.99713	 	1595.43	 	0.999266	 	399.414	 	0.999266	 	0	 	0.00160509	 	0.0237271	 	
55000	-1.99713	 	1595.43	 	0.999266	 	399.414	 	0.999266	 	0	 	0.00160379	 	0.0237142	 	
56000	-1.99713	 	1595.43	 	0.999266	 	399.415	 	0.999266	 	0	 	0.00160061	 	0.0236797	 	
57000	-1.99713	 	1595.43	 	0.999266	 	399.414	 	0.999266	 	0	 	0.00160134	 	0.0236972	 	
58000	-1.99712	 	1595.42	 	0.999265	 	399.413	 	0.999265	 	0	 	0.00160176	 	0.0237329	 	
59000	-1.99711	 	1595.4	 	0.999262	 	399.411	 	0.999262	 	0.005	 	0.00161054	 	0.0238832	 	
60000	-1.99712	 	1595.43	 	0.999266	 	399.414	 	0.999266	 	0	 	0.00160085	 	0.0237503	 	
61000	-1.99713	 	1595.43	 	0.999266	 	399.415	 	0.999266	 	0	 	0.00159904	 	0.0237183	 	
62000	-1.99712	 	1595.42	 	0.999264	 	399.413	 	0.999264	 	0	 	0.00160355	 	0.0237853	 	
63000	-1.99713	 	1595.43	 	0.999266	 	399.415	 	0.999266	 	0	 	0.0015988	 	0.0237061	 	
64000	-1.99712	 	1595.42	 	0.999264	 	399.413	 	0.999264	 	0	 	0.00160584	 	0.0237967	 	
65000	-1.99711	 	1595.41	 	0.999262	 	399.412	 	0.999262	 	0	 	0.00160929	 	0.023842	 	
66000	-1.99712	 	1595.41	 	0.999263	 	399.412	 	0.999263	 	0	 	0.0016068	 	0.0238078	 	
67000	-1.99711	 	1595.4	 	0.999261	 	399.411	 	0.999261	 	0	 	0.00161243	 	0.023869	 	
68000	-1.99711	 	1595.4	 	0.999261	 	399.411	 	0.999261	 	0.0025	 	0.00161243	 	0.0238701	 	
69000	-1.99712	 	1595.41	 	0.999263	 	399.412	 	0.999263	 	0	 	0.00160738	 	0.0238056	 	
70000	-1.99712	 	1595.43	 	0.999265	 	399.414	 	0.999265	 	0	 	0.00160399	 	0.0237637	 	
71000	-1.99712	 	1595.42	 	0.999264	 	399.413	 	0.999264	 	0	 	0.00160862	 	0.023848	 	
72000	-1.99712	 	1595.42	 	0.999265	 	399.414	 	0.999265	 	0	 	0.0016068	 	0.0238239	 	
73000	-1.99713	 	1595.43	 	0.999266	 	399.414	 	0.999266	 	0	 	0.00160261	 	0.0237754	 	
74000	-1.99713	 	1595.44	 	0.999268	 	399.416	 	0.999268	 	0	 	0.00159812	 	0.0237148	 	
75000	-1.99713	 	1595.44	 	0.999268	 	399.416	 	0.999268	 	0	 	0.00159759	 	0.0237117	 	
76000	-1.99713	 	1595.43	 	0.999266	 	399.414	 	0.999266	 	0	 	0.00160368	 	0.0237948	 	
77000	-1.99712	 	1595.42	 	0.999265	 	399.414	 	0.999265	 	0	 	0.00160647	 	0.0238418	 	
78000	-1.99713	 	1595.43	 	0.999266	 	399.415	 	0.999266	 	0	 	0.00160195	 	0.0237898	 	
79000	-1.99713	 	1595.43	 	0.999267	 	399.415	 	0.999267	 	0	 	0.00159934	 	0.0237518	 	
80000	-1.99712	 	1595.42	 	0.999266	 	399.414	 	0.999266	 	0	 	0.00160095	 	0.0237721	 	
81000	-1.99713	 	1595.43	 	0.999266	 	399.415	 	0.999266	 	0	 	0.00160059	 	0.0237628	 	
82000	-1.99712	 	1595.42	 	0.999264	 	399.413	 	0.999264	 	0	 	0.00160138	 	0.0237859	 	
83000	-1.99712	 	1595.42	 	0.999265	 	399.414	 	0.999265	 	0	 	0.00159768	 	0.0237364	 	
84000	-1.99712	 	1595.42	 	0.999265	 	399.414	 	0.999265	 	0	 	0.00159623	 	0.0237351	 	
85000	-1.99712	 	1595.42	 	0.999265	 	399.414	 	0.999265	 	0	 	0.0015956	 	0.023732	 	
86000	-1.99712	 	1595.43	 	0.999266	 	399.415	 	0.999266	 	0	 	0.00159428	 	0.0237227	 	
87000	-1.99712	 	1595.42	 	0.999266	 	399.414	 	0.999266	 	0	 	0.001601	 	0.023769	 	
88000	-1.99712	 	1595.43	 	0.999266	 	399.414	 	0.999266	 	0	 	0.00160219	 	0.0237955	 	
89000	-1.99713	 	1595.43	 	0.999267	 	399.415	 	0.999267	 	0	 	0.00160072	 	0.0237668	 	
90000	-1.99713	 	1595.44	 	0.999267	 	399.416	 	0.999267	 	0	 	0.00160231	 	0.0237819	 	
91000	-1.99713	 	1595.43	 	0.999267	 	399.415	 	0.999267	 	0	 	0.00160261	 	0.0237958	 	
92000	-1.99713	 	1595.44	 	0.999268	 	399.416	 	0.999268	 	0	 	0.00160246	 	0.0237904	 	
93000	-1.99713	 	1595.44	 	0.999268	 	399.416	 	0.999268	 	0.0025	 	0.00160247	 	0.0237931	 	
94000	-1.99714	 	1595.45	 	0.99927	 	399.417	 	0.99927	 	0	 	0.00160135	 	0.0237454	 	
95000	-1.99714	 	1595.45	 	0.999269	 	399.417	 	0.999269	 	0	 	0.00160066	 	0.0237461	 	
96000	-1.99714	 	1595.45	 	0.999269	 	399.417	 	0.999269	 	0.0025	 	0.00160085	 	0.02372	 	
97000	-1.99714	 	1595.45	 	0.999269	 	399.417	 	0.999269	 	0	 	0.00160195	 	0.0237311	 	
98000	-1.99713	 	1595.43	 	0.999266	 	399.415	 	0.999266	 	0	 	0.00160651	 	0.0237919	 	
99000	-1.99713	 	1595.43	 	0.999267	 	399.415	 	0.999267	 	0	 	0.00160435	 	0.0237688	 	
100000	-1.99713	 	1595.44	 	0.999267	 	399.415	 	0.999267	 	0	 	0.00160444	 	0.0237539	 	
101000	-1.99713	 	1595.43	 	0.999266	 	399.414	 	0.999266	 	0	 	0.0016074	 	0.0237987	 	
102000	-1.99712	 	1595.42	 	0.999265	 	399.414	 	0.999265	 	0	 	0.00160923	 	0.0238243	 	
103000	-1.99712	 	1595.42	 	0.999264	 	399.413	 	0.999264	 	0.0025	 	0.00160884	 	0.0238318	 	
104000	-1.99712	 	1595.42	 	0.999265	 	399.414	 	0.999265	 	0	 	0.00160604	 	0.0237979	 	
105000	-1.99712	 	1595.42	 	0.999265	 	399.414	 	0.999265	 	0	 	0.00160619	 	0.0238	 	
106000	-1.99711	 	1595.41	 	0.999262	 	399.412	 	0.999262	 	0	 	0.00160915	 	0.0238439	 	
107000	-1.99711	 	1595.41	 	0.999263	 	399.412	 	0.999263	 	0	 	0.00160652	 	0.0238147	 	
108000	-1.99712	 	1595.42	 	0.999264	 	399.413	 	0.999264	 	0.0025	 	0.00160284	 	0.0237683	 	
109000	-1.99711	 	1595.4	 	0.999262	 	399.411	 	0.999262	 	0	 	0.00160809	 	0.0238444	 	
110000	-1.99711	 	1595.4	 	0.999261	 	399.411	 	0.999261	 	0	 	0.00160956	 	0.0238722	 	
111000	-1.99711	 	1595.4	 	0.999261	 	399.411	 	0.999261	 	0	 	0.0016081	 	0.0238619	 	
112000	-1.99711	 	1595.41	 	0.999263	 	399.412	 	0.999263	 	0	 	0.00160344	 	0.0238014	 	
113000	-1.99711	 	1595.4	 	0.999262	 	399.411	 	0.999262	 	0.0025	 	0.00160442	 	0.0238187	 	
114000	-1.99711	 	1595.4	 	0.999262	 	399.412	 	0.999262	 	0.0025	 	0.00160319	 	0.0238083	 	
115000	-1.99711	 	1595.4	 	0.999262	 	399.412	 	0.999262	 	0	 	0.00160251	 	0.0237981	 	
116000	-1.99711	 	1595.4	 	0.999262	 	399.411	 	0.999262	 	0	 	0.00160329	 	0.0238163	 	
117000	-1.99711	 	1595.41	 	0.999263	 	399.412	 	0.999263	 	0	 	0.00159971	 	0.0237701	 	
118000	-1.9971	 	1595.39	 	0.999261	 	399.411	 	0.999261	 	0	 	0.00160275	 	0.0238172	 	
119000	-1.99711	 	1595.4	 	0.999262	 	399.412	 	0.999262	 	0	 	0.0016004	 	0.0237826	 	
120000	-1.99711	 	1595.4	 	0.999262	 	399.412	 	0.999262	 	0.0025	 	0.00160063	 	0.0237882	 	
121000	-1.9971	 	1595.39	 	0.999261	 	399.411	 	0.999261	 	0	 	0.00160226	 	0.0238231	 	
122000	-1.99711	 	1595.4	 	0.999262	 	399.412	 	0.999262	 	0	 	0.00159948	 	0.0237912	 	
123000	-1.99712	 	1595.41	 	0.999264	 	399.413	 	0.999264	 	0	 	0.00159485	 	0.0237272	 	
124000	-1.99712	 	1595.41	 	0.999264	 	399.413	 	0.999264	 	0	 	0.00159444	 	0.0237214	 	
125000	-1.99712	 	1595.42	 	0.999265	 	399.414	 	0.999265	 	0	 	0.00159371	 	0.0237137	 	
126000	-1.99712	 	1595.42	 	0.999265	 	399.414	 	0.999265	 	0	 	0.00159244	 	0.0236952	 	
127000	-1.99713	 	1595.43	 	0.999266	 	399.415	 	0.999266	 	0	 	0.00158933	 	0.0236512	 	
128000	-1.99712	 	1595.42	 	0.999266	 	399.415	 	0.999266	 	0	 	0.00158977	 	0.0236582	 	
129000	-1.99712	 	1595.42	 	0.999266	 	399.414	 	0.999266	 	0	 	0.00158961	 	0.0236543	 	
130000	-1.99712	 	1595.43	 	0.999266	 	399.415	 	0.999266	 	0	 	0.00158878	 	0.0236486	 	
131000	-1.99712	 	1595.42	 	0.999265	 	399.414	 	0.999265	 	0	 	0.00159022	 	0.0236795	 	
132000	-1.99712	 	1595.42	 	0.999265	 	399.414	 	0.999265	 	0.0025	 	0.00159473	 	0.0237381	 	
133000	-1.99712	 	1595.42	 	0.999265	 	399.414	 	0.999265	 	0	 	0.00159458	 	0.0237414	 	
134000	-1.99711	 	1595.41	 	0.999264	 	399.413	 	0.999264	 	0	 	0.00159718	 	0.0237761	 	
135000	-1.99711	 	1595.41	 	0.999263	 	399.413	 	0.999263	 	0	 	0.0015969	 	0.023781	 	
136000	-1.99711	 	1595.41	 	0.999264	 	399.413	 	0.999264	 	0	 	0.0015974	 	0.0237913	 	
137000	-1.99712	 	1595.41	 	0.999264	 	399.413	 	0.999264	 	0	 	0.00159673	 	0.0237731	 	
138000	-1.99712	 	1595.42	 	0.999265	 	399.414	 	0.999265	 	0	 	0.00159477	 	0.0237508	 	
139000	-1.99711	 	1595.41	 	0.999264	 	399.413	 	0.999264	 	0	 	0.00159742	 	0.0238025	 	
140000	-1.99711	 	1595.41	 	0.999263	 	399.412	 	0.999263	 	0	 	0.00159929	 	0.0238213	 	
141000	-1.99711	 	1595.41	 	0.999263	 	399.412	 	0.999263	 	0.005	 	0.00159897	 	0.0238195	 	
142000	-1.99711	 	1595.41	 	0.999264	 	399.413	 	0.999264	 	0	 	0.0015981	 	0.0238086	 	
143000	-1.99711	 	1595.41	 	0.999264	 	399.413	 	0.999264	 	0	 	0.00159756	 	0.0238015	 	
144000	-1.99712	 	1595.42	 	0.999265	 	399.414	 	0.999265	 	0.0075	 	0.00159397	 	0.0237524	 	
145000	-1.99712	 	1595.42	 	0.999265	 	399.414	 	0.999265	 	0	 	0.00159399	 	0.023749	 	
146000	-1.99712	 	1595.41	 	0.999265	 	399.414	 	0.999265	 	0.0025	 	0.00159385	 	0.0237535	 	
147000	-1.99711	 	1595.41	 	0.999264	 	399.413	 	0.999264	 	0	 	0.00159389	 	0.0237565	 	
148000	-1.99712	 	1595.41	 	0.999265	 	399.414	 	0.999265	 	0	 	0.00159304	 	0.0237436	 	
149000	-1.99712	 	1595.42	 	0.999265	 	399.414	 	0.999265	 	0	 	0.00159243	 	0.0237285	 	
150000	-1.99712	 	1595.42	 	0.999265	 	399.414	 	0.999265	 	0	 	0.00159118	 	0.0237132	 	
151000	-1.99712	 	1595.42	 	0.999265	 	399.414	 	0.999265	 	0.0025	 	0.0015899	 	0.0237014	 	
152000	-1.99712	 	1595.42	 	0.999266	 	399.415	 	0.999266	 	0	 	0.00158772	 	0.0236762	 	
153000	-1.99712	 	1595.42	 	0.999265	 	399.414	 	0.999265	 	0	 	0.00159123	 	0.0237228	 	
154000	-1.99712	 	1595.42	 	0.999265	 	399.414	 	0.999265	 	0	 	0.00158935	 	0.023699	 	
155000	-1.99712	 	1595.42	 	0.999266	 	399.415	 	0.999266	 	0	 	0.00158685	 	0.0236633	 	
156000	-1.99712	 	1595.43	 	0.999267	 	399.415	 	0.999267	 	0	 	0.00158575	 	0.0236501	 	
157000	-1.99713	 	1595.43	 	0.999267	 	399.415	 	0.999267	 	0	 	0.00158459	 	0.023631	 	
158000	-1.99712	 	1595.42	 	0.999266	 	399.415	 	0.999266	 	0	 	0.00158654	 	0.0236668	 	
159000	-1.99712	 	1595.43	 	0.999267	 	399.415	 	0.999267	 	0	 	0.00158379	 	0.0236334	 	
160000	-1.99713	 	1595.43	 	0.999268	 	399.416	 	0.999268	 	0	 	0.00158233	 	0.0236175	 	
161000	-1.99713	 	1595.43	 	0.999268	 	399.416	 	0.999268	 	0	 	0.00158303	 	0.0236302	 	
162000	-1.99713	 	1595.43	 	0.999268	 	399.416	 	0.999268	 	0	 	0.00158123	 	0.0236055	 	
163000	-1.99713	 	1595.43	 	0.999268	 	399.416	 	0.999268	 	0	 	0.00158164	 	0.0236119	 	
164000	-1.99713	 	1595.43	 	0.999267	 	399.416	 	0.999267	 	0.005	 	0.00158286	 	0.0236284	 	
165000	-1.99713	 	1595.43	 	0.999267	 	399.415	 	0.999267	 	0.005	 	0.00158344	 	0.0236356	 	
166000	-1.99712	 	1595.42	 	0.999266	 	399.415	 	0.999266	 	0.005	 	0.0015846	 	0.0236491	 	
167000	-1.99713	 	1595.43	 	0.999267	 	399.415	 	0.999267	 	0	 	0.00158261	 	0.0236227	 	
168000	-1.99712	 	1595.43	 	0.999267	 	399.415	 	0.999267	 	0	 	0.00158502	 	0.0236452	 	
169000	-1.99712	 	1595.42	 	0.999266	 	399.415	 	0.999266	 	0	 	0.0015865	 	0.0236717	 	
170000	-1.99712	 	1595.42	 	0.999265	 	399.414	 	0.999265	 	0	 	0.00158832	 	0.0236941	 	
171000	-1.99713	 	1595.43	 	0.999267	 	399.415	 	0.999267	 	0.0025	 	0.0015855	 	0.0236573	 	
172000	-1.99712	 	1595.43	 	0.999267	 	399.415	 	0.999267	 	0	 	0.00158615	 	0.0236731	 	
173000	-1.99713	 	1595.43	 	0.999267	 	399.415	 	0.999267	 	0	 	0.00158577	 	0.0236725	 	
174000	-1.99713	 	1595.43	 	0.999267	 	399.416	 	0.999267	 	0	 	0.00158452	 	0.0236561	 	
175000	-1.99713	 	1595.43	 	0.999268	 	399.416	 	0.999268	 	0	 	0.00158639	 	0.0236646	 	
176000	-1.99713	 	1595.43	 	0.999268	 	399.416	 	0.999268	 	0.0025	 	0.00158692	 	0.0236664	 	
177000	-1.99713	 	1595.43	 	0.999268	 	399.416	 	0.999268	 	0	 	0.00158572	 	0.0236479	 	
178000	-1.99713	 	1595.43	 	0.999268	 	399.416	 	0.999268	 	0	 	0.00158598	 	0.0236545	 	
179000	-1.99713	 	1595.43	 	0.999267	 	399.416	 	0.999267	 	0	 	0.00158638	 	0.0236605	 	
180000	-1.99713	 	1595.43	 	0.999267	 	399.416	 	0.999267	 	0.005	 	0.0015858	 	0.0236608	 	
181000	-1.99713	 	1595.43	 	0.999267	 	399.416	 	0.999267	 	0.0025	 	0.0015866	 	0.0236764	 	
182000	-1.99713	 	1595.43	 	0.999268	 	399.416	 	0.999268	 	0	 	0.00158516	 	0.0236571	 	
183000	-1.99713	 	1595.43	 	0.999268	 	399.416	 	0.999268	 	0	 	0.00158399	 	0.0236434	 	
184000	-1.99713	 	1595.44	 	0.999268	 	399.416	 	0.999268	 	0	 	0.00158296	 	0.0236291	 	
185000	-1.99713	 	1595.44	 	0.999269	 	399.417	 	0.999269	 	0	 	0.00158194	 	0.0236121	 	
186000	-1.99713	 	1595.44	 	0.999269	 	399.417	 	0.999269	 	0	 	0.00158164	 	0.0236114	 	
187000	-1.99713	 	1595.43	 	0.999268	 	399.416	 	0.999268	 	0	 	0.00158354	 	0.023643	 	
188000	-1.99713	 	1595.43	 	0.999268	 	399.416	 	0.999268	 	0	 	0.00158573	 	0.0236699	 	
189000	-1.99713	 	1595.43	 	0.999267	 	399.416	 	0.999267	 	0.005	 	0.00158578	 	0.0236735	 	
190000	-1.99713	 	1595.43	 	0.999268	 	399.416	 	0.999268	 	0	 	0.00158513	 	0.0236679	 	
191000	-1.99713	 	1595.44	 	0.999269	 	399.417	 	0.999269	 	0	 	0.00158268	 	0.0236334	 	
192000	-1.99713	 	1595.44	 	0.999269	 	399.417	 	0.999269	 	0	 	0.00158213	 	0.0236271	 	
193000	-1.99713	 	1595.44	 	0.999269	 	399.417	 	0.999269	 	0	 	0.00158354	 	0.0236413	 	
194000	-1.99713	 	1595.44	 	0.999269	 	399.417	 	0.999269	 	0	 	0.00158366	 	0.0236413	 	
195000	-1.99713	 	1595.44	 	0.999269	 	399.417	 	0.999269	 	0	 	0.001585	 	0.0236417	 	
196000	-1.99713	 	1595.44	 	0.999269	 	399.417	 	0.999269	 	0	 	0.00158403	 	0.0236296	 	
197000	-1.99713	 	1595.44	 	0.999269	 	399.417	 	0.999269	 	0	 	0.00158271	 	0.0236133	 	
198000	-1.99714	 	1595.44	 	0.999269	 	399.417	 	0.999269	 	0	 	0.00158308	 	0.0236099	 	
199000	-1.99714	 	1595.45	 	0.99927	 	399.418	 	0.99927	 	0	 	0.00158147	 	0.0235927	 	
200000	-1.99714	 	1595.45	 	0.99927	 	399.418	 	0.99927	 	0	 	0.00158121	 	0.0235894	 	
201000	-1.99714	 	1595.45	 	0.99927	 	399.417	 	0.99927	 	0.005	 	0.0015826	 	0.0235924	 	
202000	-1.99714	 	1595.45	 	0.99927	 	399.418	 	0.99927	 	0	 	0.00158244	 	0.0235906	 	
203000	-1.99714	 	1595.44	 	0.99927	 	399.417	 	0.99927	 	0	 	0.00158162	 	0.0235834	 	
204000	-1.99714	 	1595.45	 	0.99927	 	399.418	 	0.99927	 	0.0025	 	0.00158125	 	0.0235801	 	
205000	-1.99714	 	1595.45	 	0.99927	 	399.418	 	0.99927	 	0.005	 	0.00157987	 	0.0235613	 	
206000	-1.99714	 	1595.45	 	0.99927	 	399.418	 	0.99927	 	0	 	0.00157918	 	0.0235536	 	
207000	-1.99714	 	1595.45	 	0.99927	 	399.418	 	0.99927	 	0	 	0.00158013	 	0.0235747	 	
208000	-1.99714	 	1595.45	 	0.99927	 	399.418	 	0.99927	 	0	 	0.00157864	 	0.023554	 	
209000	-1.99714	 	1595.45	 	0.999271	 	399.418	 	0.999271	 	0	 	0.00157772	 	0.0235401	 	
210000	-1.99714	 	1595.45	 	0.999271	 	399.418	 	0.999271	 	0	 	0.00157725	 	0.0235382	 	
211000	-1.99714	 	1595.45	 	0.999271	 	399.418	 	0.999271	 	0.0025	 	0.00157792	 	0.0235461	 	
212000	-1.99714	 	1595.45	 	0.99927	 	399.418	 	0.99927	 	0.0025	 	0.00157951	 	0.0235682	 	
213000	-1.99714	 	1595.45	 	0.999271	 	399.418	 	0.999271	 	0	 	0.00157746	 	0.023542	 	
214000	-1.99714	 	1595.45	 	0.999271	 	399.419	 	0.999271	 	0	 	0.00157592	 	0.0235251	 	
215000	-1.99714	 	1595.46	 	0.999272	 	399.419	 	0.999272	 	0	 	0.00157484	 	0.0235097	 	
216000	-1.99714	 	1595.45	 	0.999271	 	399.419	 	0.999271	 	0	 	0.0015766	 	0.0235309	 	
217000	-1.99714	 	1595.45	 	0.999271	 	399.419	 	0.999271	 	0	 	0.00157725	 	0.0235413	 	
218000	-1.99714	 	1595.46	 	0.999272	 	399.419	 	0.999272	 	0	 	0.00157562	 	0.0235193	 	
219000	-1.99714	 	1595.46	 	0.999272	 	399.419	 	0.999272	 	0	 	0.00157566	 	0.0235222	 	
220000	-1.99714	 	1595.46	 	0.999272	 	399.419	 	0.999272	 	0	 	0.00157459	 	0.0235081	 	
221000	-1.99714	 	1595.46	 	0.999272	 	399.419	 	0.999272	 	0	 	0.00157435	 	0.0235076	 	
222000	-1.99714	 	1595.46	 	0.999272	 	399.419	 	0.999272	 	0.0025	 	0.00157364	 	0.0235027	 	
223000	-1.99715	 	1595.46	 	0.999272	 	399.42	 	0.999272	 	0	 	0.00157321	 	0.0234911	 	
224000	-1.99714	 	1595.46	 	0.999272	 	399.419	 	0.999272	 	0.0025	 	0.00157383	 	0.0235048	 	
225000	-1.99714	 	1595.46	 	0.999272	 	399.419	 	0.999272	 	0	 	0.00157368	 	0.0235035	 	
226000	-1.99714	 	1595.45	 	0.999271	 	399.419	 	0.999271	 	0	 	0.00157521	 	0.0235239	 	
227000	-1.99714	 	1595.45	 	0.999271	 	399.419	 	0.999271	 	0	 	0.00157469	 	0.0235183	 	
228000	-1.99714	 	1595.45	 	0.999271	 	399.419	 	0.999271	 	0	 	0.00157755	 	0.0235346	 	
229000	-1.99714	 	1595.45	 	0.999271	 	399.419	 	0.999271	 	0.005	 	0.00157872	 	0.0235517	 	
230000	-1.99714	 	1595.46	 	0.999272	 	399.419	 	0.999272	 	0.0025	 	0.00157716	 	0.0235329	 	
231000	-1.99715	 	1595.46	 	0.999272	 	399.419	 	0.999272	 	0	 	0.0015763	 	0.023522	 	
232000	-1.99715	 	1595.46	 	0.999272	 	399.42	 	0.999272	 	0	 	0.00157581	 	0.0235163	 	
233000	-1.99715	 	1595.46	 	0.999272	 	399.42	 	0.999272	 	0	 	0.00157625	 	0.0235254	 	
234000	-1.99714	 	1595.46	 	0.999272	 	399.419	 	0.999272	 	0	 	0.00157731	 	0.0235398	 	
235000	-1.99714	 	1595.46	 	0.999272	 	399.419	 	0.999272	 	0.005	 	0.00157739	 	0.0235441	 	
236000	-1.99714	 	1595.46	 	0.999272	 	399.419	 	0.999272	 	0.0075	 	0.00157633	 	0.0235288	 	
237000	-1.99714	 	1595.46	 	0.999272	 	399.419	 	0.999272	 	0	 	0.00157668	 	0.0235344	 	
238000	-1.99714	 	1595.45	 	0.999271	 	399.419	 	0.999271	 	0	 	0.00157851	 	0.0235566	 	
239000	-1.99714	 	1595.45	 	0.999271	 	399.419	 	0.999271	 	0	 	0.00157818	 	0.0235552	 	
240000	-1.99714	 	1595.45	 	0.999271	 	399.419	 	0.999271	 	0	 	0.0015789	 	0.023571	 	
241000	-1.99714	 	1595.45	 	0.999271	 	399.418	 	0.999271	 	0	 	0.00157948	 	0.0235778	 	
242000	-1.99714	 	1595.45	 	0.999271	 	399.419	 	0.999271	 	0	 	0.00157791	 	0.0235536	 	
243000	-1.99714	 	1595.45	 	0.999271	 	399.419	 	0.999271	 	0	 	0.00157798	 	0.0235534	 	
244000	-1.99714	 	1595.45	 	0.999271	 	399.419	 	0.999271	 	0	 	0.00157742	 	0.0235492	 	
245000	-1.99714	 	1595.45	 	0.999271	 	399.418	 	0.999271	 	0	 	0.00157812	 	0.0235569	 	
246000	-1.99714	 	1595.45	 	0.999271	 	399.418	 	0.999271	 	0	 	0.00157833	 	0.0235584	 	
247000	-1.99714	 	1595.45	 	0.999271	 	399.418	 	0.999271	 	0	 	0.00157814	 	0.0235505	 	
248000	-1.99714	 	1595.45	 	0.999271	 	399.418	 	0.999271	 	0	 	0.00157959	 	0.0235669	 	
249000	-1.99714	 	1595.45	 	0.999271	 	399.419	 	0.999271	 	0	 	0.00157859	 	0.0235528	 	
250000	-1.99714	 	1595.45	 	0.999271	 	399.419	 	0.999271	 	0	 	0.00157908	 	0.0235598	 	
251000	-1.99714	 	1595.45	 	0.999271	 	399.419	 	0.999271	 	0	 	0.00157913	 	0.0235497	 	
252000	-1.99714	 	1595.46	 	0.999271	 	399.419	 	0.999271	 	0	 	0.00157786	 	0.0235341	 	
253000	-1.99714	 	1595.46	 	0.999272	 	399.419	 	0.999272	 	0	 	0.00157659	 	0.0235164	 	
254000	-1.99715	 	1595.46	 	0.999272	 	399.419	 	0.999272	 	0	 	0.00157606	 	0.023508	 	
255000	-1.99715	 	1595.46	 	0.999272	 	399.42	 	0.999272	 	0	 	0.00157534	 	0.0234982	 	
256000	-1.99715	 	1595.46	 	0.999273	 	399.42	 	0.999273	 	0	 	0.00157373	 	0.023476	 	
257000	-1.99715	 	1595.46	 	0.999272	 	399.42	 	0.999272	 	0	 	0.00157423	 	0.0234858	 	
258000	-1.99715	 	1595.46	 	0.999273	 	399.42	 	0.999273	 	0	 	0.00157419	 	0.0234847	 	
259000	-1.99715	 	1595.46	 	0.999273	 	399.42	 	0.999273	 	0	 	0.00157342	 	0.0234791	 	
260000	-1.99715	 	1595.46	 	0.999273	 	399.42	 	0.999273	 	0	 	0.00157394	 	0.0234877	 	
261000	-1.99715	 	1595.46	 	0.999273	 	399.42	 	0.999273	 	0	 	0.00157455	 	0.0234919	 	
262000	-1.99715	 	1595.46	 	0.999273	 	399.42	 	0.999273	 	0	 	0.00157476	 	0.0234959	 	
263000	-1.99715	 	1595.46	 	0.999273	 	399.42	 	0.999273	 	0.005	 	0.00157486	 	0.0234972	 	
264000	-1.99715	 	1595.46	 	0.999272	 	399.42	 	0.999272	 	0	 	0.00157597	 	0.0235105	 	
265000	-1.99715	 	1595.46	 	0.999273	 	399.42	 	0.999273	 	0.005	 	0.00157515	 	0.0235017	 	
266000	-1.99715	 	1595.46	 	0.999272	 	399.42	 	0.999272	 	0.0025	 	0.00157542	 	0.0235087	 	
267000	-1.99714	 	1595.46	 	0.999272	 	399.419	 	0.999272	 	0	 	0.00157724	 	0.0235392	 	
268000	-1.99714	 	1595.46	 	0.999272	 	399.419	 	0.999272	 	0	 	0.00157795	 	0.0235462	 	
269000	-1.99715	 	1595.46	 	0.999272	 	399.42	 	0.999272	 	0	 	0.00157657	 	0.0235295	 	
270000	-1.99714	 	1595.45	 	0.999271	 	399.419	 	0.999271	 	0	 	0.00157907	 	0.023563	 	
271000	-1.99714	 	1595.46	 	0.999272	 	399.419	 	0.999272	 	0	 	0.00157724	 	0.0235391	 	
272000	-1.99714	 	1595.46	 	0.999272	 	399.419	 	0.999272	 	0.0025	 	0.00157679	 	0.0235342	 	
273000	-1.99715	 	1595.46	 	0.999272	 	399.42	 	0.999272	 	0.0025	 	0.00157708	 	0.0235333	 	
274000	-1.99715	 	1595.46	 	0.999273	 	399.42	 	0.999273	 	0	 	0.00157621	 	0.0235211	 	
275000	-1.99714	 	1595.46	 	0.999272	 	399.419	 	0.999272	 	0.005	 	0.0015783	 	0.0235465	 	
276000	-1.99715	 	1595.46	 	0.999273	 	399.42	 	0.999273	 	0	 	0.00157648	 	0.0235209	 	
277000	-1.99715	 	1595.46	 	0.999272	 	399.42	 	0.999272	 	0	 	0.00157691	 	0.023524	 	
278000	-1.99715	 	1595.46	 	0.999273	 	399.42	 	0.999273	 	0	 	0.00157682	 	0.023525	 	
279000	-1.99715	 	1595.46	 	0.999273	 	399.42	 	0.999273	 	0	 	0.00157637	 	0.023523	 	
280000	-1.99715	 	1595.46	 	0.999272	 	399.42	 	0.999272	 	0	 	0.00157685	 	0.0235306	 	
281000	-1.99714	 	1595.46	 	0.999272	 	399.419	 	0.999272	 	0	 	0.00157762	 	0.0235428	 	
282000	-1.99714	 	1595.46	 	0.999272	 	399.419	 	0.999272	 	0	 	0.0015783	 	0.0235516	 	
283000	-1.99714	 	1595.45	 	0.999271	 	399.419	 	0.999271	 	0	 	0.00157906	 	0.0235657	 	
284000	-1.99714	 	1595.45	 	0.999272	 	399.419	 	0.999272	 	0	 	0.00157878	 	0.0235627	 	
285000	-1.99714	 	1595.46	 	0.999272	 	399.419	 	0.999272	 	0	 	0.00157788	 	0.0235485	 	
286000	-1.99714	 	1595.46	 	0.999272	 	399.419	 	0.999272	 	0	 	0.0015777	 	0.0235507	 	
287000	-1.99714	 	1595.46	 	0.999272	 	399.419	 	0.999272	 	0	 	0.0015772	 	0.0235415	 	
288000	-1.99714	 	1595.46	 	0.999272	 	399.419	 	0.999272	 	0	 	0.00157765	 	0.0235481	 	
289000	-1.99714	 	1595.46	 	0.999272	 	399.419	 	0.999272	 	0	 	0.00157718	 	0.0235382	 	
290000	-1.99714	 	1595.46	 	0.999272	 	399.419	 	0.999272	 	0	 	0.00157784	 	0.0235524	 	
291000	-1.99714	 	1595.45	 	0.999271	 	399.419	 	0.999271	 	0.005	 	0.00157815	 	0.0235588	 	
292000	-1.99714	 	1595.46	 	0.999272	 	399.419	 	0.999272	 	0.0025	 	0.00157787	 	0.0235557	 	
293000	-1.99714	 	1595.45	 	0.999271	 	399.419	 	0.999271	 	0	 	0.00157876	 	0.0235671	 	
294000	-1.99714	 	1595.45	 	0.999271	 	399.419	 	0.999271	 	0	 	0.00157921	 	0.0235688	 	
295000	-1.99714	 	1595.45	 	0.999271	 	399.419	 	0.999271	 	0	 	0.00157952	 	0.0235759	 	
296000	-1.99714	 	1595.45	 	0.999271	 	399.419	 	0.999271	 	0	 	0.00157939	 	0.0235735	 	
297000	-1.99714	 	1595.46	 	0.999272	 	399.419	 	0.999272	 	0	 	0.00157785	 	0.0235509	 	
298000	-1.99714	 	1595.46	 	0.999272	 	399.419	 	0.999272	 	0	 	0.00157787	 	0.0235544	 	
299000	-1.99714	 	1595.45	 	0.999271	 	399.418	 	0.999271	 	0	 	0.00157994	 	0.0235877	 	
300000	-1.99714	 	1595.45	 	0.999271	 	399.418	 	0.999271	 	0	 	0.00157951	 	0.0235814	 	
301000	-1.99714	 	1595.45	 	0.999271	 	399.419	 	0.999271	 	0	 	0.00157847	 	0.0235685	 	
302000	-1.99714	 	1595.45	 	0.999271	 	399.419	 	0.999271	 	0	 	0.00157805	 	0.0235584	 	
303000	-1.99714	 	1595.45	 	0.999271	 	399.419	 	0.999271	 	0	 	0.00157901	 	0.0235649	 	
304000	-1.99714	 	1595.45	 	0.999271	 	399.419	 	0.999271	 	0	 	0.00157848	 	0.0235589	 	
305000	-1.99714	 	1595.45	 	0.999271	 	399.419	 	0.999271	 	0	 	0.00157964	 	0.0235733	 	
306000	-1.99714	 	1595.45	 	0.999271	 	399.418	 	0.999271	 	0	 	0.00158067	 	0.0235769	 	
307000	-1.99714	 	1595.45	 	0.999271	 	399.419	 	0.999271	 	0	 	0.0015804	 	0.0235726	 	
308000	-1.99714	 	1595.45	 	0.999271	 	399.419	 	0.999271	 	0	 	0.0015807	 	0.0235796	 	
309000	-1.99714	 	1595.45	 	0.999271	 	399.419	 	0.999271	 	0	 	0.00158019	 	0.0235753	 	
310000	-1.99714	 	1595.45	 	0.999271	 	399.419	 	0.999271	 	0	 	0.0015799	 	0.0235753	 	
311000	-1.99714	 	1595.45	 	0.999271	 	399.419	 	0.999271	 	0	 	0.00157991	 	0.0235702	 	
312000	-1.99714	 	1595.46	 	0.999272	 	399.419	 	0.999272	 	0	 	0.00157855	 	0.0235539	 	
313000	-1.99714	 	1595.45	 	0.999271	 	399.419	 	0.999271	 	0	 	0.00157998	 	0.0235724	 	
314000	-1.99714	 	1595.45	 	0.999271	 	399.419	 	0.999271	 	0.0025	 	0.00158084	 	0.0235854	 	
315000	-1.99714	 	1595.45	 	0.999271	 	399.418	 	0.999271	 	0	 	0.00158132	 	0.0235921	 	
316000	-1.99714	 	1595.45	 	0.999271	 	399.418	 	0.999271	 	0.0025	 	0.00158127	 	0.0235885	 	
317000	-1.99714	 	1595.45	 	0.999271	 	399.418	 	0.999271	 	0	 	0.00158107	 	0.0235818	 	
318000	-1.99714	 	1595.45	 	0.999271	 	399.418	 	0.999271	 	0	 	0.00158127	 	0.023588	 	
319000	-1.99714	 	1595.45	 	0.999271	 	399.418	 	0.999271	 	0	 	0.0015805	 	0.0235794	 	
320000	-1.99714	 	1595.45	 	0.999271	 	399.419	 	0.999271	 	0	 	0.00157985	 	0.0235687	 	
321000	-1.99714	 	1595.45	 	0.999271	 	399.419	 	0.999271	 	0.0025	 	0.00157959	 	0.0235683	 	
322000	-1.99714	 	1595.45	 	0.999271	 	399.419	 	0.999271	 	0.005	 	0.00158038	 	0.023577	 	
323000	-1.99714	 	1595.45	 	0.999271	 	399.419	 	0.999271	 	0	 	0.00158102	 	0.0235874	 	
324000	-1.99714	 	1595.46	 	0.999272	 	399.419	 	0.999272	 	0	 	0.0015794	 	0.023565	 	
325000	-1.99714	 	1595.45	 	0.999271	 	399.419	 	0.999271	 	0	 	0.00158004	 	0.0235745	 	
326000	-1.99714	 	1595.45	 	0.999271	 	399.419	 	0.999271	 	0.0025	 	0.00157938	 	0.0235677	 	
327000	-1.99714	 	1595.46	 	0.999272	 	399.419	 	0.999272	 	0.0025	 	0.00157848	 	0.0235545	 	
328000	-1.99714	 	1595.45	 	0.999271	 	399.419	 	0.999271	 	0	 	0.00157911	 	0.023561	 	
329000	-1.99714	 	1595.46	 	0.999272	 	399.419	 	0.999272	 	0	 	0.00157848	 	0.0235529	 	
330000	-1.99714	 	1595.46	 	0.999272	 	399.419	 	0.999272	 	0	 	0.00157747	 	0.0235411	 	
331000	-1.99715	 	1595.46	 	0.999272	 	399.42	 	0.999272	 	0	 	0.00157689	 	0.0235321	 	
332000	-1.99715	 	1595.46	 	0.999273	 	399.42	 	0.999273	 	0	 	0.00157655	 	0.0235262	 	
333000	-1.99715	 	1595.46	 	0.999273	 	399.42	 	0.999273	 	0	 	0.00157592	 	0.0235182	 	
334000	-1.99715	 	1595.47	 	0.999273	 	399.421	 	0.999273	 	0	 	0.00157459	 	0.0234981	 	
335000	-1.99715	 	1595.47	 	0.999273	 	399.42	 	0.999273	 	0	 	0.00157454	 	0.0234979	 	
336000	-1.99715	 	1595.47	 	0.999273	 	399.421	 	0.999273	 	0	 	0.00157536	 	0.0235035	 	
337000	-1.99715	 	1595.47	 	0.999273	 	399.42	 	0.999273	 	0	 	0.00157609	 	0.0235126	 	
338000	-1.99715	 	1595.47	 	0.999274	 	399.421	 	0.999274	 	0	 	0.00157487	 	0.0234965	 	
339000	-1.99715	 	1595.47	 	0.999274	 	399.421	 	0.999274	 	0.0025	 	0.00157501	 	0.0234923	 	
340000	-1.99715	 	1595.47	 	0.999274	 	399.421	 	0.999274	 	0	 	0.00157446	 	0.023484	 	
341000	-1.99715	 	1595.47	 	0.999274	 	399.421	 	0.999274	 	0	 	0.00157396	 	0.0234783	 	
342000	-1.99715	 	1595.47	 	0.999274	 	399.421	 	0.999274	 	0	 	0.00157386	 	0.0234794	 	
343000	-1.99715	 	1595.47	 	0.999275	 	399.421	 	0.999275	 	0	 	0.00157369	 	0.0234726	 	
344000	-1.99715	 	1595.47	 	0.999274	 	399.421	 	0.999274	 	0	 	0.00157434	 	0.0234813	 	
345000	-1.99715	 	1595.47	 	0.999274	 	399.421	 	0.999274	 	0.005	 	0.00157448	 	0.023484	 	
346000	-1.99715	 	1595.47	 	0.999274	 	399.421	 	0.999274	 	0	 	0.00157466	 	0.0234809	 	
347000	-1.99715	 	1595.47	 	0.999274	 	399.421	 	0.999274	 	0.0025	 	0.00157512	 	0.0234864	 	
348000	-1.99715	 	1595.47	 	0.999274	 	399.421	 	0.999274	 	0	 	0.00157532	 	0.0234875	 	
349000	-1.99715	 	1595.47	 	0.999274	 	399.421	 	0.999274	 	0	 	0.00157574	 	0.0234935	 	
350000	-1.99715	 	1595.47	 	0.999274	 	399.421	 	0.999274	 	0	 	0.00157505	 	0.0234866	 	
351000	-1.99716	 	1595.48	 	0.999275	 	399.422	 	0.999275	 	0	 	0.00157372	 	0.0234695	 	
352000	-1.99716	 	1595.48	 	0.999275	 	399.422	 	0.999275	 	0	 	0.00157307	 	0.0234617	 	
353000	-1.99716	 	1595.48	 	0.999275	 	399.422	 	0.999275	 	0	 	0.00157312	 	0.02346	 	
354000	-1.99716	 	1595.48	 	0.999275	 	399.422	 	0.999275	 	0	 	0.0015733	 	0.0234622	 	
355000	-1.99716	 	1595.48	 	0.999275	 	399.422	 	0.999275	 	0	 	0.00157276	 	0.0234557	 	
356000	-1.99716	 	1595.48	 	0.999275	 	399.422	 	0.999275	 	0	 	0.00157288	 	0.0234584	 	
357000	-1.99716	 	1595.48	 	0.999275	 	399.422	 	0.999275	 	0.0025	 	0.0015724	 	0.0234504	 	
358000	-1.99716	 	1595.48	 	0.999275	 	399.422	 	0.999275	 	0	 	0.00157245	 	0.023451	 	
359000	-1.99716	 	1595.48	 	0.999275	 	399.422	 	0.999275	 	0	 	0.00157198	 	0.0234483	 	
360000	-1.99716	 	1595.48	 	0.999276	 	399.422	 	0.999276	 	0	 	0.00157141	 	0.0234409	 	
361000	-1.99716	 	1595.48	 	0.999276	 	399.422	 	0.999276	 	0	 	0.00157104	 	0.0234361	 	
362000	-1.99716	 	1595.48	 	0.999276	 	399.422	 	0.999276	 	0	 	0.00157146	 	0.0234435	 	
363000	-1.99716	 	1595.48	 	0.999276	 	399.422	 	0.999276	 	0	 	0.0015714	 	0.0234413	 	
364000	-1.99716	 	1595.48	 	0.999276	 	399.422	 	0.999276	 	0.005	 	0.00157089	 	0.0234368	 	
365000	-1.99716	 	1595.48	 	0.999276	 	399.423	 	0.999276	 	0	 	0.00157067	 	0.0234333	 	
366000	-1.99716	 	1595.48	 	0.999276	 	399.423	 	0.999276	 	0	 	0.00157038	 	0.0234306	 	
367000	-1.99716	 	1595.48	 	0.999276	 	399.422	 	0.999276	 	0	 	0.00157072	 	0.0234365	 	
368000	-1.99716	 	1595.48	 	0.999276	 	399.423	 	0.999276	 	0	 	0.00157005	 	0.0234289	 	
369000	-1.99716	 	1595.48	 	0.999276	 	399.423	 	0.999276	 	0	 	0.00156945	 	0.0234224	 	
370000	-1.99716	 	1595.48	 	0.999276	 	399.423	 	0.999276	 	0	 	0.00156948	 	0.0234201	 	
371000	-1.99716	 	1595.48	 	0.999276	 	399.423	 	0.999276	 	0	 	0.00157005	 	0.023427	 	
372000	-1.99716	 	1595.48	 	0.999276	 	399.423	 	0.999276	 	0	 	0.00157034	 	0.0234306	 	
373000	-1.99716	 	1595.48	 	0.999276	 	399.423	 	0.999276	 	0.005	 	0.00157124	 	0.0234327	 	
374000	-1.99716	 	1595.49	 	0.999276	 	399.423	 	0.999276	 	0	 	0.0015704	 	0.0234204	 	
375000	-1.99716	 	1595.49	 	0.999277	 	399.423	 	0.999277	 	0	 	0.00157001	 	0.0234147	 	
376000	-1.99716	 	1595.49	 	0.999277	 	399.423	 	0.999277	 	0.0025	 	0.00157006	 	0.0234165	 	
377000	-1.99716	 	1595.49	 	0.999276	 	399.423	 	0.999276	 	0.005	 	0.0015698	 	0.0234148	 	
378000	-1.99716	 	1595.49	 	0.999276	 	399.423	 	0.999276	 	0	 	0.00156966	 	0.023414	 	
379000	-1.99716	 	1595.49	 	0.999277	 	399.423	 	0.999277	 	0	 	0.00156841	 	0.0233964	 	
380000	-1.99716	 	1595.49	 	0.999277	 	399.423	 	0.999277	 	0.0025	 	0.00156913	 	0.0234096	 	
381000	-1.99716	 	1595.49	 	0.999277	 	399.423	 	0.999277	 	0	 	0.00156871	 	0.0234066	 	
382000	-1.99716	 	1595.49	 	0.999277	 	399.423	 	0.999277	 	0	 	0.00156853	 	0.0234042	 	
383000	-1.99717	 	1595.49	 	0.999277	 	399.424	 	0.999277	 	0	 	0.00156794	 	0.0233965	 	
384000	-1.99717	 	1595.49	 	0.999277	 	399.424	 	0.999277	 	0	 	0.00156762	 	0.023393	 	
385000	-1.99717	 	1595.49	 	0.999278	 	399.424	 	0.999278	 	0	 	0.00156652	 	0.023377	 	
386000	-1.99717	 	1595.49	 	0.999278	 	399.424	 	0.999278	 	0	 	0.00156692	 	0.0233798	 	
387000	-1.99717	 	1595.5	 	0.999278	 	399.424	 	0.999278	 	0.0025	 	0.00156679	 	0.0233713	 	
388000	-1.99717	 	1595.5	 	0.999278	 	399.424	 	0.999278	 	0	 	0.00156698	 	0.0233727	 	
389000	-1.99717	 	1595.49	 	0.999278	 	399.424	 	0.999278	 	0	 	0.00156789	 	0.0233862	 	
390000	-1.99717	 	1595.49	 	0.999278	 	399.424	 	0.999278	 	0	 	0.00156736	 	0.023378	 	
391000	-1.99717	 	1595.49	 	0.999277	 	399.424	 	0.999277	 	0	 	0.00156791	 	0.0233898	 	
392000	-1.99717	 	1595.49	 	0.999278	 	399.424	 	0.999278	 	0	 	0.00156792	 	0.0233882	 	
393000	-1.99717	 	1595.5	 	0.999278	 	399.424	 	0.999278	 	0	 	0.00156752	 	0.0233803	 	
394000	-1.99717	 	1595.5	 	0.999278	 	399.424	 	0.999278	 	0	 	0.00156684	 	0.0233737	 	
395000	-1.99717	 	1595.5	 	0.999278	 	399.424	 	0.999278	 	0.0075	 	0.00156692	 	0.0233763	 	
396000	-1.99717	 	1595.5	 	0.999278	 	399.424	 	0.999278	 	0	 	0.00156663	 	0.0233746	 	
397000	-1.99717	 	1595.5	 	0.999278	 	399.424	 	0.999278	 	0	 	0.00156586	 	0.0233635	 	
398000	-1.99717	 	1595.5	 	0.999278	 	399.424	 	0.999278	 	0.0025	 	0.00156596	 	0.023363	 	
399000	-1.99717	 	1595.5	 	0.999278	 	399.424	 	0.999278	 	0	 	0.00156591	 	0.023364	 	
400000	-1.99717	 	1595.5	 	0.999278	 	399.424	 	0.999278	 	0	 	0.00156597	 	0.0233635	 	
401000	-1.99717	 	1595.5	 	0.999278	 	399.424	 	0.999278	 	0.005	 	0.00156592	 	0.0233648	 	
402000	-1.99717	 	1595.5	 	0.999278	 	399.424	 	0.999278	 	0	 	0.00156594	 	0.0233657	 	
403000	-1.99717	 	1595.5	 	0.999278	 	399.424	 	0.999278	 	0	 	0.00156589	 	0.0233606	 	
404000	-1.99717	 	1595.5	 	0.999278	 	399.424	 	0.999278	 	0	 	0.0015665	 	0.0233673	 	
405000	-1.99717	 	1595.5	 	0.999278	 	399.424	 	0.999278	 	0	 	0.00156599	 	0.02336	 	
406000	-1.99717	 	1595.5	 	0.999278	 	399.424	 	0.999278	 	0.005	 	0.00156601	 	0.0233611	 	
407000	-1.99717	 	1595.5	 	0.999279	 	399.425	 	0.999279	 	0	 	0.00156497	 	0.0233453	 	
408000	-1.99717	 	1595.5	 	0.999278	 	399.424	 	0.999278	 	0	 	0.00156575	 	0.0233564	 	
409000	-1.99717	 	1595.5	 	0.999278	 	399.424	 	0.999278	 	0.005	 	0.00156557	 	0.0233541	 	
410000	-1.99717	 	1595.5	 	0.999279	 	399.425	 	0.999279	 	0.0025	 	0.00156483	 	0.0233445	 	
411000	-1.99717	 	1595.5	 	0.999278	 	399.425	 	0.999278	 	0	 	0.00156506	 	0.0233498	 	
412000	-1.99717	 	1595.5	 	0.999278	 	399.425	 	0.999278	 	0.0075	 	0.00156483	 	0.0233447	 	
413000	-1.99717	 	1595.5	 	0.999279	 	399.425	 	0.999279	 	0	 	0.00156499	 	0.0233442	 	
414000	-1.99717	 	1595.5	 	0.999278	 	399.425	 	0.999278	 	0	 	0.00156524	 	0.0233501	 	
415000	-1.99717	 	1595.5	 	0.999279	 	399.425	 	0.999279	 	0	 	0.00156484	 	0.0233459	 	
416000	-1.99717	 	1595.5	 	0.999278	 	399.424	 	0.999278	 	0	 	0.0015655	 	0.0233553	 	
417000	-1.99717	 	1595.5	 	0.999278	 	399.424	 	0.999278	 	0	 	0.00156664	 	0.0233703	 	
418000	-1.99717	 	1595.49	 	0.999277	 	399.424	 	0.999277	 	0	 	0.00156899	 	0.0233983	 	
419000	-1.99717	 	1595.49	 	0.999277	 	399.423	 	0.999277	 	0.0025	 	0.00156924	 	0.0234038	 	
420000	-1.99717	 	1595.49	 	0.999277	 	399.424	 	0.999277	 	0	 	0.001569	 	0.0234016	 	
421000	-1.99717	 	1595.49	 	0.999277	 	399.424	 	0.999277	 	0	 	0.00156903	 	0.0234049	 	
422000	-1.99716	 	1595.49	 	0.999277	 	399.423	 	0.999277	 	0.0025	 	0.00157012	 	0.0234173	 	
423000	-1.99716	 	1595.49	 	0.999276	 	399.423	 	0.999276	 	0	 	0.00157078	 	0.0234283	 	
424000	-1.99716	 	1595.49	 	0.999277	 	399.423	 	0.999277	 	0.0025	 	0.00157102	 	0.0234284	 	
425000	-1.99716	 	1595.49	 	0.999276	 	399.423	 	0.999276	 	0	 	0.00157151	 	0.023437	 	
426000	-1.99716	 	1595.49	 	0.999276	 	399.423	 	0.999276	 	0	 	0.00157106	 	0.0234307	 	
427000	-1.99716	 	1595.49	 	0.999276	 	399.423	 	0.999276	 	0	 	0.00157175	 	0.0234358	 	
428000	-1.99716	 	1595.49	 	0.999276	 	399.423	 	0.999276	 	0	 	0.00157143	 	0.0234327	 	
429000	-1.99716	 	1595.49	 	0.999277	 	399.423	 	0.999277	 	0	 	0.00157047	 	0.02342	 	
430000	-1.99716	 	1595.49	 	0.999277	 	399.423	 	0.999277	 	0	 	0.0015702	 	0.0234157	 	
431000	-1.99716	 	1595.49	 	0.999277	 	399.423	 	0.999277	 	0	 	0.00156956	 	0.023407	 	
432000	-1.99716	 	1595.49	 	0.999277	 	399.423	 	0.999277	 	0	 	0.00156996	 	0.0234156	 	
433000	-1.99716	 	1595.49	 	0.999277	 	399.423	 	0.999277	 	0	 	0.00157	 	0.0234144	 	
434000	-1.99717	 	1595.49	 	0.999277	 	399.424	 	0.999277	 	0.0025	 	0.00156897	 	0.0233999	 	
435000	-1.99717	 	1595.49	 	0.999277	 	399.424	 	0.999277	 	0	 	0.00156908	 	0.0233998	 	
436000	-1.99717	 	1595.5	 	0.999278	 	399.424	 	0.999278	 	0.0025	 	0.00156827	 	0.0233883	 	
437000	-1.99717	 	1595.5	 	0.999278	 	399.424	 	0.999278	 	0	 	0.00156789	 	0.0233843	 	
438000	-1.99717	 	1595.5	 	0.999278	 	399.424	 	0.999278	 	0	 	0.00156839	 	0.0233903	 	
439000	-1.99717	 	1595.5	 	0.999278	 	399.424	 	0.999278	 	0.0075	 	0.00156855	 	0.0233923	 	
440000	-1.99717	 	1595.5	 	0.999279	 	399.425	 	0.999279	 	0	 	0.00156707	 	0.0233717	 	
441000	-1.99717	 	1595.5	 	0.999279	 	399.425	 	0.999279	 	0	 	0.00156676	 	0.023367	 	
442000	-1.99717	 	1595.5	 	0.999279	 	399.425	 	0.999279	 	0	 	0.00156708	 	0.0233714	 	
443000	-1.99717	 	1595.5	 	0.999279	 	399.425	 	0.999279	 	0	 	0.00156752	 	0.0233761	 	
444000	-1.99717	 	1595.5	 	0.999279	 	399.425	 	0.999279	 	0	 	0.00156689	 	0.023368	 	
445000	-1.99717	 	1595.5	 	0.999279	 	399.425	 	0.999279	 	0	 	0.00156623	 	0.0233601	 	
446000	-1.99717	 	1595.5	 	0.999279	 	399.425	 	0.999279	 	0.0025	 	0.00156531	 	0.0233475	 	
447000	-1.99717	 	1595.5	 	0.999279	 	399.425	 	0.999279	 	0.0025	 	0.00156591	 	0.023358	 	
448000	-1.99717	 	1595.5	 	0.999279	 	399.425	 	0.999279	 	0	 	0.00156539	 	0.02335	 	
449000	-1.99717	 	1595.5	 	0.999279	 	399.425	 	0.999279	 	0	 	0.00156571	 	0.0233551	 	
450000	-1.99717	 	1595.5	 	0.999279	 	399.425	 	0.999279	 	0	 	0.00156536	 	0.02335	 	
451000	-1.99717	 	1595.5	 	0.999279	 	399.425	 	0.999279	 	0	 	0.00156546	 	0.0233507	 	
452000	-1.99717	 	1595.5	 	0.999279	 	399.425	 	0.999279	 	0	 	0.00156541	 	0.0233509	 	
453000	-1.99717	 	1595.51	 	0.999279	 	399.425	 	0.999279	 	0	 	0.00156477	 	0.0233432	 	
454000	-1.99717	 	1595.51	 	0.99928	 	399.425	 	0.99928	 	0	 	0.00156477	 	0.0233383	 	
455000	-1.99718	 	1595.51	 	0.99928	 	399.425	 	0.99928	 	0.0075	 	0.00156487	 	0.0233358	 	
456000	-1.99717	 	1595.51	 	0.99928	 	399.425	 	0.99928	 	0	 	0.0015648	 	0.0233367	 	
457000	-1.99717	 	1595.51	 	0.99928	 	399.425	 	0.99928	 	0	 	0.0015651	 	0.023342	 	
458000	-1.99717	 	1595.51	 	0.999279	 	399.425	 	0.999279	 	0	 	0.00156541	 	0.0233479	 	
459000	-1.99717	 	1595.5	 	0.999279	 	399.425	 	0.999279	 	0	 	0.00156557	 	0.0233505	 	
460000	-1.99717	 	1595.5	 	0.999279	 	399.425	 	0.999279	 	0	 	0.00156566	 	0.0233531	 	
461000	-1.99718	 	1595.51	 	0.99928	 	399.425	 	0.99928	 	0	 	0.00156524	 	0.0233428	 	
462000	-1.99718	 	1595.51	 	0.99928	 	399.426	 	0.99928	 	0	 	0.00156415	 	0.0233279	 	
463000	-1.99718	 	1595.51	 	0.99928	 	399.426	 	0.99928	 	0	 	0.0015647	 	0.0233374	 	
464000	-1.99717	 	1595.51	 	0.999279	 	399.425	 	0.999279	 	0.0025	 	0.00156552	 	0.0233493	 	
465000	-1.99718	 	1595.51	 	0.99928	 	399.426	 	0.99928	 	0	 	0.00156505	 	0.0233434	 	
466000	-1.99718	 	1595.51	 	0.99928	 	399.426	 	0.99928	 	0.0025	 	0.00156485	 	0.0233421	 	
467000	-1.99718	 	1595.51	 	0.99928	 	399.426	 	0.99928	 	0	 	0.00156447	 	0.0233375	 	
468000	-1.99718	 	1595.51	 	0.99928	 	399.426	 	0.99928	 	0	 	0.0015645	 	0.0233373	 	
469000	-1.99718	 	1595.51	 	0.99928	 	399.426	 	0.99928	 	0	 	0.00156391	 	0.0233309	 	
470000	-1.99718	 	1595.51	 	0.99928	 	399.426	 	0.99928	 	0	 	0.0015638	 	0.02333	 	
471000	-1.99718	 	1595.51	 	0.99928	 	399.426	 	0.99928	 	0	 	0.0015641	 	0.0233344	 	
472000	-1.99717	 	1595.51	 	0.99928	 	399.425	 	0.99928	 	0	 	0.00156485	 	0.023346	 	
473000	-1.99717	 	1595.5	 	0.999279	 	399.425	 	0.999279	 	0	 	0.00156627	 	0.0233639	 	
474000	-1.99717	 	1595.5	 	0.999279	 	399.425	 	0.999279	 	0	 	0.00156658	 	0.0233704	 	
475000	-1.99717	 	1595.5	 	0.999279	 	399.425	 	0.999279	 	0.0025	 	0.00156682	 	0.0233745	 	
476000	-1.99717	 	1595.5	 	0.999279	 	399.425	 	0.999279	 	0	 	0.00156647	 	0.0233706	 	
477000	-1.99717	 	1595.5	 	0.999279	 	399.425	 	0.999279	 	0	 	0.00156681	 	0.0233742	 	
478000	-1.99717	 	1595.5	 	0.999278	 	399.425	 	0.999278	 	0	 	0.00156723	 	0.02338	 	
479000	-1.99717	 	1595.5	 	0.999278	 	399.425	 	0.999278	 	0	 	0.0015671	 	0.0233774	 	
480000	-1.99717	 	1595.5	 	0.999279	 	399.425	 	0.999279	 	0	 	0.00156629	 	0.0233668	 	
481000	-1.99717	 	1595.5	 	0.999279	 	399.425	 	0.999279	 	0	 	0.00156576	 	0.02336	 	
482000	-1.99717	 	1595.5	 	0.999279	 	399.425	 	0.999279	 	0	 	0.00156605	 	0.0233649	 	
483000	-1.99717	 	1595.5	 	0.999279	 	399.425	 	0.999279	 	0	 	0.00156544	 	0.023357	 	
484000	-1.99717	 	1595.5	 	0.999279	 	399.425	 	0.999279	 	0	 	0.00156515	 	0.0233553	 	
485000	-1.99717	 	1595.5	 	0.999279	 	399.425	 	0.999279	 	0	 	0.0015646	 	0.0233485	 	
486000	-1.99717	 	1595.5	 	0.999279	 	399.425	 	0.999279	 	0	 	0.00156442	 	0.0233458	 	
487000	-1.99717	 	1595.5	 	0.999279	 	399.425	 	0.999279	 	0.0025	 	0.00156515	 	0.0233552	 	
488000	-1.99717	 	1595.5	 	0.999279	 	399.425	 	0.999279	 	0.005	 	0.0015647	 	0.0233488	 	
489000	-1.99717	 	1595.5	 	0.999279	 	399.425	 	0.999279	 	0	 	0.00156449	 	0.0233459	 	
490000	-1.99717	 	1595.5	 	0.999279	 	399.425	 	0.999279	 	0	 	0.0015644	 	0.0233454	 	
491000	-1.99717	 	1595.5	 	0.999279	 	399.425	 	0.999279	 	0	 	0.00156428	 	0.0233448	 	
492000	-1.99717	 	1595.5	 	0.999279	 	399.425	 	0.999279	 	0	 	0.00156375	 	0.0233372	 	
493000	-1.99717	 	1595.5	 	0.999279	 	399.425	 	0.999279	 	0.0025	 	0.0015641	 	0.0233425	 	
494000	-1.99717	 	1595.5	 	0.999279	 	399.425	 	0.999279	 	0	 	0.00156427	 	0.0233439	 	
495000	-1.99717	 	1595.5	 	0.999279	 	399.425	 	0.999279	 	0	 	0.00156385	 	0.0233387	 	
496000	-1.99717	 	1595.5	 	0.999279	 	399.425	 	0.999279	 	0.0025	 	0.00156365	 	0.0233369	 	
497000	-1.99717	 	1595.5	 	0.999279	 	399.425	 	0.999279	 	0	 	0.00156331	 	0.0233315	 	
498000	-1.99717	 	1595.5	 	0.999279	 	399.425	 	0.999279	 	0	 	0.00156379	 	0.0233367	 	
499000	-1.99717	 	1595.5	 	0.999279	 	399.425	 	0.999279	 	0.005	 	0.00156382	 	0.0233375	 	
500000	-1.99717	 	1595.5	 	0.999279	 	399.425	 	0.999279	 	0	 	0.0015638	 	0.0233377	 	
501000	-1.99717	 	1595.5	 	0.999279	 	399.425	 	0.999279	 	0.0025	 	0.00156369	 	0.0233383	 	
502000	-1.99717	 	1595.5	 	0.999279	 	399.425	 	0.999279	 	0	 	0.00156474	 	0.0233551	 	
503000	-1.99717	 	1595.5	 	0.999278	 	399.425	 	0.999278	 	0	 	0.00156589	 	0.023367	 	
504000	-1.99717	 	1595.5	 	0.999279	 	399.425	 	0.999279	 	0.0025	 	0.00156569	 	0.0233615	 	
505000	-1.99717	 	1595.5	 	0.999278	 	399.425	 	0.999278	 	0	 	0.00156557	 	0.0233599	 	
506000	-1.99717	 	1595.5	 	0.999279	 	399.425	 	0.999279	 	0	 	0.00156521	 	0.0233558	 	
507000	-1.99717	 	1595.5	 	0.999279	 	399.425	 	0.999279	 	0	 	0.00156492	 	0.0233536	 	
508000	-1.99717	 	1595.5	 	0.999278	 	399.425	 	0.999278	 	0	 	0.00156472	 	0.0233526	 	
509000	-1.99717	 	1595.5	 	0.999278	 	399.425	 	0.999278	 	0	 	0.00156471	 	0.0233522	 	
510000	-1.99717	 	1595.5	 	0.999279	 	399.425	 	0.999279	 	0	 	0.00156431	 	0.0233464	 	
511000	-1.99717	 	1595.5	 	0.999279	 	399.425	 	0.999279	 	0	 	0.0015643	 	0.0233468	 	
512000	-1.99717	 	1595.5	 	0.999279	 	399.425	 	0.999279	 	0.0025	 	0.00156409	 	0.0233436	 	
513000	-1.99717	 	1595.5	 	0.999279	 	399.425	 	0.999279	 	0.0025	 	0.00156407	 	0.0233446	 	
514000	-1.99717	 	1595.5	 	0.999279	 	399.425	 	0.999279	 	0.005	 	0.00156355	 	0.0233365	 	
515000	-1.99717	 	1595.5	 	0.999279	 	399.425	 	0.999279	 	0	 	0.00156254	 	0.0233234	 	
516000	-1.99717	 	1595.5	 	0.999279	 	399.425	 	0.999279	 	0	 	0.00156223	 	0.0233182	 	
517000	-1.99717	 	1595.5	 	0.999279	 	399.425	 	0.999279	 	0	 	0.00156281	 	0.0233249	 	
518000	-1.99717	 	1595.5	 	0.999279	 	399.425	 	0.999279	 	0	 	0.00156326	 	0.023332	 	
519000	-1.99717	 	1595.5	 	0.999279	 	399.425	 	0.999279	 	0	 	0.00156344	 	0.0233345	 	
520000	-1.99717	 	1595.5	 	0.999279	 	399.425	 	0.999279	 	0	 	0.00156261	 	0.0233226	 	
521000	-1.99717	 	1595.5	 	0.999279	 	399.425	 	0.999279	 	0	 	0.00156283	 	0.0233267	 	
522000	-1.99717	 	1595.5	 	0.999279	 	399.425	 	0.999279	 	0	 	0.00156349	 	0.0233366	 	
523000	-1.99717	 	1595.5	 	0.999279	 	399.425	 	0.999279	 	0.0025	 	0.00156337	 	0.0233348	 	
524000	-1.99717	 	1595.5	 	0.999279	 	399.425	 	0.999279	 	0	 	0.00156319	 	0.0233324	 	
525000	-1.99717	 	1595.5	 	0.999278	 	399.424	 	0.999278	 	0.0025	 	0.00156426	 	0.0233474	 	
526000	-1.99717	 	1595.5	 	0.999278	 	399.424	 	0.999278	 	0.0075	 	0.00156414	 	0.0233478	 	
527000	-1.99717	 	1595.5	 	0.999278	 	399.424	 	0.999278	 	0	 	0.00156388	 	0.0233457	 	
528000	-1.99717	 	1595.5	 	0.999278	 	399.424	 	0.999278	 	0.005	 	0.00156362	 	0.0233424	 	
529000	-1.99717	 	1595.5	 	0.999278	 	399.424	 	0.999278	 	0	 	0.00156399	 	0.0233489	 	
530000	-1.99717	 	1595.5	 	0.999278	 	399.424	 	0.999278	 	0.0025	 	0.00156434	 	0.0233523	 	
531000	-1.99717	 	1595.5	 	0.999278	 	399.424	 	0.999278	 	0.005	 	0.00156399	 	0.0233485	 	
532000	-1.99717	 	1595.5	 	0.999278	 	399.424	 	0.999278	 	0.0025	 	0.00156397	 	0.0233467	 	
533000	-1.99717	 	1595.5	 	0.999278	 	399.424	 	0.999278	 	0	 	0.0015645	 	0.0233519	 	
534000	-1.99717	 	1595.5	 	0.999278	 	399.424	 	0.999278	 	0	 	0.00156389	 	0.0233429	 	
535000	-1.99717	 	1595.5	 	0.999278	 	399.424	 	0.999278	 	0	 	0.00156386	 	0.0233415	 	
536000	-1.99717	 	1595.5	 	0.999278	 	399.425	 	0.999278	 	0	 	0.00156349	 	0.0233358	 	
537000	-1.99717	 	1595.5	 	0.999278	 	399.424	 	0.999278	 	0	 	0.00156402	 	0.0233431	 	
538000	-1.99717	 	1595.5	 	0.999278	 	399.424	 	0.999278	 	0	 	0.00156414	 	0.023344	 	
539000	-1.99717	 	1595.5	 	0.999278	 	399.424	 	0.999278	 	0	 	0.00156364	 	0.0233377	 	
540000	-1.99717	 	1595.5	 	0.999278	 	399.424	 	0.999278	 	0	 	0.00156375	 	0.0233394	 	
541000	-1.99717	 	1595.5	 	0.999278	 	399.424	 	0.999278	 	0.0025	 	0.00156397	 	0.0233432	 	
542000	-1.99717	 	1595.5	 	0.999278	 	399.424	 	0.999278	 	0.0025	 	0.00156415	 	0.0233459	 	
543000	-1.99717	 	1595.5	 	0.999278	 	399.425	 	0.999278	 	0	 	0.00156358	 	0.0233375	 	
544000	-1.99717	 	1595.5	 	0.999278	 	399.424	 	0.999278	 	0	 	0.00156369	 	0.0233419	 	
545000	-1.99717	 	1595.5	 	0.999278	 	399.424	 	0.999278	 	0.005	 	0.00156406	 	0.0233455	 	
546000	-1.99717	 	1595.5	 	0.999278	 	399.424	 	0.999278	 	0.0025	 	0.00156382	 	0.0233431	 	
547000	-1.99717	 	1595.5	 	0.999278	 	399.424	 	0.999278	 	0.005	 	0.00156402	 	0.0233445	 	
548000	-1.99717	 	1595.5	 	0.999279	 	399.425	 	0.999279	 	0.005	 	0.00156324	 	0.0233345	 	
549000	-1.99717	 	1595.5	 	0.999278	 	399.425	 	0.999278	 	0	 	0.0015631	 	0.0233317	 	
550000	-1.99717	 	1595.5	 	0.999278	 	399.424	 	0.999278	 	0	 	0.00156407	 	0.023343	 	
551000	-1.99717	 	1595.5	 	0.999278	 	399.424	 	0.999278	 	0.0025	 	0.00156485	 	0.0233544	 	
552000	-1.99717	 	1595.5	 	0.999278	 	399.424	 	0.999278	 	0	 	0.00156479	 	0.0233557	 	
553000	-1.99717	 	1595.5	 	0.999278	 	399.424	 	0.999278	 	0	 	0.0015644	 	0.0233519	 	
554000	-1.99717	 	1595.49	 	0.999278	 	399.424	 	0.999278	 	0	 	0.00156478	 	0.0233584	 	
555000	-1.99717	 	1595.49	 	0.999278	 	399.424	 	0.999278	 	0	 	0.00156448	 	0.0233529	 	
556000	-1.99717	 	1595.5	 	0.999278	 	399.424	 	0.999278	 	0	 	0.00156439	 	0.0233513	 	
557000	-1.99717	 	1595.49	 	0.999278	 	399.424	 	0.999278	 	0.0025	 	0.00156459	 	0.0233544	 	
558000	-1.99717	 	1595.49	 	0.999278	 	399.424	 	0.999278	 	0.0025	 	0.0015645	 	0.0233533	 	
559000	-1.99717	 	1595.5	 	0.999278	 	399.424	 	0.999278	 	0	 	0.00156389	 	0.023345	 	
560000	-1.99717	 	1595.5	 	0.999278	 	399.424	 	0.999278	 	0	 	0.00156374	 	0.0233438	 	
561000	-1.99717	 	1595.49	 	0.999278	 	399.424	 	0.999278	 	0	 	0.00156386	 	0.0233446	 	
562000	-1.99717	 	1595.5	 	0.999278	 	399.424	 	0.999278	 	0	 	0.00156355	 	0.0233385	 	
563000	-1.99717	 	1595.49	 	0.999278	 	399.424	 	0.999278	 	0	 	0.00156492	 	0.023356	 	
564000	-1.99717	 	1595.49	 	0.999278	 	399.424	 	0.999278	 	0.005	 	0.00156495	 	0.0233549	 	
565000	-1.99717	 	1595.5	 	0.999278	 	399.424	 	0.999278	 	0	 	0.00156407	 	0.0233437	 	
566000	-1.99717	 	1595.5	 	0.999278	 	399.424	 	0.999278	 	0.005	 	0.00156456	 	0.0233481	 	
567000	-1.99717	 	1595.49	 	0.999278	 	399.424	 	0.999278	 	0	 	0.00156594	 	0.0233704	 	
568000	-1.99717	 	1595.49	 	0.999277	 	399.424	 	0.999277	 	0	 	0.00156633	 	0.0233782	 	
569000	-1.99717	 	1595.49	 	0.999277	 	399.424	 	0.999277	 	0	 	0.00156599	 	0.0233726	 	
570000	-1.99717	 	1595.49	 	0.999277	 	399.424	 	0.999277	 	0	 	0.00156583	 	0.0233711	 	
571000	-1.99717	 	1595.49	 	0.999277	 	399.424	 	0.999277	 	0	 	0.00156629	 	0.0233761	 	
572000	-1.99717	 	1595.49	 	0.999277	 	399.424	 	0.999277	 	0	 	0.00156573	 	0.0233692	 	
573000	-1.99717	 	1595.49	 	0.999277	 	399.424	 	0.999277	 	0.005	 	0.00156542	 	0.0233657	 	
574000	-1.99717	 	1595.49	 	0.999278	 	399.424	 	0.999278	 	0.005	 	0.00156512	 	0.0233612	 	
575000	-1.99717	 	1595.49	 	0.999277	 	399.424	 	0.999277	 	0	 	0.00156583	 	0.0233699	 	
576000	-1.99717	 	1595.49	 	0.999278	 	399.424	 	0.999278	 	0	 	0.00156522	 	0.0233612	 	
577000	-1.99717	 	1595.49	 	0.999277	 	399.424	 	0.999277	 	0	 	0.00156541	 	0.0233656	 	
578000	-1.99717	 	1595.49	 	0.999278	 	399.424	 	0.999278	 	0	 	0.00156476	 	0.0233567	 	
579000	-1.99717	 	1595.49	 	0.999277	 	399.424	 	0.999277	 	0	 	0.00156541	 	0.0233652	 	
580000	-1.99717	 	1595.49	 	0.999278	 	399.424	 	0.999278	 	0	 	0.00156516	 	0.0233615	 	
581000	-1.99717	 	1595.49	 	0.999278	 	399.424	 	0.999278	 	0.005	 	0.00156473	 	0.0233549	 	
582000	-1.99717	 	1595.49	 	0.999278	 	399.424	 	0.999278	 	0	 	0.00156472	 	0.0233559	 	
583000	-1.99717	 	1595.5	 	0.999278	 	399.424	 	0.999278	 	0.0025	 	0.00156401	 	0.0233465	 	
584000	-1.99717	 	1595.49	 	0.999278	 	399.424	 	0.999278	 	0	 	0.00156415	 	0.0233504	 	
585000	-1.99717	 	1595.49	 	0.999278	 	399.424	 	0.999278	 	0.0025	 	0.00156434	 	0.0233527	 	
586000	-1.99717	 	1595.49	 	0.999278	 	399.424	 	0.999278	 	0	 	0.00156431	 	0.0233526	 	
587000	-1.99717	 	1595.49	 	0.999278	 	399.424	 	0.999278	 	0.0025	 	0.00156434	 	0.023354	 	
588000	-1.99717	 	1595.49	 	0.999278	 	399.424	 	0.999278	 	0	 	0.00156472	 	0.0233577	 	
589000	-1.99717	 	1595.49	 	0.999278	 	399.424	 	0.999278	 	0	 	0.00156536	 	0.0233678	 	
590000	-1.99717	 	1595.49	 	0.999277	 	399.424	 	0.999277	 	0	 	0.00156672	 	0.0233846	 	
591000	-1.99717	 	1595.49	 	0.999277	 	399.424	 	0.999277	 	0	 	0.0015663	 	0.0233792	 	
592000	-1.99717	 	1595.49	 	0.999277	 	399.424	 	0.999277	 	0	 	0.00156647	 	0.0233822	 	
593000	-1.99716	 	1595.49	 	0.999277	 	399.423	 	0.999277	 	0	 	0.00156666	 	0.0233868	 	
594000	-1.99716	 	1595.49	 	0.999277	 	399.423	 	0.999277	 	0	 	0.00156648	 	0.0233841	 	
595000	-1.99716	 	1595.49	 	0.999277	 	399.424	 	0.999277	 	0	 	0.00156643	 	0.0233836	 	
596000	-1.99716	 	1595.49	 	0.999277	 	399.423	 	0.999277	 	0.0025	 	0.00156664	 	0.0233821	 	
597000	-1.99717	 	1595.49	 	0.999277	 	399.424	 	0.999277	 	0	 	0.00156619	 	0.0233773	 	
598000	-1.99716	 	1595.49	 	0.999277	 	399.424	 	0.999277	 	0.0025	 	0.00156621	 	0.0233796	 	
599000	-1.99716	 	1595.49	 	0.999277	 	399.424	 	0.999277	 	0	 	0.00156593	 	0.0233766	 	
600000	-1.99717	 	1595.49	 	0.999277	 	399.424	 	0.999277	 	0.0075	 	0.00156659	 	0.0233816	 	
601000	-1.99716	 	1595.49	 	0.999277	 	399.423	 	0.999277	 	0.0025	 	0.00156697	 	0.0233854	 	
602000	-1.99716	 	1595.49	 	0.999277	 	399.423	 	0.999277	 	0.0025	 	0.00156755	 	0.023392	 	
603000	-1.99716	 	1595.49	 	0.999277	 	399.423	 	0.999277	 	0	 	0.00156702	 	0.0233849	 	
604000	-1.99717	 	1595.49	 	0.999277	 	399.424	 	0.999277	 	0	 	0.00156629	 	0.0233734	 	
605000	-1.99717	 	1595.49	 	0.999277	 	399.424	 	0.999277	 	0.0025	 	0.00156662	 	0.0233748	 	
606000	-1.99716	 	1595.49	 	0.999277	 	399.423	 	0.999277	 	0	 	0.00156712	 	0.023384	 	
607000	-1.99716	 	1595.49	 	0.999277	 	399.423	 	0.999277	 	0	 	0.00156718	 	0.023386	 	
608000	-1.99716	 	1595.49	 	0.999277	 	399.423	 	0.999277	 	0.0025	 	0.00156714	 	0.023385	 	
609000	-1.99716	 	1595.49	 	0.999277	 	399.423	 	0.999277	 	0	 	0.00156703	 	0.0233825	 	
610000	-1.99716	 	1595.49	 	0.999277	 	399.423	 	0.999277	 	0	 	0.00156678	 	0.0233808	 	
611000	-1.99716	 	1595.49	 	0.999277	 	399.423	 	0.999277	 	0	 	0.0015668	 	0.0233816	 	
612000	-1.99717	 	1595.49	 	0.999277	 	399.424	 	0.999277	 	0.005	 	0.00156654	 	0.0233775	 	
613000	-1.99717	 	1595.49	 	0.999277	 	399.424	 	0.999277	 	0	 	0.00156646	 	0.0233781	 	
614000	-1.99717	 	1595.49	 	0.999278	 	399.424	 	0.999278	 	0	 	0.0015654	 	0.0233634	 	
615000	-1.99717	 	1595.49	 	0.999278	 	399.424	 	0.999278	 	0	 	0.00156527	 	0.0233605	 	
616000	-1.99717	 	1595.49	 	0.999278	 	399.424	 	0.999278	 	0	 	0.00156538	 	0.0233617	 	
617000	-1.99717	 	1595.49	 	0.999278	 	399.424	 	0.999278	 	0	 	0.00156498	 	0.0233568	 	
618000	-1.99717	 	1595.49	 	0.999278	 	399.424	 	0.999278	 	0	 	0.0015654	 	0.0233616	 	
619000	-1.99717	 	1595.49	 	0.999278	 	399.424	 	0.999278	 	0	 	0.00156566	 	0.0233659	 	
620000	-1.99717	 	1595.49	 	0.999277	 	399.424	 	0.999277	 	0	 	0.00156625	 	0.0233732	 	
621000	-1.99717	 	1595.49	 	0.999277	 	399.424	 	0.999277	 	0	 	0.00156656	 	0.0233756	 	
622000	-1.99717	 	1595.49	 	0.999277	 	399.424	 	0.999277	 	0	 	0.00156651	 	0.0233756	 	
623000	-1.99717	 	1595.49	 	0.999277	 	399.424	 	0.999277	 	0	 	0.0015664	 	0.0233711	 	
624000	-1.99717	 	1595.49	 	0.999277	 	399.424	 	0.999277	 	0.0025	 	0.00156607	 	0.0233664	 	
625000	-1.99717	 	1595.49	 	0.999278	 	399.424	 	0.999278	 	0	 	0.00156564	 	0.0233618	 	
626000	-1.99717	 	1595.49	 	0.999278	 	399.424	 	0.999278	 	0	 	0.0015654	 	0.0233578	 	
627000	-1.99717	 	1595.5	 	0.999278	 	399.424	 	0.999278	 	0.005	 	0.00156461	 	0.023347	 	
628000	-1.99717	 	1595.5	 	0.999278	 	399.424	 	0.999278	 	0	 	0.00156429	 	0.0233404	 	
629000	-1.99717	 	1595.5	 	0.999278	 	399.424	 	0.999278	 	0	 	0.00156446	 	0.0233436	 	
630000	-1.99717	 	1595.5	 	0.999278	 	399.424	 	0.999278	 	0	 	0.00156447	 	0.023344	 	
631000	-1.99717	 	1595.5	 	0.999278	 	399.424	 	0.999278	 	0	 	0.00156503	 	0.0233539	 	
632000	-1.99717	 	1595.5	 	0.999278	 	399.424	 	0.999278	 	0.0075	 	0.00156492	 	0.0233532	 	
633000	-1.99717	 	1595.5	 	0.999278	 	399.424	 	0.999278	 	0	 	0.00156514	 	0.0233556	 	
634000	-1.99717	 	1595.5	 	0.999278	 	399.424	 	0.999278	 	0	 	0.00156536	 	0.0233599	 	
635000	-1.99717	 	1595.49	 	0.999278	 	399.424	 	0.999278	 	0.0025	 	0.00156554	 	0.0233626	 	
636000	-1.99717	 	1595.49	 	0.999278	 	399.424	 	0.999278	 	0.0025	 	0.00156576	 	0.0233651	 	
637000	-1.99717	 	1595.49	 	0.999278	 	399.424	 	0.999278	 	0	 	0.00156626	 	0.0233729	 	
638000	-1.99717	 	1595.49	 	0.999277	 	399.424	 	0.999277	 	0	 	0.00156716	 	0.023379	 	
639000	-1.99717	 	1595.49	 	0.999277	 	399.424	 	0.999277	 	0	 	0.00156676	 	0.0233736	 	
640000	-1.99717	 	1595.49	 	0.999277	 	399.424	 	0.999277	 	0	 	0.00156728	 	0.0233769	 	
641000	-1.99717	 	1595.49	 	0.999278	 	399.424	 	0.999278	 	0	 	0.00156688	 	0.0233722	 	
642000	-1.99717	 	1595.49	 	0.999278	 	399.424	 	0.999278	 	0.0025	 	0.00156662	 	0.0233699	 	
643000	-1.99717	 	1595.49	 	0.999278	 	399.424	 	0.999278	 	0	 	0.00156644	 	0.023369	 	
644000	-1.99717	 	1595.49	 	0.999277	 	399.424	 	0.999277	 	0.005	 	0.00156648	 	0.0233706	 	
645000	-1.99717	 	1595.49	 	0.999277	 	399.424	 	0.999277	 	0	 	0.00156679	 	0.0233755	 	
646000	-1.99717	 	1595.49	 	0.999277	 	399.424	 	0.999277	 	0	 	0.00156662	 	0.023373	 	
647000	-1.99717	 	1595.49	 	0.999277	 	399.424	 	0.999277	 	0	 	0.00156635	 	0.0233682	 	
648000	-1.99717	 	1595.49	 	0.999277	 	399.424	 	0.999277	 	0	 	0.00156636	 	0.023366	 	
649000	-1.99717	 	1595.49	 	0.999277	 	399.424	 	0.999277	 	0	 	0.00156659	 	0.0233691	 	
650000	-1.99717	 	1595.49	 	0.999277	 	399.424	 	0.999277	 	0	 	0.00156642	 	0.0233664	 	
651000	-1.99717	 	1595.49	 	0.999277	 	399.424	 	0.999277	 	0.0025	 	0.0015661	 	0.0233635	 	
652000	-1.99717	 	1595.49	 	0.999278	 	399.424	 	0.999278	 	0	 	0.00156556	 	0.0233562	 	
653000	-1.99717	 	1595.5	 	0.999278	 	399.424	 	0.999278	 	0	 	0.00156492	 	0.0233478	 	
654000	-1.99717	 	1595.5	 	0.999278	 	399.424	 	0.999278	 	0.0025	 	0.0015648	 	0.023348	 	
655000	-1.99717	 	1595.5	 	0.999278	 	399.424	 	0.999278	 	0	 	0.00156481	 	0.0233488	 	
656000	-1.99717	 	1595.5	 	0.999278	 	399.424	 	0.999278	 	0.0025	 	0.00156442	 	0.0233438	 	
657000	-1.99717	 	1595.5	 	0.999278	 	399.424	 	0.999278	 	0.0025	 	0.00156425	 	0.0233401	 	
658000	-1.99717	 	1595.5	 	0.999278	 	399.424	 	0.999278	 	0	 	0.00156443	 	0.0233421	 	
659000	-1.99717	 	1595.5	 	0.999278	 	399.424	 	0.999278	 	0	 	0.00156475	 	0.0233487	 	
660000	-1.99717	 	1595.5	 	0.999278	 	399.424	 	0.999278	 	0	 	0.00156431	 	0.0233424	 	
661000	-1.99717	 	1595.5	 	0.999278	 	399.424	 	0.999278	 	0	 	0.00156412	 	0.0233401	 	
662000	-1.99717	 	1595.5	 	0.999278	 	399.425	 	0.999278	 	0	 	0.00156378	 	0.0233356	 	
663000	-1.99717	 	1595.5	 	0.999278	 	399.424	 	0.999278	 	0.0025	 	0.00156445	 	0.0233467	 	
664000	-1.99717	 	1595.5	 	0.999278	 	399.424	 	0.999278	 	0	 	0.0015649	 	0.023354	 	
665000	-1.99717	 	1595.5	 	0.999278	 	399.424	 	0.999278	 	0	 	0.0015649	 	0.0233545	 	
666000	-1.99717	 	1595.5	 	0.999278	 	399.424	 	0.999278	 	0	 	0.00156485	 	0.0233548	 	
667000	-1.99717	 	1595.5	 	0.999278	 	399.424	 	0.999278	 	0.0025	 	0.00156424	 	0.0233468	 	
668000	-1.99717	 	1595.5	 	0.999278	 	399.424	 	0.999278	 	0.0025	 	0.00156413	 	0.0233453	 	
669000	-1.99717	 	1595.5	 	0.999278	 	399.424	 	0.999278	 	0	 	0.00156387	 	0.0233424	 	
670000	-1.99717	 	1595.5	 	0.999278	 	399.425	 	0.999278	 	0	 	0.00156342	 	0.0233374	 	
671000	-1.99717	 	1595.5	 	0.999278	 	399.425	 	0.999278	 	0.0025	 	0.00156375	 	0.0233418	 	
672000	-1.99717	 	1595.5	 	0.999279	 	399.425	 	0.999279	 	0.0025	 	0.00156334	 	0.0233359	 	
673000	-1.99717	 	1595.5	 	0.999278	 	399.424	 	0.999278	 	0	 	0.00156394	 	0.0233435	 	
674000	-1.99717	 	1595.5	 	0.999278	 	399.424	 	0.999278	 	0	 	0.0015647	 	0.0233534	 	
675000	-1.99717	 	1595.5	 	0.999278	 	399.424	 	0.999278	 	0.0025	 	0.00156439	 	0.0233495	 	
676000	-1.99717	 	1595.5	 	0.999278	 	399.424	 	0.999278	 	0	 	0.00156386	 	0.0233432	 	
677000	-1.99717	 	1595.5	 	0.999278	 	399.425	 	0.999278	 	0	 	0.00156363	 	0.0233409	 	
678000	-1.99717	 	1595.5	 	0.999279	 	399.425	 	0.999279	 	0.0025	 	0.00156302	 	0.0233327	 	
679000	-1.99717	 	1595.5	 	0.999279	 	399.425	 	0.999279	 	0.0025	 	0.00156282	 	0.0233293	 	
680000	-1.99717	 	1595.5	 	0.999279	 	399.425	 	0.999279	 	0.005	 	0.00156265	 	0.0233269	 	
681000	-1.99717	 	1595.5	 	0.999279	 	399.425	 	0.999279	 	0	 	0.00156351	 	0.0233393	 	
682000	-1.99717	 	1595.5	 	0.999278	 	399.425	 	0.999278	 	0	 	0.00156358	 	0.0233401	 	
683000	-1.99717	 	1595.5	 	0.999278	 	399.425	 	0.999278	 	0.005	 	0.00156379	 	0.0233421	 	
684000	-1.99717	 	1595.5	 	0.999278	 	399.424	 	0.999278	 	0	 	0.00156406	 	0.0233447	 	
685000	-1.99717	 	1595.5	 	0.999278	 	399.424	 	0.999278	 	0.0025	 	0.00156416	 	0.0233463	 	
686000	-1.99717	 	1595.5	 	0.999278	 	399.424	 	0.999278	 	0.005	 	0.00156411	 	0.023346	 	
687000	-1.99717	 	1595.5	 	0.999278	 	399.425	 	0.999278	 	0.0025	 	0.00156378	 	0.0233428	 	
688000	-1.99717	 	1595.5	 	0.999279	 	399.425	 	0.999279	 	0	 	0.00156338	 	0.0233365	 	
689000	-1.99717	 	1595.5	 	0.999279	 	399.425	 	0.999279	 	0	 	0.00156284	 	0.023328	 	
690000	-1.99717	 	1595.5	 	0.999279	 	399.425	 	0.999279	 	0.0025	 	0.00156268	 	0.0233265	 	
691000	-1.99717	 	1595.5	 	0.999279	 	399.425	 	0.999279	 	0	 	0.00156296	 	0.0233288	 	
692000	-1.99717	 	1595.5	 	0.999279	 	399.425	 	0.999279	 	0	 	0.00156341	 	0.0233357	 	
693000	-1.99717	 	1595.5	 	0.999279	 	399.425	 	0.999279	 	0.0025	 	0.00156304	 	0.0233318	 	
694000	-1.99717	 	1595.5	 	0.999279	 	399.425	 	0.999279	 	0	 	0.00156343	 	0.0233379	 	
695000	-1.99717	 	1595.5	 	0.999279	 	399.425	 	0.999279	 	0	 	0.00156299	 	0.0233321	 	
696000	-1.99717	 	1595.5	 	0.999279	 	399.425	 	0.999279	 	0	 	0.00156308	 	0.0233348	 	
697000	-1.99717	 	1595.5	 	0.999279	 	399.425	 	0.999279	 	0	 	0.00156349	 	0.0233397	 	
698000	-1.99717	 	1595.5	 	0.999279	 	399.425	 	0.999279	 	0	 	0.00156325	 	0.0233368	 	
699000	-1.99717	 	1595.5	 	0.999279	 	399.425	 	0.999279	 	0	 	0.00156315	 	0.0233347	 	
700000	-1.99717	 	1595.5	 	0.999279	 	399.425	 	0.999279	 	0	 	0.00156264	 	0.0233285	 	
701000	-1.99717	 	1595.5	 	0.999279	 	399.425	 	0.999279	 	0	 	0.00156215	 	0.0233225	 	
702000	-1.99717	 	1595.5	 	0.999279	 	399.425	 	0.999279	 	0	 	0.0015625	 	0.0233274	 	
703000	-1.99717	 	1595.5	 	0.999279	 	399.425	 	0.999279	 	0	 	0.00156213	 	0.0233231	 	
704000	-1.99717	 	1595.5	 	0.999279	 	399.425	 	0.999279	 	0	 	0.00156242	 	0.0233267	 	
705000	-1.99717	 	1595.5	 	0.999279	 	399.425	 	0.999279	 	0.005	 	0.00156253	 	0.0233297	 	
706000	-1.99717	 	1595.5	 	0.999279	 	399.425	 	0.999279	 	0	 	0.00156222	 	0.0233259	 	
707000	-1.99717	 	1595.5	 	0.999279	 	399.425	 	0.999279	 	0	 	0.00156225	 	0.0233273	 	
708000	-1.99717	 	1595.5	 	0.999279	 	399.425	 	0.999279	 	0	 	0.00156191	 	0.0233223	 	
709000	-1.99717	 	1595.5	 	0.999279	 	399.425	 	0.999279	 	0.005	 	0.00156186	 	0.0233228	 	
710000	-1.99717	 	1595.5	 	0.999279	 	399.425	 	0.999279	 	0	 	0.00156184	 	0.023323	 	
711000	-1.99717	 	1595.5	 	0.999279	 	399.425	 	0.999279	 	0	 	0.00156179	 	0.0233228	 	
712000	-1.99717	 	1595.5	 	0.999279	 	399.425	 	0.999279	 	0	 	0.00156282	 	0.0233353	 	
713000	-1.99717	 	1595.5	 	0.999279	 	399.425	 	0.999279	 	0.0025	 	0.00156254	 	0.0233332	 	
714000	-1.99717	 	1595.5	 	0.999279	 	399.425	 	0.999279	 	0	 	0.00156273	 	0.0233361	 	
715000	-1.99717	 	1595.5	 	0.999279	 	399.425	 	0.999279	 	0	 	0.00156249	 	0.0233334	 	
716000	-1.99717	 	1595.5	 	0.999279	 	399.425	 	0.999279	 	0.005	 	0.00156265	 	0.0233357	 	
717000	-1.99717	 	1595.5	 	0.999279	 	399.425	 	0.999279	 	0.0025	 	0.00156267	 	0.0233359	 	
718000	-1.99717	 	1595.5	 	0.999279	 	399.425	 	0.999279	 	0	 	0.00156231	 	0.0233322	 	
719000	-1.99717	 	1595.5	 	0.999279	 	399.425	 	0.999279	 	0	 	0.00156264	 	0.0233375	 	
720000	-1.99717	 	1595.5	 	0.999279	 	399.425	 	0.999279	 	0	 	0.00156235	 	0.0233339	 	
721000	-1.99717	 	1595.5	 	0.999279	 	399.425	 	0.999279	 	0	 	0.00156269	 	0.0233382	 	
722000	-1.99717	 	1595.5	 	0.999279	 	399.425	 	0.999279	 	0	 	0.00156274	 	0.0233395	 	
723000	-1.99717	 	1595.5	 	0.999279	 	399.425	 	0.999279	 	0.0025	 	0.00156234	 	0.0233351	 	
724000	-1.99717	 	1595.5	 	0.999279	 	399.425	 	0.999279	 	0	 	0.00156238	 	0.0233366	 	
725000	-1.99717	 	1595.5	 	0.999279	 	399.425	 	0.999279	 	0	 	0.00156272	 	0.0233437	 	
726000	-1.99717	 	1595.5	 	0.999279	 	399.425	 	0.999279	 	0.0025	 	0.00156244	 	0.0233369	 	
727000	-1.99717	 	1595.5	 	0.999279	 	399.425	 	0.999279	 	0	 	0.00156241	 	0.0233376	 	
728000	-1.99717	 	1595.5	 	0.999279	 	399.425	 	0.999279	 	0.0025	 	0.00156226	 	0.0233362	 	
729000	-1.99717	 	1595.5	 	0.999279	 	399.425	 	0.999279	 	0	 	0.00156196	 	0.023331	 	
730000	-1.99717	 	1595.5	 	0.999279	 	399.425	 	0.999279	 	0.0025	 	0.00156179	 	0.0233296	 	
731000	-1.99717	 	1595.5	 	0.999279	 	399.425	 	0.999279	 	0	 	0.00156211	 	0.0233327	 	
732000	-1.99717	 	1595.5	 	0.999279	 	399.425	 	0.999279	 	0	 	0.00156203	 	0.0233317	 	
733000	-1.99717	 	1595.5	 	0.999279	 	399.425	 	0.999279	 	0	 	0.00156158	 	0.0233254	 	
734000	-1.99717	 	1595.5	 	0.999279	 	399.425	 	0.999279	 	0.0025	 	0.00156108	 	0.0233192	 	
735000	-1.99717	 	1595.5	 	0.999279	 	399.425	 	0.999279	 	0.0025	 	0.00156117	 	0.0233191	 	
736000	-1.99717	 	1595.5	 	0.99928	 	399.425	 	0.99928	 	0	 	0.00156051	 	0.0233104	 	
737000	-1.99717	 	1595.5	 	0.999279	 	399.425	 	0.999279	 	0.0025	 	0.00156043	 	0.0233092	 	
738000	-1.99717	 	1595.5	 	0.99928	 	399.425	 	0.99928	 	0	 	0.00156014	 	0.0233058	 	
739000	-1.99717	 	1595.5	 	0.999279	 	399.425	 	0.999279	 	0	 	0.00156081	 	0.0233141	 	
740000	-1.99717	 	1595.5	 	0.99928	 	399.425	 	0.99928	 	0	 	0.00156066	 	0.0233128	 	
741000	-1.99717	 	1595.5	 	0.99928	 	399.425	 	0.99928	 	0	 	0.00156036	 	0.0233076	 	
742000	-1.99717	 	1595.5	 	0.99928	 	399.425	 	0.99928	 	0	 	0.00156036	 	0.0233071	 	
743000	-1.99717	 	1595.5	 	0.99928	 	399.425	 	0.99928	 	0	 	0.00156023	 	0.0233073	 	
744000	-1.99717	 	1595.5	 	0.99928	 	399.425	 	0.99928	 	0	 	0.00156046	 	0.0233098	 	
745000	-1.99717	 	1595.5	 	0.999279	 	399.425	 	0.999279	 	0.0025	 	0.00156057	 	0.0233123	 	
746000	-1.99717	 	1595.5	 	0.999279	 	399.425	 	0.999279	 	0	 	0.00156048	 	0.0233124	 	
747000	-1.99717	 	1595.5	 	0.999279	 	399.425	 	0.999279	 	0	 	0.00156004	 	0.0233069	 	
748000	-1.99717	 	1595.5	 	0.999279	 	399.425	 	0.999279	 	0.0025	 	0.00156041	 	0.0233117	 	
749000	-1.99717	 	1595.5	 	0.999279	 	399.425	 	0.999279	 	0	 	0.00156113	 	0.0233206	 	
750000	-1.99717	 	1595.5	 	0.999279	 	399.425	 	0.999279	 	0	 	0.00156127	 	0.0233231	 	
751000	-1.99717	 	1595.5	 	0.999279	 	399.425	 	0.999279	 	0	 	0.00156086	 	0.0233176	 	
752000	-1.99717	 	1595.5	 	0.999279	 	399.425	 	0.999279	 	0	 	0.00156124	 	0.023323	 	
753000	-1.99717	 	1595.5	 	0.999279	 	399.425	 	0.999279	 	0	 	0.00156143	 	0.0233246	 	
754000	-1.99717	 	1595.5	 	0.999279	 	399.425	 	0.999279	 	0	 	0.00156105	 	0.0233192	 	
755000	-1.99717	 	1595.5	 	0.999279	 	399.425	 	0.999279	 	0	 	0.00156093	 	0.0233165	 	
756000	-1.99717	 	1595.5	 	0.999279	 	399.425	 	0.999279	 	0	 	0.00156074	 	0.0233149	 	
757000	-1.99717	 	1595.5	 	0.999279	 	399.425	 	0.999279	 	0	 	0.00156057	 	0.0233134	 	
758000	-1.99717	 	1595.5	 	0.999279	 	399.425	 	0.999279	 	0	 	0.0015607	 	0.0233153	 	
759000	-1.99717	 	1595.5	 	0.999279	 	399.425	 	0.999279	 	0	 	0.0015604	 	0.0233108	 	
760000	-1.99717	 	1595.5	 	0.999279	 	399.425	 	0.999279	 	0	 	0.00156031	 	0.0233087	 	
761000	-1.99717	 	1595.5	 	0.999279	 	399.425	 	0.999279	 	0	 	0.00156025	 	0.0233083	 	
762000	-1.99717	 	1595.5	 	0.999279	 	399.425	 	0.999279	 	0.0025	 	0.00155999	 	0.0233049	 	
763000	-1.99717	 	1595.5	 	0.999279	 	399.425	 	0.999279	 	0	 	0.00155973	 	0.0233018	 	
764000	-1.99717	 	1595.5	 	0.999279	 	399.425	 	0.999279	 	0	 	0.00155969	 	0.023302	 	
765000	-1.99717	 	1595.5	 	0.999279	 	399.425	 	0.999279	 	0	 	0.00155956	 	0.0233008	 	
766000	-1.99717	 	1595.5	 	0.999279	 	399.425	 	0.999279	 	0.0025	 	0.00156007	 	0.0233075	 	
767000	-1.99717	 	1595.5	 	0.999279	 	399.425	 	0.999279	 	0	 	0.00156033	 	0.0233092	 	
768000	-1.99717	 	1595.5	 	0.999279	 	399.425	 	0.999279	 	0.0025	 	0.00156085	 	0.023316	 	
769000	-1.99717	 	1595.5	 	0.999279	 	399.425	 	0.999279	 	0	 	0.00156071	 	0.0233132	 	
770000	-1.99717	 	1595.5	 	0.999279	 	399.425	 	0.999279	 	0	 	0.00156112	 	0.0233185	 	
771000	-1.99717	 	1595.5	 	0.999279	 	399.425	 	0.999279	 	0	 	0.00156096	 	0.0233171	 	
772000	-1.99717	 	1595.5	 	0.999279	 	399.425	 	0.999279	 	0	 	0.0015608	 	0.0233141	 	
773000	-1.99717	 	1595.5	 	0.999279	 	399.425	 	0.999279	 	0.005	 	0.00156032	 	0.0233075	 	
774000	-1.99717	 	1595.5	 	0.999279	 	399.425	 	0.999279	 	0	 	0.00156043	 	0.0233099	 	
775000	-1.99717	 	1595.5	 	0.999279	 	399.425	 	0.999279	 	0	 	0.00156067	 	0.0233119	 	
776000	-1.99717	 	1595.5	 	0.999279	 	399.425	 	0.999279	 	0	 	0.00156079	 	0.0233101	 	
777000	-1.99717	 	1595.5	 	0.999279	 	399.425	 	0.999279	 	0	 	0.00156074	 	0.0233084	 	
778000	-1.99717	 	1595.5	 	0.99928	 	399.425	 	0.99928	 	0	 	0.00156049	 	0.0233052	 	
779000	-1.99717	 	1595.5	 	0.999279	 	399.425	 	0.999279	 	0	 	0.00156041	 	0.0233054	 	
780000	-1.99717	 	1595.5	 	0.999279	 	399.425	 	0.999279	 	0	 	0.00156087	 	0.0233117	 	
781000	-1.99717	 	1595.5	 	0.999279	 	399.425	 	0.999279	 	0.0025	 	0.00156076	 	0.023311	 	
782000	-1.99717	 	1595.5	 	0.999279	 	399.425	 	0.999279	 	0	 	0.00156054	 	0.0233074	 	
783000	-1.99717	 	1595.5	 	0.99928	 	399.425	 	0.99928	 	0.0025	 	0.00156015	 	0.0233007	 	
784000	-1.99717	 	1595.5	 	0.999279	 	399.425	 	0.999279	 	0	 	0.00156046	 	0.0233051	 	
785000	-1.99717	 	1595.5	 	0.999279	 	399.425	 	0.999279	 	0	 	0.00156054	 	0.0233051	 	
786000	-1.99717	 	1595.5	 	0.999279	 	399.425	 	0.999279	 	0	 	0.00156067	 	0.0233078	 	
787000	-1.99717	 	1595.5	 	0.999279	 	399.425	 	0.999279	 	0	 	0.00156044	 	0.0233059	 	
788000	-1.99717	 	1595.5	 	0.999279	 	399.425	 	0.999279	 	0	 	0.00156032	 	0.0233052	 	
789000	-1.99717	 	1595.5	 	0.999279	 	399.425	 	0.999279	 	0.0025	 	0.00156052	 	0.0233095	 	
790000	-1.99717	 	1595.5	 	0.999279	 	399.425	 	0.999279	 	0	 	0.00156035	 	0.0233074	 	
791000	-1.99717	 	1595.5	 	0.999279	 	399.425	 	0.999279	 	0	 	0.00156034	 	0.0233071	 	
792000	-1.99717	 	1595.5	 	0.999279	 	399.425	 	0.999279	 	0	 	0.00156026	 	0.0233068	 	
793000	-1.99717	 	1595.5	 	0.999279	 	399.425	 	0.999279	 	0	 	0.00156027	 	0.0233091	 	
794000	-1.99717	 	1595.5	 	0.999279	 	399.425	 	0.999279	 	0	 	0.00156039	 	0.023311	 	
795000	-1.99717	 	1595.5	 	0.999279	 	399.425	 	0.999279	 	0	 	0.00156059	 	0.0233126	 	
796000	-1.99717	 	1595.5	 	0.999279	 	399.425	 	0.999279	 	0	 	0.00156076	 	0.0233148	 	
797000	-1.99717	 	1595.5	 	0.999279	 	399.425	 	0.999279	 	0	 	0.00156207	 	0.0233289	 	
798000	-1.99717	 	1595.5	 	0.999279	 	399.425	 	0.999279	 	0	 	0.00156207	 	0.0233294	 	
799000	-1.99717	 	1595.5	 	0.999279	 	399.425	 	0.999279	 	0	 	0.00156201	 	0.0233296	 	
800000	-1.99717	 	1595.5	 	0.999279	 	399.425	 	0.999279	 	0	 	0.00156217	 	0.023334	 	
801000	-1.99717	 	1595.5	 	0.999279	 	399.425	 	0.999279	 	0.0025	 	0.00156241	 	0.0233387	 	
802000	-1.99717	 	1595.5	 	0.999278	 	399.424	 	0.999278	 	0.0075	 	0.00156337	 	0.0233488	 	
803000	-1.99717	 	1595.5	 	0.999278	 	399.424	 	0.999278	 	0	 	0.00156286	 	0.0233417	 	
804000	-1.99717	 	1595.5	 	0.999278	 	399.424	 	0.999278	 	0.0025	 	0.0015632	 	0.0233465	 	
805000	-1.99717	 	1595.5	 	0.999278	 	399.424	 	0.999278	 	0	 	0.00156293	 	0.0233429	 	
806000	-1.99717	 	1595.5	 	0.999278	 	399.424	 	0.999278	 	0	 	0.0015631	 	0.0233454	 	
807000	-1.99717	 	1595.5	 	0.999278	 	399.424	 	0.999278	 	0	 	0.00156291	 	0.0233429	 	
808000	-1.99717	 	1595.5	 	0.999278	 	399.424	 	0.999278	 	0	 	0.00156287	 	0.0233436	 	
809000	-1.99717	 	1595.5	 	0.999278	 	399.424	 	0.999278	 	0	 	0.00156284	 	0.023344	 	
810000	-1.99717	 	1595.5	 	0.999278	 	399.424	 	0.999278	 	0	 	0.00156293	 	0.0233462	 	
811000	-1.99717	 	1595.5	 	0.999278	 	399.424	 	0.999278	 	0	 	0.00156283	 	0.0233436	 	
812000	-1.99717	 	1595.5	 	0.999278	 	399.424	 	0.999278	 	0	 	0.00156289	 	0.023346	 	
813000	-1.99717	 	1595.5	 	0.999278	 	399.424	 	0.999278	 	0.0075	 	0.00156342	 	0.0233518	 	
814000	-1.99717	 	1595.5	 	0.999278	 	399.424	 	0.999278	 	0	 	0.0015632	 	0.0233493	 	
815000	-1.99717	 	1595.5	 	0.999278	 	399.424	 	0.999278	 	0.0025	 	0.00156312	 	0.0233474	 	
816000	-1.99717	 	1595.5	 	0.999278	 	399.424	 	0.999278	 	0.0025	 	0.00156321	 	0.0233486	 	
817000	-1.99717	 	1595.5	 	0.999278	 	399.424	 	0.999278	 	0	 	0.00156328	 	0.0233474	 	
818000	-1.99717	 	1595.5	 	0.999278	 	399.424	 	0.999278	 	0	 	0.00156313	 	0.0233459	 	
819000	-1.99717	 	1595.5	 	0.999278	 	399.424	 	0.999278	 	0	 	0.00156312	 	0.0233452	 	
820000	-1.99717	 	1595.5	 	0.999278	 	399.424	 	0.999278	 	0	 	0.00156309	 	0.0233441	 	
821000	-1.99717	 	1595.5	 	0.999278	 	399.424	 	0.999278	 	0	 	0.00156314	 	0.0233448	 	
822000	-1.99717	 	1595.5	 	0.999278	 	399.424	 	0.999278	 	0	 	0.00156287	 	0.0233394	 	
823000	-1.99717	 	1595.5	 	0.999278	 	399.424	 	0.999278	 	0	 	0.00156288	 	0.0233403	 	
824000	-1.99717	 	1595.5	 	0.999278	 	399.424	 	0.999278	 	0.0025	 	0.00156296	 	0.0233421	 	
825000	-1.99717	 	1595.5	 	0.999278	 	399.424	 	0.999278	 	0.0025	 	0.00156295	 	0.0233423	 	
826000	-1.99717	 	1595.5	 	0.999278	 	399.424	 	0.999278	 	0.0075	 	0.00156291	 	0.023341	 	
827000	-1.99717	 	1595.5	 	0.999279	 	399.425	 	0.999279	 	0	 	0.00156234	 	0.0233335	 	
828000	-1.99717	 	1595.5	 	0.999279	 	399.425	 	0.999279	 	0	 	0.00156217	 	0.0233307	 	
829000	-1.99717	 	1595.5	 	0.999279	 	399.425	 	0.999279	 	0	 	0.00156193	 	0.023328	 	
830000	-1.99717	 	1595.5	 	0.999278	 	399.425	 	0.999278	 	0	 	0.00156241	 	0.0233355	 	
831000	-1.99717	 	1595.5	 	0.999278	 	399.424	 	0.999278	 	0	 	0.00156264	 	0.0233403	 	
832000	-1.99717	 	1595.5	 	0.999279	 	399.425	 	0.999279	 	0	 	0.00156227	 	0.0233335	 	
833000	-1.99717	 	1595.5	 	0.999279	 	399.425	 	0.999279	 	0	 	0.00156207	 	0.0233314	 	
834000	-1.99717	 	1595.5	 	0.999279	 	399.425	 	0.999279	 	0	 	0.00156226	 	0.0233334	 	
835000	-1.99717	 	1595.5	 	0.999279	 	399.425	 	0.999279	 	0	 	0.00156204	 	0.0233305	 	
836000	-1.99717	 	1595.5	 	0.999279	 	399.425	 	0.999279	 	0.005	 	0.00156202	 	0.0233316	 	
837000	-1.99717	 	1595.5	 	0.999279	 	399.425	 	0.999279	 	0	 	0.00156179	 	0.0233296	 	
838000	-1.99717	 	1595.5	 	0.999279	 	399.425	 	0.999279	 	0	 	0.00156147	 	0.0233246	 	
839000	-1.99717	 	1595.5	 	0.999279	 	399.425	 	0.999279	 	0	 	0.0015618	 	0.0233306	 	
840000	-1.99717	 	1595.5	 	0.999279	 	399.425	 	0.999279	 	0.0025	 	0.00156182	 	0.0233302	 	
841000	-1.99717	 	1595.5	 	0.999279	 	399.425	 	0.999279	 	0.005	 	0.001562	 	0.0233318	 	
842000	-1.99717	 	1595.5	 	0.999279	 	399.425	 	0.999279	 	0	 	0.0015615	 	0.0233256	 	
843000	-1.99717	 	1595.5	 	0.999279	 	399.425	 	0.999279	 	0	 	0.00156184	 	0.0233324	 	
844000	-1.99717	 	1595.5	 	0.999279	 	399.425	 	0.999279	 	0	 	0.00156222	 	0.0233368	 	
845000	-1.99717	 	1595.5	 	0.999279	 	399.425	 	0.999279	 	0	 	0.00156212	 	0.0233346	 	
846000	-1.99717	 	1595.5	 	0.999278	 	399.425	 	0.999278	 	0	 	0.00156237	 	0.0233366	 	
847000	-1.99717	 	1595.5	 	0.999279	 	399.425	 	0.999279	 	0.005	 	0.00156203	 	0.0233316	 	
848000	-1.99717	 	1595.5	 	0.999279	 	399.425	 	0.999279	 	0	 	0.0015619	 	0.0233298	 	
849000	-1.99717	 	1595.5	 	0.999279	 	399.425	 	0.999279	 	0	 	0.00156189	 	0.0233302	 	
850000	-1.99717	 	1595.5	 	0.999279	 	399.425	 	0.999279	 	0	 	0.00156183	 	0.0233283	 	
851000	-1.99717	 	1595.5	 	0.999279	 	399.425	 	0.999279	 	0	 	0.00156115	 	0.0233179	 	
852000	-1.99717	 	1595.5	 	0.999279	 	399.425	 	0.999279	 	0	 	0.0015615	 	0.0233239	 	
853000	-1.99717	 	1595.5	 	0.999279	 	399.425	 	0.999279	 	0	 	0.00156159	 	0.0233249	 	
854000	-1.99717	 	1595.5	 	0.999279	 	399.425	 	0.999279	 	0.0025	 	0.00156119	 	0.0233202	 	
855000	-1.99717	 	1595.5	 	0.999279	 	399.425	 	0.999279	 	0	 	0.00156099	 	0.023318	 	
856000	-1.99717	 	1595.5	 	0.999279	 	399.425	 	0.999279	 	0	 	0.0015607	 	0.0233145	 	
857000	-1.99717	 	1595.5	 	0.999279	 	399.425	 	0.999279	 	0	 	0.00156113	 	0.0233187	 	
858000	-1.99717	 	1595.5	 	0.999279	 	399.425	 	0.999279	 	0	 	0.00156107	 	0.0233184	 	
859000	-1.99717	 	1595.5	 	0.999279	 	399.425	 	0.999279	 	0	 	0.00156092	 	0.0233162	 	
860000	-1.99717	 	1595.5	 	0.999279	 	399.425	 	0.999279	 	0.005	 	0.00156105	 	0.0233185	 	
861000	-1.99717	 	1595.5	 	0.999279	 	399.425	 	0.999279	 	0.0025	 	0.00156104	 	0.02332	 	
862000	-1.99717	 	1595.5	 	0.999279	 	399.425	 	0.999279	 	0	 	0.00156112	 	0.0233213	 	
863000	-1.99717	 	1595.5	 	0.999279	 	399.425	 	0.999279	 	0	 	0.00156093	 	0.0233188	 	
864000	-1.99717	 	1595.5	 	0.999279	 	399.425	 	0.999279	 	0.0025	 	0.00156122	 	0.0233218	 	
865000	-1.99717	 	1595.5	 	0.999279	 	399.425	 	0.999279	 	0	 	0.00156092	 	0.0233181	 	
866000	-1.99717	 	1595.5	 	0.999279	 	399.425	 	0.999279	 	0.0025	 	0.00156082	 	0.0233163	 	
867000	-1.99717	 	1595.5	 	0.999279	 	399.425	 	0.999279	 	0	 	0.00156066	 	0.0233133	 	
868000	-1.99717	 	1595.5	 	0.999279	 	399.425	 	0.999279	 	0	 	0.00156033	 	0.0233087	 	
869000	-1.99717	 	1595.5	 	0.999279	 	399.425	 	0.999279	 	0	 	0.00156023	 	0.0233087	 	
870000	-1.99717	 	1595.5	 	0.999279	 	399.425	 	0.999279	 	0	 	0.00156	 	0.0233036	 	
871000	-1.99717	 	1595.5	 	0.999279	 	399.425	 	0.999279	 	0	 	0.00155999	 	0.0233047	 	
872000	-1.99717	 	1595.5	 	0.999279	 	399.425	 	0.999279	 	0	 	0.00155989	 	0.0233038	 	
873000	-1.99717	 	1595.5	 	0.999279	 	399.425	 	0.999279	 	0	 	0.00155985	 	0.023304	 	
874000	-1.99717	 	1595.5	 	0.999279	 	399.425	 	0.999279	 	0	 	0.00156058	 	0.0233136	 	
875000	-1.99717	 	1595.5	 	0.999279	 	399.425	 	0.999279	 	0	 	0.0015605	 	0.0233133	 	
876000	-1.99717	 	1595.5	 	0.999279	 	399.425	 	0.999279	 	0.0025	 	0.00156034	 	0.0233106	 	
877000	-1.99717	 	1595.5	 	0.999279	 	399.425	 	0.999279	 	0	 	0.00156076	 	0.0233167	 	
878000	-1.99717	 	1595.5	 	0.999279	 	399.425	 	0.999279	 	0	 	0.00156091	 	0.0233191	 	
879000	-1.99717	 	1595.5	 	0.999279	 	399.425	 	0.999279	 	0	 	0.00156058	 	0.0233147	 	
880000	-1.99717	 	1595.5	 	0.999279	 	399.425	 	0.999279	 	0	 	0.00156052	 	0.0233144	 	
881000	-1.99717	 	1595.5	 	0.999279	 	399.425	 	0.999279	 	0.0025	 	0.00156023	 	0.0233096	 	
882000	-1.99717	 	1595.5	 	0.999279	 	399.425	 	0.999279	 	0	 	0.00156049	 	0.0233134	 	
883000	-1.99717	 	1595.5	 	0.999279	 	399.425	 	0.999279	 	0	 	0.00156013	 	0.0233087	 	
884000	-1.99717	 	1595.5	 	0.999279	 	399.425	 	0.999279	 	0	 	0.00156057	 	0.0233145	 	
885000	-1.99717	 	1595.5	 	0.999279	 	399.425	 	0.999279	 	0	 	0.00156037	 	0.023313	 	
886000	-1.99717	 	1595.5	 	0.999279	 	399.425	 	0.999279	 	0	 	0.0015604	 	0.0233131	 	
887000	-1.99717	 	1595.5	 	0.999279	 	399.425	 	0.999279	 	0	 	0.00156019	 	0.0233107	 	
888000	-1.99717	 	1595.5	 	0.999279	 	399.425	 	0.999279	 	0.0025	 	0.00156019	 	0.0233102	 	
889000	-1.99717	 	1595.5	 	0.999279	 	399.425	 	0.999279	 	0.005	 	0.00156028	 	0.0233091	 	
890000	-1.99717	 	1595.5	 	0.999279	 	399.425	 	0.999279	 	0.005	 	0.00156019	 	0.0233081	 	
891000	-1.99717	 	1595.5	 	0.999279	 	399.425	 	0.999279	 	0	 	0.00156046	 	0.0233098	 	
892000	-1.99717	 	1595.5	 	0.999279	 	399.425	 	0.999279	 	0.0025	 	0.00156046	 	0.0233101	 	
893000	-1.99717	 	1595.5	 	0.999279	 	399.425	 	0.999279	 	0.005	 	0.00156092	 	0.0233166	 	
894000	-1.99717	 	1595.5	 	0.999279	 	399.425	 	0.999279	 	0	 	0.00156086	 	0.023316	 	
895000	-1.99717	 	1595.5	 	0.999279	 	399.425	 	0.999279	 	0	 	0.00156096	 	0.0233177	 	
896000	-1.99717	 	1595.5	 	0.999279	 	399.425	 	0.999279	 	0	 	0.00156066	 	0.0233142	 	
897000	-1.99717	 	1595.5	 	0.999279	 	399.425	 	0.999279	 	0	 	0.00156052	 	0.0233127	 	
898000	-1.99717	 	1595.5	 	0.999279	 	399.425	 	0.999279	 	0	 	0.00156067	 	0.0233144	 	
899000	-1.99717	 	1595.5	 	0.999279	 	399.425	 	0.999279	 	0	 	0.00156086	 	0.0233161	 	
900000	-1.99717	 	1595.5	 	0.999279	 	399.425	 	0.999279	 	0	 	0.00156099	 	0.0233174	 	
901000	-1.99717	 	1595.5	 	0.999279	 	399.425	 	0.999279	 	0.005	 	0.0015609	 	0.0233167	 	
902000	-1.99717	 	1595.5	 	0.999279	 	399.425	 	0.999279	 	0	 	0.00156078	 	0.023315	 	
903000	-1.99717	 	1595.5	 	0.999279	 	399.425	 	0.999279	 	0	 	0.00156051	 	0.0233105	 	
904000	-1.99717	 	1595.5	 	0.999279	 	399.425	 	0.999279	 	0	 	0.00156127	 	0.0233174	 	
905000	-1.99717	 	1595.5	 	0.999279	 	399.425	 	0.999279	 	0	 	0.00156125	 	0.023318	 	
906000	-1.99717	 	1595.5	 	0.999279	 	399.425	 	0.999279	 	0	 	0.0015615	 	0.0233224	 	
907000	-1.99717	 	1595.5	 	0.999279	 	399.425	 	0.999279	 	0	 	0.00156152	 	0.0233226	 	
908000	-1.99717	 	1595.5	 	0.999279	 	399.425	 	0.999279	 	0.005	 	0.00156168	 	0.0233223	 	
909000	-1.99717	 	1595.5	 	0.999279	 	399.425	 	0.999279	 	0.0025	 	0.00156145	 	0.0233193	 	
910000	-1.99717	 	1595.5	 	0.999279	 	399.425	 	0.999279	 	0	 	0.00156137	 	0.0233187	 	
911000	-1.99717	 	1595.5	 	0.999279	 	399.425	 	0.999279	 	0.0025	 	0.00156148	 	0.02332	 	
912000	-1.99717	 	1595.5	 	0.999279	 	399.425	 	0.999279	 	0	 	0.0015611	 	0.0233145	 	
913000	-1.99717	 	1595.5	 	0.999279	 	399.425	 	0.999279	 	0	 	0.00156085	 	0.023311	 	
914000	-1.99717	 	1595.5	 	0.999279	 	399.425	 	0.999279	 	0	 	0.00156047	 	0.0233061	 	
915000	-1.99717	 	1595.5	 	0.999279	 	399.425	 	0.999279	 	0.005	 	0.00156002	 	0.0232993	 	
916000	-1.99717	 	1595.5	 	0.999279	 	399.425	 	0.999279	 	0	 	0.00156015	 	0.0233004	 	
917000	-1.99717	 	1595.5	 	0.999279	 	399.425	 	0.999279	 	0	 	0.00155999	 	0.0232981	 	
918000	-1.99717	 	1595.5	 	0.999279	 	399.425	 	0.999279	 	0.0025	 	0.00155984	 	0.0232965	 	
919000	-1.99717	 	1595.5	 	0.999279	 	399.425	 	0.999279	 	0	 	0.00156003	 	0.0232971	 	
920000	-1.99717	 	1595.5	 	0.999279	 	399.425	 	0.999279	 	0	 	0.00156018	 	0.0232983	 	
921000	-1.99717	 	1595.5	 	0.999279	 	399.425	 	0.999279	 	0	 	0.00156005	 	0.0232968	 	
922000	-1.99717	 	1595.5	 	0.999279	 	399.425	 	0.999279	 	0	 	0.00156023	 	0.0232993	 	
923000	-1.99717	 	1595.5	 	0.999279	 	399.425	 	0.999279	 	0.0025	 	0.00156026	 	0.0233001	 	
924000	-1.99717	 	1595.5	 	0.999279	 	399.425	 	0.999279	 	0	 	0.00156051	 	0.0233046	 	
925000	-1.99717	 	1595.5	 	0.999279	 	399.425	 	0.999279	 	0	 	0.00156047	 	0.0233047	 	
926000	-1.99717	 	1595.5	 	0.999279	 	399.425	 	0.999279	 	0.0075	 	0.00156027	 	0.0233024	 	
927000	-1.99717	 	1595.5	 	0.999279	 	399.425	 	0.999279	 	0	 	0.00155991	 	0.0232973	 	
928000	-1.99717	 	1595.5	 	0.999279	 	399.425	 	0.999279	 	0	 	0.00156062	 	0.0233064	 	
929000	-1.99717	 	1595.5	 	0.999279	 	399.425	 	0.999279	 	0	 	0.00156079	 	0.0233079	 	
930000	-1.99717	 	1595.5	 	0.999279	 	399.425	 	0.999279	 	0.0025	 	0.00156056	 	0.0233048	 	
931000	-1.99717	 	1595.5	 	0.999279	 	399.425	 	0.999279	 	0.005	 	0.00156053	 	0.0233049	 	
932000	-1.99717	 	1595.5	 	0.999279	 	399.425	 	0.999279	 	0	 	0.00156077	 	0.0233076	 	
933000	-1.99717	 	1595.5	 	0.999279	 	399.425	 	0.999279	 	0	 	0.0015608	 	0.0233084	 	
934000	-1.99717	 	1595.5	 	0.999279	 	399.425	 	0.999279	 	0	 	0.00156134	 	0.023317	 	
935000	-1.99717	 	1595.5	 	0.999279	 	399.425	 	0.999279	 	0	 	0.0015615	 	0.0233187	 	
936000	-1.99717	 	1595.5	 	0.999279	 	399.425	 	0.999279	 	0	 	0.00156132	 	0.0233169	 	
937000	-1.99717	 	1595.5	 	0.999279	 	399.425	 	0.999279	 	0	 	0.00156127	 	0.0233172	 	
938000	-1.99717	 	1595.5	 	0.999279	 	399.425	 	0.999279	 	0.0025	 	0.00156085	 	0.0233114	 	
939000	-1.99717	 	1595.5	 	0.999279	 	399.425	 	0.999279	 	0	 	0.00156133	 	0.0233191	 	
940000	-1.99717	 	1595.5	 	0.999279	 	399.425	 	0.999279	 	0	 	0.00156132	 	0.0233202	 	
941000	-1.99717	 	1595.5	 	0.999279	 	399.425	 	0.999279	 	0	 	0.00156203	 	0.0233244	 	
942000	-1.99717	 	1595.5	 	0.999278	 	399.425	 	0.999278	 	0.005	 	0.00156248	 	0.023331	 	
943000	-1.99717	 	1595.5	 	0.999279	 	399.425	 	0.999279	 	0	 	0.00156225	 	0.0233279	 	
944000	-1.99717	 	1595.5	 	0.999279	 	399.425	 	0.999279	 	0	 	0.001562	 	0.0233239	 	
945000	-1.99717	 	1595.5	 	0.999279	 	399.425	 	0.999279	 	0	 	0.00156191	 	0.0233232	 	
946000	-1.99717	 	1595.5	 	0.999279	 	399.425	 	0.999279	 	0	 	0.00156177	 	0.0233221	 	
947000	-1.99717	 	1595.5	 	0.999279	 	399.425	 	0.999279	 	0.0025	 	0.00156216	 	0.0233284	 	
948000	-1.99717	 	1595.5	 	0.999278	 	399.425	 	0.999278	 	0	 	0.00156233	 	0.023331	 	
949000	-1.99717	 	1595.5	 	0.999279	 	399.425	 	0.999279	 	0	 	0.00156236	 	0.0233287	 	
950000	-1.99717	 	1595.5	 	0.999279	 	399.425	 	0.999279	 	0	 	0.00156218	 	0.0233265	 	
951000	-1.99717	 	1595.5	 	0.999279	 	399.425	 	0.999279	 	0	 	0.00156213	 	0.023327	 	
952000	-1.99717	 	1595.5	 	0.999279	 	399.425	 	0.999279	 	0.0025	 	0.00156196	 	0.0233239	 	
953000	-1.99717	 	1595.5	 	0.999279	 	399.425	 	0.999279	 	0	 	0.00156177	 	0.0233218	 	
954000	-1.99717	 	1595.5	 	0.999279	 	399.425	 	0.999279	 	0	 	0.0015621	 	0.0233274	 	
955000	-1.99717	 	1595.5	 	0.999278	 	399.425	 	0.999278	 	0	 	0.00156205	 	0.0233277	 	
956000	-1.99717	 	1595.5	 	0.999279	 	399.425	 	0.999279	 	0	 	0.00156184	 	0.0233249	 	
957000	-1.99717	 	1595.5	 	0.999279	 	399.425	 	0.999279	 	0	 	0.00156199	 	0.023326	 	
958000	-1.99717	 	1595.5	 	0.999279	 	399.425	 	0.999279	 	0	 	0.00156202	 	0.0233271	 	
959000	-1.99717	 	1595.5	 	0.999278	 	399.425	 	0.999278	 	0	 	0.00156244	 	0.0233308	 	
960000	-1.99717	 	1595.5	 	0.999278	 	399.425	 	0.999278	 	0.0025	 	0.00156234	 	0.0233298	 	
961000	-1.99717	 	1595.5	 	0.999279	 	399.425	 	0.999279	 	0	 	0.00156229	 	0.0233287	 	
962000	-1.99717	 	1595.5	 	0.999278	 	399.425	 	0.999278	 	0	 	0.00156229	 	0.0233285	 	
963000	-1.99717	 	1595.5	 	0.999278	 	399.424	 	0.999278	 	0	 	0.00156231	 	0.0233304	 	
964000	-1.99717	 	1595.5	 	0.999279	 	399.425	 	0.999279	 	0	 	0.00156169	 	0.0233213	 	
965000	-1.99717	 	1595.5	 	0.999279	 	399.425	 	0.999279	 	0.005	 	0.00156147	 	0.0233191	 	
966000	-1.99717	 	1595.5	 	0.999279	 	399.425	 	0.999279	 	0	 	0.0015615	 	0.0233198	 	
967000	-1.99717	 	1595.5	 	0.999279	 	399.425	 	0.999279	 	0	 	0.0015613	 	0.023317	 	
968000	-1.99717	 	1595.5	 	0.999279	 	399.425	 	0.999279	 	0.0025	 	0.00156129	 	0.0233181	 	
969000	-1.99717	 	1595.5	 	0.999279	 	399.425	 	0.999279	 	0	 	0.00156123	 	0.0233169	 	
970000	-1.99717	 	1595.5	 	0.999279	 	399.425	 	0.999279	 	0.005	 	0.00156111	 	0.0233155	 	
971000	-1.99717	 	1595.5	 	0.999279	 	399.425	 	0.999279	 	0	 	0.00156097	 	0.0233147	 	
972000	-1.99717	 	1595.5	 	0.999279	 	399.425	 	0.999279	 	0	 	0.0015606	 	0.0233093	 	
973000	-1.99717	 	1595.5	 	0.999279	 	399.425	 	0.999279	 	0.0025	 	0.00156048	 	0.0233078	 	
974000	-1.99717	 	1595.5	 	0.999279	 	399.425	 	0.999279	 	0	 	0.00156035	 	0.0233057	 	
975000	-1.99717	 	1595.5	 	0.999279	 	399.425	 	0.999279	 	0	 	0.00156045	 	0.0233087	 	
976000	-1.99717	 	1595.5	 	0.999279	 	399.425	 	0.999279	 	0	 	0.00156047	 	0.0233105	 	
977000	-1.99717	 	1595.5	 	0.999279	 	399.425	 	0.999279	 	0	 	0.00156066	 	0.0233143	 	
978000	-1.99717	 	1595.5	 	0.999279	 	399.425	 	0.999279	 	0	 	0.00156039	 	0.02331	 	
979000	-1.99717	 	1595.5	 	0.999279	 	399.425	 	0.999279	 	0	 	0.00156044	 	0.0233098	 	
980000	-1.99717	 	1595.5	 	0.999279	 	399.425	 	0.999279	 	0	 	0.00156052	 	0.023312	 	
981000	-1.99717	 	1595.5	 	0.999279	 	399.425	 	0.999279	 	0	 	0.00156036	 	0.0233099	 	
982000	-1.99717	 	1595.5	 	0.999279	 	399.425	 	0.999279	 	0	 	0.00156022	 	0.0233074	 	
983000	-1.99717	 	1595.5	 	0.999279	 	399.425	 	0.999279	 	0	 	0.00156079	 	0.0233174	 	
984000	-1.99717	 	1595.5	 	0.999279	 	399.425	 	0.999279	 	0	 	0.00156085	 	0.0233179	 	
985000	-1.99717	 	1595.5	 	0.999279	 	399.425	 	0.999279	 	0	 	0.00156087	 	0.0233191	 	
986000	-1.99717	 	1595.5	 	0.999279	 	399.425	 	0.999279	 	0	 	0.0015609	 	0.0233199	 	
987000	-1.99717	 	1595.5	 	0.999279	 	399.425	 	0.999279	 	0	 	0.0015606	 	0.0233161	 	
988000	-1.99717	 	1595.5	 	0.999279	 	399.425	 	0.999279	 	0	 	0.00156084	 	0.02332	 	
989000	-1.99717	 	1595.5	 	0.999279	 	399.425	 	0.999279	 	0	 	0.00156103	 	0.0233229	 	
990000	-1.99717	 	1595.5	 	0.999279	 	399.425	 	0.999279	 	0.0025	 	0.00156101	 	0.0233231	 	
991000	-1.99717	 	1595.5	 	0.999279	 	399.425	 	0.999279	 	0	 	0.00156195	 	0.0233269	 	
992000	-1.99717	 	1595.5	 	0.999279	 	399.425	 	0.999279	 	0	 	0.00156209	 	0.0233291	 	
993000	-1.99717	 	1595.5	 	0.999279	 	399.425	 	0.999279	 	0	 	0.00156215	 	0.0233303	 	
994000	-1.99717	 	1595.5	 	0.999279	 	399.425	 	0.999279	 	0	 	0.0015624	 	0.0233341	 	
995000	-1.99717	 	1595.5	 	0.999279	 	399.425	 	0.999279	 	0	 	0.00156217	 	0.0233313	 	
996000	-1.99717	 	1595.5	 	0.999279	 	399.425	 	0.999279	 	0	 	0.00156197	 	0.0233283	 	
997000	-1.99717	 	1595.5	 	0.999279	 	399.425	 	0.999279	 	0	 	0.00156241	 	0.0233337	 	
998000	-1.99717	 	1595.5	 	0.999278	 	399.424	 	0.999278	 	0	 	0.00156277	 	0.0233387	 	
999000	-1.99717	 	1595.5	 	0.999278	 	399.424	 	0.999278	 	0	 	0.001563	 	0.023342	 	
