MCcycles: 1000000	 L = 20	 T = 2.4	 Randomstart = 0
MCcycles 	 E 		 E2 		 M 		 M2 		 Mabs 		 accepted		 X 		 Cv
1	-1.81	 	1310.44	 	0.945	 	357.21	 	0.945	 	0.045	 	0	 	0	 	
1000	-1.22527	 	607.793	 	0.372545	 	85.6878	 	0.402625	 	0.2525	 	8.68543	 	1.26359	 	
2000	-1.20804	 	591.033	 	0.327175	 	78.2938	 	0.37158	 	0.2175	 	9.61046	 	1.26536	 	
3000	-1.22016	 	602.781	 	0.290143	 	87.5031	 	0.405607	 	0.25	 	9.04017	 	1.26179	 	
4000	-1.21741	 	599.753	 	0.104614	 	89.3302	 	0.417269	 	0.2425	 	8.20206	 	1.20155	 	
5000	-1.21509	 	598.015	 	0.059937	 	89.0369	 	0.415105	 	0.2925	 	8.38002	 	1.29056	 	
6000	-1.2147	 	597.635	 	-0.000385	 	89.8163	 	0.416588	 	0.185	 	8.49915	 	1.2902	 	
7000	-1.21891	 	601.656	 	0.0295836	 	89.7121	 	0.416531	 	0.37	 	8.46375	 	1.27808	 	
8000	-1.21624	 	599.197	 	0.0368119	 	89.0909	 	0.413649	 	0.345	 	8.60357	 	1.30262	 	
9000	-1.22102	 	603.998	 	0.0897878	 	92.9533	 	0.424948	 	0.2725	 	8.63376	 	1.32592	 	
10000	-1.22386	 	606.885	 	0.0452875	 	94.6952	 	0.428665	 	0.3275	 	8.83065	 	1.34609	 	
11000	-1.22969	 	612.934	 	0.0894055	 	98.4531	 	0.438071	 	0.26	 	9.03777	 	1.40178	 	
12000	-1.22876	 	611.963	 	0.0950129	 	98.0508	 	0.4377	 	0.3	 	8.92422	 	1.39248	 	
13000	-1.23007	 	613.27	 	0.104368	 	99.2699	 	0.442123	 	0.245	 	8.78366	 	1.39542	 	
14000	-1.2302	 	613.448	 	0.0997929	 	100.366	 	0.44562	 	0.2425	 	8.72281	 	1.40553	 	
15000	-1.23021	 	613.369	 	0.0632827	 	100.179	 	0.445877	 	0.31	 	8.60712	 	1.38918	 	
16000	-1.22973	 	612.859	 	0.0735075	 	99.4904	 	0.445311	 	0.3175	 	8.40398	 	1.38219	 	
17000	-1.2304	 	613.65	 	0.0935991	 	100.789	 	0.449312	 	0.2075	 	8.3485	 	1.4064	 	
18000	-1.2309	 	614.106	 	0.0946353	 	100.724	 	0.449034	 	0.35	 	8.36329	 	1.39978	 	
19000	-1.23327	 	616.47	 	0.0598803	 	102.802	 	0.455182	 	0.3725	 	8.30248	 	1.4034	 	
20000	-1.23431	 	617.438	 	0.0800235	 	103.353	 	0.457152	 	0.265	 	8.23243	 	1.39452	 	
21000	-1.23391	 	617.003	 	0.0905338	 	102.48	 	0.454023	 	0.295	 	8.34387	 	1.38683	 	
22000	-1.23216	 	615.239	 	0.0945277	 	101.038	 	0.449778	 	0.2625	 	8.38224	 	1.37981	 	
23000	-1.23087	 	613.955	 	0.0984872	 	99.6999	 	0.4454	 	0.2825	 	8.47814	 	1.37782	 	
24000	-1.23192	 	614.957	 	0.11587	 	100.576	 	0.448475	 	0.27	 	8.38513	 	1.37269	 	
25000	-1.23551	 	618.643	 	0.13643	 	103.288	 	0.455731	 	0.2525	 	8.42161	 	1.3979	 	
26000	-1.23446	 	617.674	 	0.120597	 	102.871	 	0.454408	 	0.3625	 	8.44827	 	1.40891	 	
27000	-1.23642	 	619.702	 	0.131234	 	104.098	 	0.457384	 	0.335	 	8.5074	 	1.42496	 	
28000	-1.23582	 	619.09	 	0.121953	 	103.11	 	0.454207	 	0.2075	 	8.57852	 	1.42264	 	
29000	-1.23625	 	619.559	 	0.103258	 	103.152	 	0.453292	 	0.17	 	8.73439	 	1.42893	 	
30000	-1.23648	 	619.77	 	0.112068	 	103.561	 	0.454888	 	0.27	 	8.66335	 	1.42659	 	
31000	-1.23725	 	620.548	 	0.0946385	 	104.372	 	0.457304	 	0.31	 	8.63368	 	1.42898	 	
32000	-1.23639	 	619.659	 	0.0904127	 	103.911	 	0.455833	 	0.205	 	8.66551	 	1.42307	 	
33000	-1.23751	 	620.746	 	0.0706526	 	104.898	 	0.45904	 	0.23	 	8.58765	 	1.41893	 	
34000	-1.23689	 	620.13	 	0.0589159	 	104.172	 	0.456126	 	0.295	 	8.72996	 	1.41944	 	
35000	-1.23741	 	620.67	 	0.0433983	 	104.603	 	0.457253	 	0.185	 	8.73789	 	1.42322	 	
36000	-1.23659	 	619.863	 	0.0341307	 	104.232	 	0.456278	 	0.14	 	8.73173	 	1.4234	 	
37000	-1.23531	 	618.606	 	0.0398203	 	103.316	 	0.453349	 	0.2975	 	8.79418	 	1.4252	 	
38000	-1.23527	 	618.557	 	0.0289818	 	103.238	 	0.452972	 	0.3	 	8.81845	 	1.42331	 	
39000	-1.23395	 	617.235	 	0.0304645	 	102.138	 	0.449359	 	0.205	 	8.9035	 	1.42104	 	
40000	-1.23404	 	617.338	 	0.0391254	 	102.173	 	0.449415	 	0.2825	 	8.90995	 	1.42361	 	
41000	-1.23573	 	619.05	 	0.0378033	 	103.355	 	0.452615	 	0.23	 	8.9213	 	1.42949	 	
42000	-1.23639	 	619.703	 	0.0246355	 	103.847	 	0.45419	 	0.2425	 	8.88788	 	1.42982	 	
43000	-1.23684	 	620.126	 	0.0124526	 	104.231	 	0.455503	 	0.2675	 	8.84915	 	1.42599	 	
44000	-1.23692	 	620.2	 	0.0061858	 	104.228	 	0.455713	 	0.3025	 	8.81604	 	1.42539	 	
45000	-1.2373	 	620.539	 	0.0162911	 	104.371	 	0.456148	 	0.305	 	8.80916	 	1.41993	 	
46000	-1.23764	 	620.862	 	0.0269852	 	104.642	 	0.457289	 	0.2475	 	8.74872	 	1.41761	 	
47000	-1.237	 	620.208	 	0.0347146	 	104.26	 	0.456458	 	0.27	 	8.71591	 	1.4132	 	
48000	-1.23777	 	620.951	 	0.0223293	 	104.913	 	0.458611	 	0.2	 	8.65992	 	1.4098	 	
49000	-1.23827	 	621.438	 	0.0253909	 	105.334	 	0.459729	 	0.3125	 	8.66423	 	1.40878	 	
50000	-1.23702	 	620.213	 	0.0251337	 	104.448	 	0.457068	 	0.315	 	8.70168	 	1.40994	 	
51000	-1.23784	 	621.075	 	0.0152322	 	104.988	 	0.45805	 	0.2925	 	8.7767	 	1.41876	 	
52000	-1.23647	 	619.695	 	0.0156058	 	103.798	 	0.454475	 	0.2625	 	8.82472	 	1.41496	 	
53000	-1.23645	 	619.655	 	0.0191576	 	103.622	 	0.454106	 	0.295	 	8.80711	 	1.41126	 	
54000	-1.23694	 	620.139	 	0.0207856	 	103.984	 	0.455258	 	0.25	 	8.78314	 	1.41138	 	
55000	-1.23711	 	620.317	 	0.0286079	 	104.262	 	0.455941	 	0.2275	 	8.79552	 	1.41404	 	
56000	-1.237	 	620.194	 	0.0229413	 	104.247	 	0.455941	 	0.2625	 	8.78919	 	1.41145	 	
57000	-1.23688	 	620.06	 	0.0286321	 	103.914	 	0.45509	 	0.3025	 	8.77949	 	1.40885	 	
58000	-1.2374	 	620.581	 	0.0189606	 	104.426	 	0.45658	 	0.23	 	8.76652	 	1.40977	 	
59000	-1.23857	 	621.788	 	0.0227467	 	105.335	 	0.458945	 	0.245	 	8.78453	 	1.41793	 	
60000	-1.239	 	622.237	 	0.0269194	 	105.606	 	0.459515	 	0.1975	 	8.81036	 	1.42186	 	
61000	-1.23889	 	622.143	 	0.0269819	 	105.507	 	0.459225	 	0.1925	 	8.81306	 	1.42432	 	
62000	-1.23962	 	622.887	 	0.0321302	 	106.188	 	0.461076	 	0.2925	 	8.81314	 	1.42852	 	
63000	-1.23943	 	622.67	 	0.031739	 	105.993	 	0.460766	 	0.3225	 	8.77961	 	1.42331	 	
64000	-1.23988	 	623.136	 	0.0259641	 	106.318	 	0.461582	 	0.3475	 	8.78939	 	1.42682	 	
65000	-1.23979	 	623.049	 	0.0299073	 	106.112	 	0.460931	 	0.27	 	8.80374	 	1.42688	 	
66000	-1.23957	 	622.811	 	0.0242109	 	105.824	 	0.460037	 	0.3025	 	8.82087	 	1.4226	 	
67000	-1.23951	 	622.74	 	0.0256146	 	105.92	 	0.460551	 	0.1675	 	8.78202	 	1.42076	 	
68000	-1.24028	 	623.525	 	0.0165466	 	106.581	 	0.462469	 	0.235	 	8.76267	 	1.42536	 	
69000	-1.24069	 	623.948	 	0.00908152	 	106.927	 	0.463531	 	0.21	 	8.74267	 	1.42714	 	
70000	-1.24082	 	624.087	 	0.00548721	 	107.059	 	0.463848	 	0.205	 	8.74883	 	1.42955	 	
71000	-1.24071	 	623.984	 	0.0020338	 	107.061	 	0.463923	 	0.195	 	8.738	 	1.43016	 	
72000	-1.23993	 	623.221	 	0.00333229	 	106.577	 	0.462433	 	0.275	 	8.76636	 	1.43238	 	
73000	-1.24001	 	623.301	 	0.000159726	 	106.556	 	0.462297	 	0.2	 	8.77866	 	1.43323	 	
74000	-1.24033	 	623.637	 	-0.00617473	 	106.744	 	0.4627	 	0.3825	 	8.79476	 	1.43629	 	
75000	-1.23988	 	623.184	 	-0.0038758	 	106.359	 	0.461663	 	0.22	 	8.79393	 	1.43415	 	
76000	-1.24033	 	623.613	 	-0.0108595	 	106.699	 	0.462727	 	0.265	 	8.7719	 	1.43154	 	
77000	-1.24023	 	623.491	 	-0.0138753	 	106.689	 	0.462711	 	0.21	 	8.77027	 	1.4274	 	
78000	-1.24008	 	623.316	 	-0.0136865	 	106.528	 	0.462421	 	0.25	 	8.74762	 	1.42341	 	
79000	-1.24036	 	623.593	 	-0.0199489	 	106.785	 	0.463048	 	0.2025	 	8.75799	 	1.42288	 	
80000	-1.23986	 	623.079	 	-0.0201053	 	106.38	 	0.461926	 	0.3075	 	8.76224	 	1.42052	 	
81000	-1.24033	 	623.542	 	-0.0130172	 	106.751	 	0.463063	 	0.2325	 	8.74164	 	1.41908	 	
82000	-1.24057	 	623.757	 	-0.0145763	 	106.787	 	0.463385	 	0.2475	 	8.70709	 	1.41573	 	
83000	-1.24106	 	624.261	 	-0.00761084	 	107.182	 	0.464625	 	0.155	 	8.67972	 	1.41747	 	
84000	-1.24061	 	623.793	 	-0.0069044	 	106.869	 	0.463753	 	0.3375	 	8.68454	 	1.41515	 	
85000	-1.24032	 	623.498	 	-0.0113189	 	106.59	 	0.462951	 	0.3425	 	8.6919	 	1.4126	 	
86000	-1.24019	 	623.341	 	-0.016667	 	106.574	 	0.463062	 	0.2225	 	8.66819	 	1.40832	 	
87000	-1.24004	 	623.166	 	-0.0163675	 	106.323	 	0.462438	 	0.2725	 	8.65959	 	1.40435	 	
88000	-1.24018	 	623.333	 	-0.0188689	 	106.508	 	0.462915	 	0.225	 	8.66335	 	1.40849	 	
89000	-1.23997	 	623.136	 	-0.0208943	 	106.38	 	0.462559	 	0.3925	 	8.66475	 	1.40986	 	
90000	-1.23983	 	622.99	 	-0.0213536	 	106.393	 	0.4627	 	0.315	 	8.64876	 	1.40982	 	
91000	-1.2391	 	622.266	 	-0.0215496	 	105.775	 	0.460681	 	0.3025	 	8.70184	 	1.40997	 	
92000	-1.23889	 	622.07	 	-0.0232872	 	105.593	 	0.459993	 	0.2375	 	8.73153	 	1.41187	 	
93000	-1.23937	 	622.551	 	-0.0291334	 	105.996	 	0.461157	 	0.1275	 	8.7207	 	1.41339	 	
94000	-1.23923	 	622.411	 	-0.0334947	 	105.905	 	0.460929	 	0.2825	 	8.71768	 	1.4123	 	
95000	-1.23912	 	622.291	 	-0.0366758	 	105.711	 	0.460333	 	0.3175	 	8.72864	 	1.41077	 	
96000	-1.23897	 	622.138	 	-0.0368758	 	105.585	 	0.46007	 	0.3225	 	8.7165	 	1.4097	 	
97000	-1.23888	 	622.049	 	-0.0385656	 	105.442	 	0.459661	 	0.24	 	8.71938	 	1.40961	 	
98000	-1.23884	 	622.019	 	-0.0401133	 	105.412	 	0.459527	 	0.2325	 	8.72724	 	1.41118	 	
99000	-1.23825	 	621.413	 	-0.041349	 	104.891	 	0.458173	 	0.295	 	8.71744	 	1.4076	 	
100000	-1.2387	 	621.861	 	-0.0358861	 	105.233	 	0.459098	 	0.2525	 	8.71843	 	1.40724	 	
101000	-1.23842	 	621.614	 	-0.0339585	 	105.072	 	0.458419	 	0.3775	 	8.75548	 	1.41406	 	
102000	-1.2385	 	621.712	 	-0.030399	 	105.177	 	0.458705	 	0.2825	 	8.7555	 	1.41699	 	
103000	-1.23883	 	622.055	 	-0.0351026	 	105.395	 	0.459324	 	0.2625	 	8.75133	 	1.41969	 	
104000	-1.23887	 	622.089	 	-0.0301487	 	105.445	 	0.459578	 	0.2875	 	8.73342	 	1.41837	 	
105000	-1.23865	 	621.867	 	-0.0306356	 	105.317	 	0.459148	 	0.245	 	8.74585	 	1.41752	 	
106000	-1.23851	 	621.711	 	-0.0332025	 	105.137	 	0.458564	 	0.2875	 	8.76017	 	1.41484	 	
107000	-1.23901	 	622.207	 	-0.0312829	 	105.54	 	0.459711	 	0.19	 	8.75264	 	1.41507	 	
108000	-1.23892	 	622.116	 	-0.0274506	 	105.492	 	0.459549	 	0.285	 	8.75762	 	1.41375	 	
109000	-1.23918	 	622.365	 	-0.0233093	 	105.714	 	0.46018	 	0.36	 	8.75321	 	1.41365	 	
110000	-1.23887	 	622.047	 	-0.0204519	 	105.503	 	0.459627	 	0.33	 	8.75024	 	1.41179	 	
111000	-1.23867	 	621.839	 	-0.0187924	 	105.339	 	0.459242	 	0.2475	 	8.74062	 	1.40928	 	
112000	-1.23895	 	622.14	 	-0.023359	 	105.576	 	0.459923	 	0.1725	 	8.7352	 	1.41308	 	
113000	-1.23861	 	621.804	 	-0.0239828	 	105.325	 	0.45924	 	0.2225	 	8.73504	 	1.4128	 	
114000	-1.2386	 	621.771	 	-0.024553	 	105.152	 	0.45873	 	0.2625	 	8.74108	 	1.40964	 	
115000	-1.23841	 	621.582	 	-0.0221452	 	105.037	 	0.458354	 	0.22	 	8.75067	 	1.40928	 	
116000	-1.23847	 	621.658	 	-0.0204956	 	105.092	 	0.458434	 	0.295	 	8.7615	 	1.41237	 	
117000	-1.23817	 	621.356	 	-0.0234391	 	104.86	 	0.457782	 	0.22	 	8.76422	 	1.41118	 	
118000	-1.23842	 	621.62	 	-0.0208909	 	104.993	 	0.457969	 	0.135	 	8.79125	 	1.4151	 	
119000	-1.23855	 	621.751	 	-0.0217322	 	105.155	 	0.458393	 	0.315	 	8.79388	 	1.41476	 	
120000	-1.23837	 	621.569	 	-0.0191842	 	104.981	 	0.457873	 	0.2525	 	8.80089	 	1.41349	 	
121000	-1.23845	 	621.654	 	-0.0186754	 	105.064	 	0.458084	 	0.3275	 	8.80323	 	1.41441	 	
122000	-1.23831	 	621.519	 	-0.0198021	 	104.99	 	0.457899	 	0.245	 	8.80059	 	1.41488	 	
123000	-1.23812	 	621.313	 	-0.0198557	 	104.773	 	0.45734	 	0.2775	 	8.79553	 	1.41335	 	
124000	-1.23811	 	621.32	 	-0.022665	 	104.793	 	0.457382	 	0.235	 	8.7975	 	1.41555	 	
125000	-1.23771	 	620.92	 	-0.0206544	 	104.458	 	0.456408	 	0.3025	 	8.80602	 	1.41429	 	
126000	-1.23789	 	621.088	 	-0.019218	 	104.613	 	0.456845	 	0.265	 	8.80425	 	1.41361	 	
127000	-1.23803	 	621.235	 	-0.0213987	 	104.706	 	0.457104	 	0.1975	 	8.8035	 	1.41485	 	
128000	-1.23773	 	620.938	 	-0.024127	 	104.497	 	0.456489	 	0.31	 	8.81014	 	1.41427	 	
129000	-1.23754	 	620.75	 	-0.0257002	 	104.43	 	0.456301	 	0.285	 	8.81084	 	1.41528	 	
130000	-1.23793	 	621.157	 	-0.0284394	 	104.774	 	0.457243	 	0.22	 	8.81069	 	1.41887	 	
131000	-1.23794	 	621.177	 	-0.0272237	 	104.798	 	0.457333	 	0.3125	 	8.80692	 	1.41923	 	
132000	-1.23761	 	620.84	 	-0.0267578	 	104.542	 	0.456667	 	0.195	 	8.80187	 	1.41789	 	
133000	-1.23816	 	621.395	 	-0.0294576	 	104.924	 	0.457717	 	0.2175	 	8.8008	 	1.42074	 	
134000	-1.2382	 	621.434	 	-0.0275265	 	104.864	 	0.457646	 	0.3225	 	8.78665	 	1.4198	 	
135000	-1.23815	 	621.378	 	-0.0282614	 	104.769	 	0.457497	 	0.315	 	8.77006	 	1.41842	 	
136000	-1.2378	 	621.033	 	-0.0265122	 	104.601	 	0.456981	 	0.3075	 	8.77848	 	1.41979	 	
137000	-1.23787	 	621.12	 	-0.0228248	 	104.666	 	0.457162	 	0.315	 	8.77807	 	1.42143	 	
138000	-1.23773	 	620.972	 	-0.021817	 	104.551	 	0.456799	 	0.2625	 	8.78545	 	1.42044	 	
139000	-1.2374	 	620.633	 	-0.019738	 	104.287	 	0.456036	 	0.205	 	8.79139	 	1.41902	 	
140000	-1.23768	 	620.908	 	-0.0225024	 	104.448	 	0.456508	 	0.1975	 	8.78692	 	1.41878	 	
141000	-1.23717	 	620.402	 	-0.0224913	 	104.017	 	0.455201	 	0.32	 	8.80577	 	1.41813	 	
142000	-1.23675	 	619.99	 	-0.0238907	 	103.767	 	0.454334	 	0.225	 	8.83311	 	1.41864	 	
143000	-1.23657	 	619.802	 	-0.0243364	 	103.602	 	0.453867	 	0.2975	 	8.83484	 	1.41708	 	
144000	-1.23667	 	619.899	 	-0.0264908	 	103.712	 	0.454216	 	0.28	 	8.82811	 	1.41656	 	
145000	-1.23636	 	619.59	 	-0.0277604	 	103.441	 	0.453318	 	0.29	 	8.85086	 	1.41639	 	
146000	-1.23631	 	619.542	 	-0.0290577	 	103.405	 	0.45319	 	0.225	 	8.85524	 	1.4161	 	
147000	-1.23616	 	619.392	 	-0.0296226	 	103.288	 	0.452826	 	0.325	 	8.86142	 	1.41629	 	
148000	-1.23646	 	619.694	 	-0.0291222	 	103.555	 	0.453634	 	0.305	 	8.85066	 	1.41729	 	
149000	-1.23612	 	619.357	 	-0.0292388	 	103.285	 	0.452825	 	0.25	 	8.86033	 	1.41671	 	
150000	-1.23616	 	619.4	 	-0.0317974	 	103.286	 	0.452862	 	0.28	 	8.85526	 	1.41639	 	
151000	-1.23605	 	619.278	 	-0.0288816	 	103.212	 	0.4527	 	0.31	 	8.84878	 	1.41534	 	
152000	-1.23567	 	618.892	 	-0.0272957	 	102.956	 	0.45204	 	0.2975	 	8.8416	 	1.41373	 	
153000	-1.23564	 	618.881	 	-0.0263146	 	102.888	 	0.451834	 	0.3725	 	8.84437	 	1.41574	 	
154000	-1.23575	 	618.979	 	-0.0289136	 	102.933	 	0.45197	 	0.1575	 	8.84273	 	1.41419	 	
155000	-1.23587	 	619.113	 	-0.029957	 	102.987	 	0.452117	 	0.29	 	8.84276	 	1.41671	 	
156000	-1.23582	 	619.062	 	-0.0272252	 	102.987	 	0.452141	 	0.3475	 	8.83932	 	1.41735	 	
157000	-1.23586	 	619.109	 	-0.0298091	 	102.992	 	0.452108	 	0.2425	 	8.84629	 	1.41772	 	
158000	-1.23583	 	619.07	 	-0.0308714	 	102.985	 	0.452184	 	0.1925	 	8.83196	 	1.41637	 	
159000	-1.23582	 	619.057	 	-0.0330672	 	102.945	 	0.452076	 	0.3325	 	8.83165	 	1.41624	 	
160000	-1.2359	 	619.141	 	-0.0300417	 	103.041	 	0.452347	 	0.2675	 	8.83072	 	1.41699	 	
161000	-1.23572	 	618.95	 	-0.0275443	 	102.92	 	0.45202	 	0.2275	 	8.8296	 	1.41547	 	
162000	-1.23574	 	618.978	 	-0.0287086	 	102.928	 	0.452037	 	0.2725	 	8.83034	 	1.41535	 	
163000	-1.23577	 	619.007	 	-0.0276328	 	102.9	 	0.451926	 	0.3	 	8.83558	 	1.41581	 	
164000	-1.23601	 	619.264	 	-0.0296325	 	103.11	 	0.452483	 	0.225	 	8.83909	 	1.41886	 	
165000	-1.23589	 	619.148	 	-0.0291907	 	103.039	 	0.452205	 	0.32	 	8.85141	 	1.42069	 	
166000	-1.23599	 	619.248	 	-0.0267337	 	103.061	 	0.452345	 	0.2075	 	8.83937	 	1.41963	 	
167000	-1.23578	 	619.04	 	-0.0283045	 	102.903	 	0.451846	 	0.275	 	8.84877	 	1.4193	 	
168000	-1.23584	 	619.093	 	-0.0296497	 	102.932	 	0.451967	 	0.2425	 	8.84276	 	1.41868	 	
169000	-1.23563	 	618.888	 	-0.0304595	 	102.732	 	0.451336	 	0.305	 	8.85417	 	1.41894	 	
170000	-1.23549	 	618.742	 	-0.0317861	 	102.654	 	0.451102	 	0.1875	 	8.85677	 	1.41858	 	
171000	-1.23537	 	618.623	 	-0.0293407	 	102.565	 	0.450916	 	0.3425	 	8.84764	 	1.41752	 	
172000	-1.23526	 	618.508	 	-0.0278069	 	102.491	 	0.45062	 	0.3	 	8.86154	 	1.41688	 	
173000	-1.23517	 	618.412	 	-0.0278845	 	102.414	 	0.450445	 	0.265	 	8.85581	 	1.41633	 	
174000	-1.23498	 	618.224	 	-0.0281713	 	102.29	 	0.450062	 	0.36	 	8.86139	 	1.41596	 	
175000	-1.23503	 	618.275	 	-0.0278994	 	102.313	 	0.45015	 	0.3	 	8.85798	 	1.41633	 	
176000	-1.23499	 	618.24	 	-0.025893	 	102.215	 	0.449759	 	0.2775	 	8.87555	 	1.41594	 	
177000	-1.23493	 	618.168	 	-0.0233177	 	102.158	 	0.449662	 	0.31	 	8.86653	 	1.41434	 	
178000	-1.2347	 	617.939	 	-0.0214421	 	102.013	 	0.449163	 	0.2275	 	8.88092	 	1.41449	 	
179000	-1.23472	 	617.957	 	-0.0198071	 	102.031	 	0.449296	 	0.2975	 	8.8687	 	1.41433	 	
180000	-1.23439	 	617.628	 	-0.0188566	 	101.694	 	0.448225	 	0.215	 	8.88802	 	1.41328	 	
181000	-1.2343	 	617.528	 	-0.0171072	 	101.631	 	0.448045	 	0.3	 	8.88895	 	1.41159	 	
182000	-1.23443	 	617.652	 	-0.0184799	 	101.707	 	0.448267	 	0.345	 	8.88723	 	1.41059	 	
183000	-1.23449	 	617.709	 	-0.0210355	 	101.753	 	0.448485	 	0.2675	 	8.8741	 	1.41042	 	
184000	-1.23442	 	617.634	 	-0.0208329	 	101.715	 	0.448477	 	0.23	 	8.85942	 	1.40912	 	
185000	-1.23433	 	617.538	 	-0.0207134	 	101.571	 	0.448009	 	0.335	 	8.86941	 	1.4086	 	
186000	-1.23437	 	617.57	 	-0.0197011	 	101.575	 	0.448052	 	0.2	 	8.86437	 	1.40758	 	
187000	-1.23429	 	617.486	 	-0.0192301	 	101.554	 	0.448076	 	0.325	 	8.85193	 	1.40636	 	
188000	-1.23449	 	617.69	 	-0.0190875	 	101.724	 	0.44853	 	0.315	 	8.85539	 	1.40763	 	
189000	-1.23434	 	617.554	 	-0.0199301	 	101.679	 	0.44836	 	0.2525	 	8.86183	 	1.40886	 	
190000	-1.23468	 	617.893	 	-0.0228246	 	101.896	 	0.449	 	0.2525	 	8.85646	 	1.40972	 	
191000	-1.23457	 	617.787	 	-0.0238248	 	101.845	 	0.448819	 	0.215	 	8.86252	 	1.41061	 	
192000	-1.23459	 	617.812	 	-0.0218173	 	101.862	 	0.44885	 	0.25	 	8.86494	 	1.41118	 	
193000	-1.23448	 	617.693	 	-0.0220812	 	101.796	 	0.44873	 	0.3	 	8.8554	 	1.40937	 	
194000	-1.23422	 	617.432	 	-0.022419	 	101.595	 	0.448165	 	0.285	 	8.85574	 	1.40823	 	
195000	-1.23433	 	617.547	 	-0.0204006	 	101.693	 	0.448368	 	0.345	 	8.86657	 	1.41022	 	
196000	-1.23411	 	617.327	 	-0.0196094	 	101.478	 	0.447729	 	0.2125	 	8.87212	 	1.40842	 	
197000	-1.23419	 	617.409	 	-0.0174707	 	101.533	 	0.447827	 	0.2125	 	8.88067	 	1.40933	 	
198000	-1.23426	 	617.485	 	-0.0167722	 	101.626	 	0.448114	 	0.335	 	8.87671	 	1.4108	 	
199000	-1.23406	 	617.291	 	-0.0166067	 	101.431	 	0.44739	 	0.2875	 	8.9031	 	1.41062	 	
200000	-1.23403	 	617.263	 	-0.0176411	 	101.392	 	0.447148	 	0.2325	 	8.92293	 	1.41165	 	
201000	-1.23421	 	617.441	 	-0.0190024	 	101.519	 	0.447539	 	0.24	 	8.91767	 	1.41148	 	
202000	-1.23403	 	617.258	 	-0.0186433	 	101.314	 	0.446929	 	0.3	 	8.92329	 	1.41118	 	
203000	-1.23412	 	617.352	 	-0.0173969	 	101.324	 	0.446905	 	0.225	 	8.93118	 	1.41137	 	
204000	-1.23386	 	617.096	 	-0.0158853	 	101.134	 	0.446341	 	0.3175	 	8.9358	 	1.41213	 	
205000	-1.23405	 	617.285	 	-0.0159399	 	101.301	 	0.44687	 	0.255	 	8.92677	 	1.41158	 	
206000	-1.23406	 	617.277	 	-0.0137525	 	101.32	 	0.447015	 	0.2025	 	8.91286	 	1.40966	 	
207000	-1.23412	 	617.344	 	-0.0115268	 	101.424	 	0.447327	 	0.285	 	8.90965	 	1.4097	 	
208000	-1.23385	 	617.068	 	-0.0108003	 	101.201	 	0.446669	 	0.2675	 	8.91489	 	1.40943	 	
209000	-1.23404	 	617.258	 	-0.00802969	 	101.378	 	0.447251	 	0.3175	 	8.90182	 	1.40867	 	
210000	-1.23396	 	617.188	 	-0.00610324	 	101.34	 	0.447108	 	0.2725	 	8.90734	 	1.41	 	
211000	-1.23416	 	617.387	 	-0.00712244	 	101.507	 	0.447589	 	0.3175	 	8.90546	 	1.41142	 	
212000	-1.23393	 	617.154	 	-0.00883182	 	101.381	 	0.447277	 	0.2725	 	8.89944	 	1.41013	 	
213000	-1.23393	 	617.166	 	-0.00907068	 	101.371	 	0.447208	 	0.2825	 	8.90545	 	1.41116	 	
214000	-1.23402	 	617.24	 	-0.01114	 	101.4	 	0.447289	 	0.2725	 	8.90565	 	1.41006	 	
215000	-1.23426	 	617.494	 	-0.0133667	 	101.588	 	0.447824	 	0.2325	 	8.90388	 	1.41152	 	
216000	-1.23426	 	617.492	 	-0.0132415	 	101.593	 	0.447887	 	0.3475	 	8.89662	 	1.41128	 	
217000	-1.23406	 	617.29	 	-0.0125132	 	101.452	 	0.447467	 	0.315	 	8.90046	 	1.41162	 	
218000	-1.23381	 	617.043	 	-0.0121672	 	101.253	 	0.446887	 	0.3725	 	8.90403	 	1.41112	 	
219000	-1.23372	 	616.947	 	-0.0129004	 	101.195	 	0.446751	 	0.285	 	8.89996	 	1.40986	 	
220000	-1.23358	 	616.805	 	-0.0125894	 	101.08	 	0.446452	 	0.26	 	8.89663	 	1.40885	 	
221000	-1.23364	 	616.855	 	-0.0129929	 	101.121	 	0.446584	 	0.2425	 	8.89433	 	1.40829	 	
222000	-1.2335	 	616.715	 	-0.0117043	 	100.963	 	0.44609	 	0.2525	 	8.90168	 	1.40755	 	
223000	-1.23359	 	616.805	 	-0.0100839	 	101.022	 	0.446284	 	0.21	 	8.89764	 	1.4069	 	
224000	-1.23355	 	616.762	 	-0.00885431	 	100.942	 	0.446009	 	0.26	 	8.90498	 	1.40651	 	
225000	-1.23355	 	616.749	 	-0.00710227	 	100.903	 	0.445935	 	0.3	 	8.89977	 	1.40476	 	
226000	-1.23332	 	616.52	 	-0.00727031	 	100.721	 	0.44538	 	0.2975	 	8.90671	 	1.40387	 	
227000	-1.23351	 	616.713	 	-0.0095963	 	100.874	 	0.445785	 	0.3225	 	8.91013	 	1.40504	 	
228000	-1.23344	 	616.642	 	-0.0109595	 	100.838	 	0.445666	 	0.31	 	8.91274	 	1.40539	 	
229000	-1.23347	 	616.675	 	-0.0127978	 	100.876	 	0.445766	 	0.2	 	8.91393	 	1.40621	 	
230000	-1.23357	 	616.781	 	-0.0147542	 	100.969	 	0.446072	 	0.245	 	8.90707	 	1.40705	 	
231000	-1.23336	 	616.571	 	-0.0143501	 	100.848	 	0.445683	 	0.3475	 	8.91439	 	1.40688	 	
232000	-1.23337	 	616.598	 	-0.0128115	 	100.848	 	0.445596	 	0.375	 	8.92739	 	1.40943	 	
233000	-1.23329	 	616.512	 	-0.0129201	 	100.775	 	0.445454	 	0.28	 	8.91809	 	1.40763	 	
234000	-1.23331	 	616.524	 	-0.0127589	 	100.793	 	0.445505	 	0.2425	 	8.918	 	1.40753	 	
235000	-1.2333	 	616.514	 	-0.0128205	 	100.788	 	0.445501	 	0.2825	 	8.91648	 	1.40663	 	
236000	-1.23343	 	616.64	 	-0.0121416	 	100.868	 	0.445761	 	0.2375	 	8.91118	 	1.40669	 	
237000	-1.23353	 	616.743	 	-0.014057	 	100.931	 	0.445954	 	0.2275	 	8.90885	 	1.40675	 	
238000	-1.23388	 	617.099	 	-0.0120564	 	101.186	 	0.446651	 	0.2475	 	8.91115	 	1.40871	 	
239000	-1.23385	 	617.056	 	-0.0100786	 	101.203	 	0.446796	 	0.325	 	8.89695	 	1.4074	 	
240000	-1.23377	 	616.977	 	-0.0089736	 	101.184	 	0.446778	 	0.2375	 	8.89142	 	1.40645	 	
241000	-1.23367	 	616.885	 	-0.00976869	 	101.123	 	0.446555	 	0.155	 	8.89923	 	1.40696	 	
242000	-1.234	 	617.22	 	-0.00724083	 	101.361	 	0.447197	 	0.365	 	8.90301	 	1.41006	 	
243000	-1.23401	 	617.238	 	-0.00581897	 	101.352	 	0.447097	 	0.31	 	8.91412	 	1.41147	 	
244000	-1.23399	 	617.22	 	-0.00524213	 	101.37	 	0.447216	 	0.2725	 	8.90393	 	1.41093	 	
245000	-1.23398	 	617.204	 	-0.00658882	 	101.338	 	0.447154	 	0.22	 	8.89986	 	1.41045	 	
246000	-1.23415	 	617.376	 	-0.00772872	 	101.452	 	0.447482	 	0.2225	 	8.8985	 	1.41075	 	
247000	-1.23426	 	617.494	 	-0.00568953	 	101.547	 	0.447706	 	0.2275	 	8.9046	 	1.41159	 	
248000	-1.23408	 	617.308	 	-0.00611518	 	101.436	 	0.447404	 	0.2375	 	8.90336	 	1.41121	 	
249000	-1.23424	 	617.463	 	-0.00783733	 	101.543	 	0.447746	 	0.16	 	8.8969	 	1.41118	 	
250000	-1.23447	 	617.699	 	-0.0085143	 	101.718	 	0.448218	 	0.2275	 	8.8993	 	1.41199	 	
251000	-1.23434	 	617.566	 	-0.00862207	 	101.585	 	0.447844	 	0.2675	 	8.8996	 	1.4109	 	
252000	-1.2344	 	617.625	 	-0.00992075	 	101.648	 	0.448066	 	0.235	 	8.89297	 	1.4105	 	
253000	-1.23441	 	617.631	 	-0.0112202	 	101.687	 	0.448201	 	0.3025	 	8.88877	 	1.41041	 	
254000	-1.23442	 	617.64	 	-0.0126674	 	101.696	 	0.448237	 	0.3375	 	8.88752	 	1.41085	 	
255000	-1.23422	 	617.442	 	-0.0123359	 	101.535	 	0.447724	 	0.4075	 	8.89698	 	1.41088	 	
256000	-1.23409	 	617.308	 	-0.0117646	 	101.436	 	0.447447	 	0.2525	 	8.89693	 	1.40987	 	
257000	-1.23399	 	617.218	 	-0.0115091	 	101.348	 	0.447087	 	0.42	 	8.91367	 	1.41011	 	
258000	-1.23411	 	617.344	 	-0.0117485	 	101.4	 	0.447189	 	0.33	 	8.92018	 	1.41143	 	
259000	-1.23432	 	617.551	 	-0.00971255	 	101.536	 	0.447587	 	0.2775	 	8.91753	 	1.41219	 	
260000	-1.23445	 	617.683	 	-0.00830327	 	101.646	 	0.447925	 	0.13	 	8.91293	 	1.41289	 	
261000	-1.23452	 	617.758	 	-0.00658061	 	101.678	 	0.44799	 	0.21	 	8.91673	 	1.41303	 	
262000	-1.23446	 	617.699	 	-0.00506828	 	101.646	 	0.447856	 	0.2775	 	8.92348	 	1.41349	 	
263000	-1.23438	 	617.607	 	-0.00364542	 	101.547	 	0.447594	 	0.1325	 	8.92134	 	1.41192	 	
264000	-1.23438	 	617.606	 	-0.00196286	 	101.572	 	0.447704	 	0.2275	 	8.9151	 	1.41167	 	
265000	-1.23446	 	617.683	 	-0.00168604	 	101.654	 	0.447963	 	0.325	 	8.91068	 	1.41131	 	
266000	-1.23436	 	617.588	 	-0.00111989	 	101.619	 	0.44791	 	0.2525	 	8.90378	 	1.41091	 	
267000	-1.23452	 	617.749	 	0.00063206	 	101.752	 	0.448269	 	0.31	 	8.9057	 	1.41191	 	
268000	-1.2347	 	617.933	 	-0.00121474	 	101.861	 	0.448525	 	0.2175	 	8.91308	 	1.41328	 	
269000	-1.23475	 	617.98	 	-0.000748941	 	101.926	 	0.448702	 	0.36	 	8.91343	 	1.41304	 	
270000	-1.23491	 	618.14	 	-0.000674093	 	102.042	 	0.449059	 	0.315	 	8.90831	 	1.41311	 	
271000	-1.23477	 	618.002	 	-0.000572435	 	101.92	 	0.448721	 	0.2825	 	8.90798	 	1.41261	 	
272000	-1.23486	 	618.084	 	0.000815772	 	101.967	 	0.448925	 	0.32	 	8.89744	 	1.41234	 	
273000	-1.23481	 	618.031	 	0.000213645	 	101.941	 	0.448868	 	0.255	 	8.89501	 	1.41195	 	
274000	-1.23481	 	618.037	 	-0.00084615	 	101.954	 	0.448889	 	0.265	 	8.89729	 	1.4127	 	
275000	-1.23472	 	617.946	 	-0.00184089	 	101.886	 	0.448683	 	0.295	 	8.89962	 	1.41145	 	
276000	-1.23478	 	618.002	 	-0.00107283	 	101.946	 	0.448855	 	0.235	 	8.89903	 	1.41145	 	
277000	-1.23478	 	617.993	 	4.00542e-05	 	101.926	 	0.448832	 	0.19	 	8.89432	 	1.41042	 	
278000	-1.23471	 	617.925	 	0.00167912	 	101.919	 	0.448872	 	0.3175	 	8.8851	 	1.41043	 	
279000	-1.23463	 	617.837	 	0.002864	 	101.877	 	0.44882	 	0.17	 	8.87552	 	1.40907	 	
280000	-1.23455	 	617.762	 	0.00365805	 	101.856	 	0.448783	 	0.3725	 	8.87221	 	1.40913	 	
281000	-1.23477	 	617.988	 	0.00265906	 	102.009	 	0.449176	 	0.3325	 	8.87708	 	1.41097	 	
282000	-1.23471	 	617.925	 	0.00368906	 	101.921	 	0.44893	 	0.255	 	8.87736	 	1.41027	 	
283000	-1.23478	 	617.999	 	0.00438712	 	101.972	 	0.449068	 	0.18	 	8.87782	 	1.41093	 	
284000	-1.23487	 	618.081	 	0.00376245	 	101.98	 	0.449078	 	0.27	 	8.87982	 	1.41016	 	
285000	-1.23485	 	618.065	 	0.00412619	 	101.95	 	0.449033	 	0.3275	 	8.87422	 	1.40965	 	
286000	-1.23497	 	618.176	 	0.00382647	 	102.014	 	0.449207	 	0.2675	 	8.87483	 	1.40975	 	
287000	-1.23509	 	618.303	 	0.00411589	 	102.131	 	0.449535	 	0.3725	 	8.87457	 	1.41063	 	
288000	-1.235	 	618.218	 	0.00322299	 	102.081	 	0.449386	 	0.24	 	8.87569	 	1.41046	 	
289000	-1.23514	 	618.357	 	0.0013828	 	102.197	 	0.449712	 	0.2775	 	8.87525	 	1.41077	 	
290000	-1.23501	 	618.224	 	0.000551483	 	102.066	 	0.449313	 	0.2825	 	8.88044	 	1.40973	 	
291000	-1.23502	 	618.223	 	-0.000901735	 	102.068	 	0.44935	 	0.28	 	8.87586	 	1.40909	 	
292000	-1.23503	 	618.234	 	0.000735822	 	102.09	 	0.449448	 	0.235	 	8.87028	 	1.40832	 	
293000	-1.23496	 	618.157	 	0.0016978	 	102.041	 	0.449339	 	0.3025	 	8.86594	 	1.40759	 	
294000	-1.23484	 	618.037	 	0.00145684	 	101.986	 	0.449225	 	0.2575	 	8.86046	 	1.40753	 	
295000	-1.23493	 	618.132	 	0.00316075	 	102.058	 	0.449432	 	0.215	 	8.85924	 	1.40867	 	
296000	-1.23499	 	618.196	 	0.00408948	 	102.095	 	0.449579	 	0.2975	 	8.85251	 	1.40834	 	
297000	-1.23509	 	618.29	 	0.00225869	 	102.185	 	0.449883	 	0.2075	 	8.84449	 	1.40766	 	
298000	-1.23511	 	618.307	 	0.00311134	 	102.204	 	0.449909	 	0.3525	 	8.84854	 	1.40727	 	
299000	-1.23509	 	618.28	 	0.00380426	 	102.193	 	0.44989	 	0.1675	 	8.84707	 	1.40632	 	
300000	-1.23499	 	618.175	 	0.00484798	 	102.113	 	0.449622	 	0.2025	 	8.85369	 	1.40622	 	
301000	-1.23502	 	618.212	 	0.00644666	 	102.157	 	0.449756	 	0.2525	 	8.85211	 	1.40583	 	
302000	-1.23508	 	618.27	 	0.00688604	 	102.21	 	0.449942	 	0.22	 	8.84625	 	1.40587	 	
303000	-1.23516	 	618.355	 	0.00566663	 	102.276	 	0.450125	 	0.2675	 	8.84615	 	1.40673	 	
304000	-1.23504	 	618.234	 	0.00501786	 	102.196	 	0.449913	 	0.2875	 	8.84462	 	1.40632	 	
305000	-1.23503	 	618.218	 	0.00613903	 	102.187	 	0.449878	 	0.2525	 	8.84642	 	1.40607	 	
306000	-1.23496	 	618.159	 	0.00590088	 	102.142	 	0.449736	 	0.3225	 	8.84868	 	1.4069	 	
307000	-1.23498	 	618.166	 	0.00428757	 	102.163	 	0.449869	 	0.2725	 	8.83754	 	1.40627	 	
308000	-1.23485	 	618.039	 	0.00418734	 	102.09	 	0.449645	 	0.3725	 	8.84074	 	1.40654	 	
309000	-1.23472	 	617.904	 	0.00316649	 	101.964	 	0.449271	 	0.2675	 	8.84447	 	1.40533	 	
310000	-1.2345	 	617.688	 	0.00293177	 	101.805	 	0.448793	 	0.3425	 	8.84935	 	1.40539	 	
311000	-1.23448	 	617.67	 	0.00424079	 	101.79	 	0.448743	 	0.33	 	8.85063	 	1.40568	 	
312000	-1.2344	 	617.586	 	0.0042083	 	101.731	 	0.448607	 	0.225	 	8.84638	 	1.40467	 	
313000	-1.23443	 	617.608	 	0.00273171	 	101.767	 	0.448766	 	0.345	 	8.83796	 	1.40369	 	
314000	-1.23443	 	617.614	 	0.00331162	 	101.771	 	0.448775	 	0.295	 	8.83792	 	1.40341	 	
315000	-1.23438	 	617.554	 	0.00308313	 	101.721	 	0.448629	 	0.245	 	8.83934	 	1.40293	 	
316000	-1.23457	 	617.75	 	0.00171674	 	101.841	 	0.448957	 	0.2275	 	8.84013	 	1.40342	 	
317000	-1.2347	 	617.877	 	0.000479811	 	101.957	 	0.449293	 	0.2575	 	8.8381	 	1.40418	 	
318000	-1.23481	 	617.988	 	-0.00112436	 	102.04	 	0.449521	 	0.375	 	8.83838	 	1.40453	 	
319000	-1.23483	 	618.02	 	-0.00151245	 	102.053	 	0.449501	 	0.3625	 	8.84674	 	1.40601	 	
320000	-1.23481	 	618.002	 	-0.00126759	 	102.013	 	0.449348	 	0.1975	 	8.85314	 	1.40641	 	
321000	-1.23492	 	618.11	 	-0.00288755	 	102.103	 	0.449584	 	0.2425	 	8.85511	 	1.4067	 	
322000	-1.23495	 	618.142	 	-0.00193337	 	102.152	 	0.449751	 	0.2125	 	8.85085	 	1.40691	 	
323000	-1.23487	 	618.067	 	-0.00121042	 	102.075	 	0.44953	 	0.2975	 	8.85171	 	1.40681	 	
324000	-1.23476	 	617.951	 	-0.00123301	 	101.977	 	0.449221	 	0.3	 	8.85699	 	1.40633	 	
325000	-1.23467	 	617.86	 	-0.00192785	 	101.893	 	0.448992	 	0.21	 	8.8565	 	1.40576	 	
326000	-1.23473	 	617.925	 	-0.00330603	 	101.947	 	0.449123	 	0.38	 	8.85959	 	1.4073	 	
327000	-1.23457	 	617.764	 	-0.00310989	 	101.793	 	0.448675	 	0.3525	 	8.86239	 	1.40599	 	
328000	-1.2346	 	617.789	 	-0.00169983	 	101.797	 	0.448716	 	0.1525	 	8.8578	 	1.40547	 	
329000	-1.23463	 	617.822	 	-0.00259119	 	101.839	 	0.448843	 	0.29	 	8.8564	 	1.40578	 	
330000	-1.23458	 	617.771	 	-0.00340288	 	101.794	 	0.448675	 	0.265	 	8.86273	 	1.40595	 	
331000	-1.2345	 	617.681	 	-0.00404983	 	101.721	 	0.448526	 	0.2725	 	8.85447	 	1.4045	 	
332000	-1.23464	 	617.83	 	-0.00250146	 	101.838	 	0.44884	 	0.305	 	8.85628	 	1.4048	 	
333000	-1.23469	 	617.879	 	-0.00237113	 	101.857	 	0.448914	 	0.2025	 	8.85309	 	1.40471	 	
334000	-1.23465	 	617.837	 	-0.00187582	 	101.828	 	0.448842	 	0.2775	 	8.8517	 	1.4044	 	
335000	-1.23445	 	617.633	 	-0.000983925	 	101.7	 	0.448481	 	0.245	 	8.85236	 	1.40432	 	
336000	-1.23448	 	617.661	 	0.000458318	 	101.735	 	0.448593	 	0.3175	 	8.85022	 	1.4044	 	
337000	-1.23464	 	617.832	 	0.00206662	 	101.859	 	0.448901	 	0.2375	 	8.85563	 	1.4055	 	
338000	-1.23464	 	617.836	 	0.00285743	 	101.86	 	0.448912	 	0.2375	 	8.85471	 	1.40598	 	
339000	-1.23479	 	617.977	 	0.00451748	 	101.968	 	0.449257	 	0.2525	 	8.84806	 	1.40605	 	
340000	-1.23483	 	618.019	 	0.00334041	 	102.003	 	0.449367	 	0.26	 	8.84616	 	1.40653	 	
341000	-1.23489	 	618.08	 	0.00196196	 	102.036	 	0.449442	 	0.285	 	8.8485	 	1.40669	 	
342000	-1.23476	 	617.956	 	0.00111982	 	101.947	 	0.449174	 	0.31	 	8.85172	 	1.40687	 	
343000	-1.23472	 	617.916	 	0.00167379	 	101.941	 	0.4492	 	0.335	 	8.84545	 	1.4061	 	
344000	-1.23469	 	617.878	 	0.00258898	 	101.909	 	0.449111	 	0.27	 	8.84535	 	1.40562	 	
345000	-1.23484	 	618.037	 	0.00122449	 	102.03	 	0.449423	 	0.2025	 	8.84897	 	1.40764	 	
346000	-1.23482	 	618.009	 	0.000764798	 	101.985	 	0.449319	 	0.3025	 	8.84587	 	1.40647	 	
347000	-1.23481	 	618.009	 	0.00119824	 	101.954	 	0.449207	 	0.27	 	8.84985	 	1.40672	 	
348000	-1.23487	 	618.065	 	0.000384741	 	102.001	 	0.449354	 	0.3525	 	8.84737	 	1.40736	 	
349000	-1.23466	 	617.856	 	0.000886791	 	101.863	 	0.448931	 	0.32	 	8.85301	 	1.40733	 	
350000	-1.23459	 	617.791	 	0.000787229	 	101.822	 	0.448804	 	0.2575	 	8.855	 	1.40686	 	
351000	-1.23456	 	617.764	 	-7.83618e-05	 	101.807	 	0.448755	 	0.265	 	8.85601	 	1.40703	 	
352000	-1.2345	 	617.699	 	0.000410341	 	101.758	 	0.448654	 	0.2525	 	8.85072	 	1.40636	 	
353000	-1.23453	 	617.729	 	-0.000403102	 	101.774	 	0.448673	 	0.2075	 	8.8544	 	1.40738	 	
354000	-1.23449	 	617.686	 	-0.000456596	 	101.767	 	0.448692	 	0.26	 	8.84887	 	1.40668	 	
355000	-1.23446	 	617.659	 	-3.81972e-05	 	101.759	 	0.448664	 	0.185	 	8.84987	 	1.40721	 	
356000	-1.23453	 	617.726	 	0.00132303	 	101.811	 	0.448824	 	0.185	 	8.84721	 	1.40661	 	
357000	-1.23456	 	617.763	 	0.0013238	 	101.849	 	0.448918	 	0.28	 	8.84916	 	1.40764	 	
358000	-1.23469	 	617.889	 	-0.000196872	 	101.934	 	0.449181	 	0.21	 	8.84506	 	1.40776	 	
359000	-1.23481	 	618.014	 	-0.00173468	 	102.038	 	0.449497	 	0.28	 	8.84137	 	1.40746	 	
360000	-1.23474	 	617.942	 	-0.00202156	 	101.992	 	0.449344	 	0.345	 	8.84521	 	1.40761	 	
361000	-1.23478	 	617.98	 	-0.00129791	 	102.044	 	0.449501	 	0.2625	 	8.84309	 	1.40747	 	
362000	-1.23456	 	617.764	 	-0.000787403	 	101.888	 	0.449021	 	0.28	 	8.85004	 	1.4073	 	
363000	-1.2346	 	617.803	 	-0.00047208	 	101.901	 	0.44902	 	0.2625	 	8.85568	 	1.40771	 	
364000	-1.23469	 	617.893	 	-0.000970041	 	101.985	 	0.449279	 	0.295	 	8.85197	 	1.40796	 	
365000	-1.23489	 	618.096	 	-0.00258605	 	102.121	 	0.449668	 	0.31	 	8.85029	 	1.40923	 	
366000	-1.23482	 	618.029	 	-0.00322343	 	102.068	 	0.44953	 	0.2875	 	8.84897	 	1.40892	 	
367000	-1.23481	 	618.017	 	-0.00356247	 	102.068	 	0.449527	 	0.335	 	8.84911	 	1.40902	 	
368000	-1.23469	 	617.904	 	-0.0043711	 	101.972	 	0.449219	 	0.3475	 	8.85526	 	1.40903	 	
369000	-1.23479	 	618.005	 	-0.0030236	 	102.04	 	0.4494	 	0.2875	 	8.85662	 	1.40966	 	
370000	-1.23494	 	618.157	 	-0.00409569	 	102.152	 	0.449673	 	0.2575	 	8.86228	 	1.41024	 	
371000	-1.23476	 	617.967	 	-0.00373499	 	101.977	 	0.449119	 	0.3	 	8.87262	 	1.40946	 	
372000	-1.23473	 	617.937	 	-0.00352042	 	101.939	 	0.449008	 	0.3525	 	8.87347	 	1.40935	 	
373000	-1.23482	 	618.025	 	-0.00227619	 	101.977	 	0.449136	 	0.275	 	8.87002	 	1.40896	 	
374000	-1.23466	 	617.865	 	-0.0022933	 	101.863	 	0.448836	 	0.2275	 	8.86737	 	1.4086	 	
375000	-1.23464	 	617.848	 	-0.00353172	 	101.891	 	0.448939	 	0.23	 	8.86334	 	1.40819	 	
376000	-1.23461	 	617.819	 	-0.00295007	 	101.847	 	0.448778	 	0.1575	 	8.86914	 	1.40795	 	
377000	-1.23463	 	617.832	 	-0.00263371	 	101.842	 	0.448778	 	0.1675	 	8.86725	 	1.40796	 	
378000	-1.23456	 	617.761	 	-0.00155435	 	101.792	 	0.448667	 	0.215	 	8.86295	 	1.40742	 	
379000	-1.23448	 	617.679	 	-0.000985158	 	101.728	 	0.448515	 	0.21	 	8.85924	 	1.40678	 	
380000	-1.2344	 	617.599	 	-0.000747171	 	101.669	 	0.448348	 	0.28	 	8.85959	 	1.40653	 	
381000	-1.23427	 	617.466	 	-0.000950748	 	101.53	 	0.447904	 	0.315	 	8.86763	 	1.40614	 	
382000	-1.23427	 	617.466	 	3.88613e-05	 	101.542	 	0.447952	 	0.195	 	8.86576	 	1.40583	 	
383000	-1.2341	 	617.295	 	-0.000407755	 	101.432	 	0.447651	 	0.2125	 	8.86484	 	1.40552	 	
384000	-1.2341	 	617.291	 	-0.00118568	 	101.425	 	0.447655	 	0.2275	 	8.86128	 	1.40502	 	
385000	-1.23417	 	617.364	 	-0.000151532	 	101.471	 	0.447781	 	0.3825	 	8.86167	 	1.40522	 	
386000	-1.23414	 	617.339	 	-0.000920855	 	101.447	 	0.447667	 	0.3475	 	8.86878	 	1.40565	 	
387000	-1.23405	 	617.244	 	-0.00166943	 	101.368	 	0.447467	 	0.2225	 	8.86574	 	1.40454	 	
388000	-1.23403	 	617.218	 	-0.000935528	 	101.351	 	0.447451	 	0.2375	 	8.86106	 	1.40396	 	
389000	-1.23407	 	617.254	 	-0.000123792	 	101.371	 	0.447498	 	0.3025	 	8.8623	 	1.40392	 	
390000	-1.23414	 	617.323	 	-0.00146491	 	101.442	 	0.447699	 	0.2525	 	8.86165	 	1.40392	 	
391000	-1.23405	 	617.231	 	-0.00141306	 	101.352	 	0.447433	 	0.25	 	8.86399	 	1.40306	 	
392000	-1.23409	 	617.27	 	-0.000825408	 	101.373	 	0.447504	 	0.2075	 	8.86201	 	1.40237	 	
393000	-1.23421	 	617.392	 	0.000453868	 	101.477	 	0.447792	 	0.2575	 	8.86251	 	1.40287	 	
394000	-1.23428	 	617.459	 	-5.97843e-05	 	101.542	 	0.448021	 	0.2625	 	8.85518	 	1.40271	 	
395000	-1.2343	 	617.479	 	-0.000467367	 	101.55	 	0.448035	 	0.3225	 	8.85657	 	1.40334	 	
396000	-1.2342	 	617.383	 	-0.00106083	 	101.49	 	0.447874	 	0.3275	 	8.85558	 	1.4031	 	
397000	-1.23422	 	617.395	 	-0.00211365	 	101.496	 	0.447953	 	0.3425	 	8.84648	 	1.40197	 	
398000	-1.23422	 	617.394	 	-0.0027171	 	101.482	 	0.447936	 	0.2375	 	8.84289	 	1.40143	 	
399000	-1.23429	 	617.47	 	-0.00367882	 	101.511	 	0.447988	 	0.2975	 	8.84725	 	1.40268	 	
400000	-1.23437	 	617.547	 	-0.00292918	 	101.572	 	0.448161	 	0.315	 	8.8468	 	1.40318	 	
401000	-1.23427	 	617.446	 	-0.00242665	 	101.474	 	0.447868	 	0.275	 	8.84998	 	1.40271	 	
402000	-1.23431	 	617.494	 	-0.00370878	 	101.528	 	0.448042	 	0.2425	 	8.84638	 	1.40305	 	
403000	-1.23422	 	617.401	 	-0.00381567	 	101.45	 	0.447808	 	0.245	 	8.84874	 	1.40238	 	
404000	-1.23422	 	617.4	 	-0.00355806	 	101.439	 	0.447782	 	0.255	 	8.84808	 	1.40225	 	
405000	-1.23417	 	617.344	 	-0.00255789	 	101.419	 	0.447711	 	0.2775	 	8.85037	 	1.40223	 	
406000	-1.23417	 	617.347	 	-0.00352764	 	101.421	 	0.447742	 	0.27	 	8.8465	 	1.40216	 	
407000	-1.23413	 	617.303	 	-0.00373017	 	101.356	 	0.447573	 	0.2375	 	8.84453	 	1.40186	 	
408000	-1.23408	 	617.252	 	-0.00314325	 	101.328	 	0.447535	 	0.2775	 	8.83875	 	1.40164	 	
409000	-1.23406	 	617.229	 	-0.00293011	 	101.293	 	0.447416	 	0.355	 	8.84174	 	1.40137	 	
410000	-1.23415	 	617.326	 	-0.00318705	 	101.361	 	0.44759	 	0.3225	 	8.84449	 	1.40181	 	
411000	-1.23418	 	617.353	 	-0.00333479	 	101.371	 	0.447599	 	0.22	 	8.84706	 	1.40222	 	
412000	-1.23424	 	617.42	 	-0.00237704	 	101.453	 	0.447819	 	0.235	 	8.84861	 	1.40302	 	
413000	-1.23418	 	617.362	 	-0.00244122	 	101.379	 	0.447578	 	0.335	 	8.85337	 	1.40264	 	
414000	-1.23421	 	617.386	 	-0.001273	 	101.393	 	0.447667	 	0.2025	 	8.84604	 	1.40223	 	
415000	-1.2341	 	617.276	 	-0.00182912	 	101.322	 	0.447464	 	0.2775	 	8.84685	 	1.40224	 	
416000	-1.23416	 	617.336	 	-0.0026476	 	101.377	 	0.447669	 	0.2575	 	8.83938	 	1.40147	 	
417000	-1.23431	 	617.481	 	-0.00145721	 	101.456	 	0.447897	 	0.23	 	8.8382	 	1.4021	 	
418000	-1.23433	 	617.499	 	-0.000624689	 	101.484	 	0.448021	 	0.27	 	8.83135	 	1.40152	 	
419000	-1.23445	 	617.62	 	0.000745215	 	101.579	 	0.44832	 	0.2125	 	8.82602	 	1.40145	 	
420000	-1.23468	 	617.861	 	0.00148783	 	101.723	 	0.448657	 	0.3075	 	8.83565	 	1.40383	 	
421000	-1.23463	 	617.812	 	0.00161907	 	101.652	 	0.448414	 	0.2525	 	8.84253	 	1.40344	 	
422000	-1.23466	 	617.835	 	0.00157185	 	101.661	 	0.448466	 	0.335	 	8.83832	 	1.40342	 	
423000	-1.23472	 	617.9	 	0.00274993	 	101.708	 	0.448615	 	0.305	 	8.83596	 	1.40307	 	
424000	-1.23474	 	617.911	 	0.00229493	 	101.719	 	0.448659	 	0.2125	 	8.83398	 	1.40247	 	
425000	-1.23471	 	617.883	 	0.00289194	 	101.689	 	0.448548	 	0.28	 	8.83769	 	1.40248	 	
426000	-1.23464	 	617.813	 	0.00320846	 	101.634	 	0.448417	 	0.3775	 	8.83475	 	1.40194	 	
427000	-1.23465	 	617.819	 	0.00350844	 	101.662	 	0.448528	 	0.3675	 	8.82977	 	1.40178	 	
428000	-1.23475	 	617.922	 	0.00227408	 	101.732	 	0.448725	 	0.355	 	8.82915	 	1.40209	 	
429000	-1.23487	 	618.042	 	0.000909907	 	101.839	 	0.449038	 	0.28	 	8.82693	 	1.40266	 	
430000	-1.23484	 	618.01	 	0.000810372	 	101.815	 	0.448941	 	0.3525	 	8.83137	 	1.40298	 	
431000	-1.23483	 	617.995	 	0.00127664	 	101.805	 	0.448944	 	0.335	 	8.82682	 	1.4018	 	
432000	-1.23497	 	618.141	 	0.00256922	 	101.903	 	0.449202	 	0.225	 	8.82896	 	1.40303	 	
433000	-1.23504	 	618.207	 	0.00349924	 	101.941	 	0.449329	 	0.2625	 	8.82597	 	1.40274	 	
434000	-1.23496	 	618.125	 	0.00329713	 	101.864	 	0.449089	 	0.35	 	8.82993	 	1.40252	 	
435000	-1.23492	 	618.082	 	0.003937	 	101.821	 	0.448974	 	0.2075	 	8.82906	 	1.40199	 	
436000	-1.23489	 	618.061	 	0.0036579	 	101.794	 	0.448876	 	0.2825	 	8.83267	 	1.40209	 	
437000	-1.23501	 	618.178	 	0.00482748	 	101.87	 	0.449091	 	0.2375	 	8.83196	 	1.40247	 	
438000	-1.235	 	618.164	 	0.00517195	 	101.867	 	0.449068	 	0.1975	 	8.83423	 	1.40234	 	
439000	-1.23505	 	618.217	 	0.00492369	 	101.887	 	0.449099	 	0.33	 	8.83789	 	1.40209	 	
440000	-1.23508	 	618.245	 	0.00404688	 	101.917	 	0.449165	 	0.2975	 	8.84063	 	1.40272	 	
441000	-1.23501	 	618.179	 	0.0032506	 	101.878	 	0.44905	 	0.22	 	8.84154	 	1.40273	 	
442000	-1.23508	 	618.251	 	0.00310298	 	101.932	 	0.449202	 	0.1975	 	8.84116	 	1.40302	 	
443000	-1.23516	 	618.335	 	0.00301356	 	101.98	 	0.449333	 	0.19	 	8.84162	 	1.40319	 	
444000	-1.23536	 	618.532	 	0.0044537	 	102.137	 	0.449768	 	0.315	 	8.84197	 	1.40405	 	
445000	-1.23535	 	618.52	 	0.00396993	 	102.109	 	0.449679	 	0.2375	 	8.84354	 	1.40377	 	
446000	-1.23541	 	618.582	 	0.00391934	 	102.129	 	0.449754	 	0.3525	 	8.84085	 	1.40315	 	
447000	-1.23542	 	618.589	 	0.00491147	 	102.136	 	0.449761	 	0.335	 	8.8423	 	1.4028	 	
448000	-1.23545	 	618.621	 	0.005042	 	102.164	 	0.449828	 	0.285	 	8.84429	 	1.40343	 	
449000	-1.23543	 	618.6	 	0.00395419	 	102.18	 	0.449903	 	0.3	 	8.83958	 	1.40321	 	
450000	-1.2354	 	618.562	 	0.00323382	 	102.163	 	0.449889	 	0.345	 	8.83466	 	1.40288	 	
451000	-1.23553	 	618.699	 	0.00444917	 	102.257	 	0.450141	 	0.2275	 	8.83575	 	1.40394	 	
452000	-1.23542	 	618.594	 	0.00478053	 	102.175	 	0.449883	 	0.27	 	8.84056	 	1.40397	 	
453000	-1.2354	 	618.574	 	0.00427373	 	102.142	 	0.44977	 	0.265	 	8.84352	 	1.4037	 	
454000	-1.23525	 	618.419	 	0.00382742	 	102.016	 	0.449392	 	0.275	 	8.84777	 	1.40297	 	
455000	-1.23524	 	618.413	 	0.00470622	 	102.011	 	0.44938	 	0.28	 	8.84759	 	1.40361	 	
456000	-1.23524	 	618.411	 	0.00538018	 	102.009	 	0.449374	 	0.225	 	8.84774	 	1.40368	 	
457000	-1.23534	 	618.51	 	0.00649681	 	102.069	 	0.449532	 	0.2975	 	8.84878	 	1.40418	 	
458000	-1.23537	 	618.538	 	0.00703404	 	102.069	 	0.449543	 	0.2325	 	8.84739	 	1.40361	 	
459000	-1.23534	 	618.507	 	0.00733376	 	102.033	 	0.449454	 	0.255	 	8.84545	 	1.40287	 	
460000	-1.23537	 	618.54	 	0.00808501	 	102.078	 	0.449596	 	0.1675	 	8.84314	 	1.40319	 	
461000	-1.23536	 	618.527	 	0.00805497	 	102.082	 	0.449602	 	0.3	 	8.84393	 	1.40309	 	
462000	-1.23539	 	618.553	 	0.00748261	 	102.113	 	0.449702	 	0.1975	 	8.84182	 	1.40274	 	
463000	-1.23538	 	618.544	 	0.00716793	 	102.11	 	0.449706	 	0.2775	 	8.83981	 	1.40273	 	
464000	-1.23535	 	618.52	 	0.00721431	 	102.104	 	0.449714	 	0.2975	 	8.8364	 	1.4028	 	
465000	-1.23536	 	618.523	 	0.00815494	 	102.107	 	0.44973	 	0.3175	 	8.83503	 	1.40267	 	
466000	-1.23536	 	618.526	 	0.00723161	 	102.109	 	0.449743	 	0.27	 	8.83396	 	1.4023	 	
467000	-1.23535	 	618.516	 	0.00625472	 	102.122	 	0.449813	 	0.315	 	8.82897	 	1.40197	 	
468000	-1.2354	 	618.563	 	0.00614759	 	102.154	 	0.449921	 	0.3275	 	8.82584	 	1.40173	 	
469000	-1.2355	 	618.661	 	0.0054537	 	102.21	 	0.450044	 	0.2325	 	8.83108	 	1.40265	 	
470000	-1.23557	 	618.732	 	0.00566909	 	102.271	 	0.450211	 	0.16	 	8.83123	 	1.40301	 	
471000	-1.23567	 	618.841	 	0.00545374	 	102.361	 	0.450463	 	0.33	 	8.83083	 	1.40349	 	
472000	-1.23568	 	618.841	 	0.00441687	 	102.377	 	0.450539	 	0.295	 	8.82608	 	1.40337	 	
473000	-1.23563	 	618.793	 	0.0041007	 	102.323	 	0.450404	 	0.3125	 	8.82416	 	1.4031	 	
474000	-1.23559	 	618.757	 	0.00447233	 	102.306	 	0.450385	 	0.2275	 	8.81983	 	1.40282	 	
475000	-1.23558	 	618.742	 	0.00458235	 	102.297	 	0.450386	 	0.2625	 	8.81579	 	1.40192	 	
476000	-1.23556	 	618.723	 	0.00491476	 	102.288	 	0.450361	 	0.2825	 	8.81603	 	1.40196	 	
477000	-1.23556	 	618.723	 	0.00581443	 	102.283	 	0.450346	 	0.1825	 	8.81596	 	1.40186	 	
478000	-1.23564	 	618.801	 	0.00692917	 	102.351	 	0.450544	 	0.2475	 	8.81458	 	1.40194	 	
479000	-1.23577	 	618.931	 	0.00810721	 	102.443	 	0.450796	 	0.3125	 	8.81482	 	1.40265	 	
480000	-1.23577	 	618.932	 	0.0084123	 	102.458	 	0.450859	 	0.3325	 	8.81173	 	1.40262	 	
481000	-1.23572	 	618.881	 	0.00769471	 	102.41	 	0.450718	 	0.2675	 	8.81331	 	1.4022	 	
482000	-1.23569	 	618.847	 	0.00794627	 	102.389	 	0.450659	 	0.275	 	8.81327	 	1.40227	 	
483000	-1.23568	 	618.835	 	0.00754628	 	102.396	 	0.450733	 	0.2025	 	8.80487	 	1.40189	 	
484000	-1.2357	 	618.855	 	0.00662519	 	102.402	 	0.450742	 	0.3375	 	8.80591	 	1.4018	 	
485000	-1.23575	 	618.903	 	0.00563097	 	102.422	 	0.450807	 	0.2075	 	8.8048	 	1.40153	 	
486000	-1.23566	 	618.816	 	0.00574763	 	102.344	 	0.450559	 	0.3575	 	8.80959	 	1.40132	 	
487000	-1.23575	 	618.899	 	0.00648221	 	102.403	 	0.450738	 	0.325	 	8.80717	 	1.40131	 	
488000	-1.23578	 	618.928	 	0.00674246	 	102.425	 	0.450804	 	0.275	 	8.80617	 	1.40144	 	
489000	-1.23574	 	618.894	 	0.00707106	 	102.405	 	0.450772	 	0.265	 	8.80285	 	1.40119	 	
490000	-1.23585	 	619.003	 	0.00814542	 	102.475	 	0.450965	 	0.2825	 	8.80286	 	1.40124	 	
491000	-1.23594	 	619.099	 	0.00848571	 	102.546	 	0.451136	 	0.155	 	8.80687	 	1.40207	 	
492000	-1.23598	 	619.131	 	0.00815019	 	102.571	 	0.451192	 	0.315	 	8.80872	 	1.40226	 	
493000	-1.23601	 	619.168	 	0.00794863	 	102.607	 	0.451304	 	0.215	 	8.80692	 	1.40271	 	
494000	-1.23599	 	619.145	 	0.00808454	 	102.565	 	0.451163	 	0.3225	 	8.81057	 	1.40224	 	
495000	-1.23597	 	619.125	 	0.00719116	 	102.544	 	0.451131	 	0.2925	 	8.80699	 	1.40191	 	
496000	-1.23594	 	619.097	 	0.00748794	 	102.53	 	0.451074	 	0.2275	 	8.80944	 	1.40178	 	
497000	-1.2361	 	619.258	 	0.00869815	 	102.643	 	0.451391	 	0.23	 	8.80903	 	1.40258	 	
498000	-1.23611	 	619.268	 	0.00863479	 	102.648	 	0.451378	 	0.3125	 	8.81307	 	1.40277	 	
499000	-1.23613	 	619.287	 	0.00854743	 	102.677	 	0.45143	 	0.3	 	8.81725	 	1.40346	 	
500000	-1.23625	 	619.408	 	0.00733285	 	102.78	 	0.451725	 	0.2625	 	8.81561	 	1.40398	 	
501000	-1.23628	 	619.438	 	0.00631185	 	102.803	 	0.45183	 	0.22	 	8.80974	 	1.40384	 	
502000	-1.23636	 	619.522	 	0.00614607	 	102.865	 	0.452003	 	0.2175	 	8.80911	 	1.40382	 	
503000	-1.23644	 	619.604	 	0.00621348	 	102.907	 	0.452103	 	0.305	 	8.81171	 	1.40423	 	
504000	-1.23645	 	619.613	 	0.00541471	 	102.918	 	0.45211	 	0.2025	 	8.81524	 	1.40445	 	
505000	-1.23647	 	619.638	 	0.00540931	 	102.939	 	0.452135	 	0.265	 	8.82002	 	1.40508	 	
506000	-1.23651	 	619.673	 	0.00637055	 	102.987	 	0.452288	 	0.305	 	8.81704	 	1.40533	 	
507000	-1.23644	 	619.614	 	0.00614679	 	102.956	 	0.452197	 	0.16	 	8.81797	 	1.40546	 	
508000	-1.23659	 	619.767	 	0.00620029	 	103.077	 	0.452504	 	0.2525	 	8.82227	 	1.40667	 	
509000	-1.23661	 	619.784	 	0.00699329	 	103.09	 	0.452529	 	0.3725	 	8.82364	 	1.40715	 	
510000	-1.23663	 	619.804	 	0.00661732	 	103.1	 	0.452559	 	0.265	 	8.82339	 	1.40683	 	
511000	-1.23662	 	619.795	 	0.0067768	 	103.088	 	0.452519	 	0.32	 	8.8246	 	1.40737	 	
512000	-1.23658	 	619.754	 	0.00592417	 	103.064	 	0.452477	 	0.265	 	8.82071	 	1.40649	 	
513000	-1.23663	 	619.802	 	0.00489092	 	103.105	 	0.452617	 	0.3825	 	8.81661	 	1.40635	 	
514000	-1.23669	 	619.866	 	0.00479875	 	103.152	 	0.452736	 	0.1525	 	8.81848	 	1.40735	 	
515000	-1.2367	 	619.879	 	0.00553299	 	103.174	 	0.452818	 	0.2875	 	8.81529	 	1.4071	 	
516000	-1.23668	 	619.856	 	0.00466348	 	103.162	 	0.45282	 	0.3225	 	8.81006	 	1.40663	 	
517000	-1.23671	 	619.879	 	0.00396232	 	103.181	 	0.452883	 	0.235	 	8.80818	 	1.40666	 	
518000	-1.23675	 	619.925	 	0.00291185	 	103.235	 	0.453051	 	0.3575	 	8.80521	 	1.40684	 	
519000	-1.23671	 	619.88	 	0.00260097	 	103.193	 	0.452953	 	0.25	 	8.8027	 	1.40634	 	
520000	-1.2366	 	619.773	 	0.00284406	 	103.114	 	0.452697	 	0.375	 	8.80828	 	1.4067	 	
521000	-1.2366	 	619.773	 	0.00276738	 	103.105	 	0.452694	 	0.26	 	8.80523	 	1.40638	 	
522000	-1.23659	 	619.759	 	0.0028559	 	103.089	 	0.45265	 	0.2125	 	8.80522	 	1.40631	 	
523000	-1.23662	 	619.792	 	0.00240831	 	103.117	 	0.452743	 	0.355	 	8.80282	 	1.40646	 	
524000	-1.23656	 	619.73	 	0.00294259	 	103.053	 	0.452535	 	0.1575	 	8.80747	 	1.40657	 	
525000	-1.23649	 	619.668	 	0.003442	 	103.002	 	0.452388	 	0.2775	 	8.8084	 	1.40638	 	
526000	-1.2365	 	619.667	 	0.00354758	 	103.006	 	0.452416	 	0.285	 	8.80564	 	1.40602	 	
527000	-1.23647	 	619.641	 	0.0028149	 	102.999	 	0.45241	 	0.21	 	8.80368	 	1.40569	 	
528000	-1.23639	 	619.561	 	0.00252491	 	102.94	 	0.452243	 	0.29	 	8.80414	 	1.40535	 	
529000	-1.2364	 	619.566	 	0.00162829	 	102.947	 	0.452291	 	0.305	 	8.8002	 	1.40502	 	
530000	-1.23642	 	619.59	 	0.00155516	 	102.947	 	0.452252	 	0.2975	 	8.80585	 	1.40518	 	
531000	-1.23635	 	619.523	 	0.00149969	 	102.888	 	0.452067	 	0.2775	 	8.80905	 	1.4053	 	
532000	-1.2363	 	619.466	 	0.00154424	 	102.858	 	0.451973	 	0.32	 	8.81092	 	1.40552	 	
533000	-1.23618	 	619.355	 	0.00130251	 	102.769	 	0.451698	 	0.2825	 	8.81504	 	1.40517	 	
534000	-1.23625	 	619.42	 	0.0013964	 	102.822	 	0.451822	 	0.255	 	8.81856	 	1.40576	 	
535000	-1.23629	 	619.459	 	0.0017085	 	102.859	 	0.451936	 	0.29	 	8.81677	 	1.40548	 	
536000	-1.23628	 	619.453	 	0.00238743	 	102.85	 	0.451913	 	0.215	 	8.81649	 	1.4053	 	
537000	-1.23631	 	619.473	 	0.00173709	 	102.845	 	0.45193	 	0.3325	 	8.81213	 	1.4047	 	
538000	-1.23625	 	619.418	 	0.00228568	 	102.79	 	0.451735	 	0.3225	 	8.8182	 	1.40477	 	
539000	-1.23623	 	619.395	 	0.00224613	 	102.782	 	0.451737	 	0.2875	 	8.81492	 	1.40432	 	
540000	-1.23633	 	619.499	 	0.00316403	 	102.86	 	0.451935	 	0.3475	 	8.81739	 	1.40481	 	
541000	-1.23635	 	619.513	 	0.0040135	 	102.884	 	0.45201	 	0.3175	 	8.81615	 	1.40499	 	
542000	-1.23637	 	619.533	 	0.00352067	 	102.877	 	0.451975	 	0.205	 	8.81867	 	1.40506	 	
543000	-1.23636	 	619.53	 	0.00404815	 	102.873	 	0.451962	 	0.2225	 	8.81878	 	1.40561	 	
544000	-1.23643	 	619.601	 	0.00393313	 	102.935	 	0.452129	 	0.2025	 	8.81937	 	1.40588	 	
545000	-1.23648	 	619.654	 	0.00413914	 	102.983	 	0.452259	 	0.1575	 	8.81963	 	1.40592	 	
546000	-1.23655	 	619.72	 	0.003266	 	103.019	 	0.452375	 	0.255	 	8.81759	 	1.40613	 	
547000	-1.2365	 	619.669	 	0.00370606	 	102.987	 	0.452292	 	0.3175	 	8.81661	 	1.40597	 	
548000	-1.23646	 	619.627	 	0.00428434	 	102.942	 	0.452137	 	0.32	 	8.82132	 	1.40588	 	
549000	-1.23647	 	619.643	 	0.00480944	 	102.949	 	0.452157	 	0.28	 	8.82097	 	1.40594	 	
550000	-1.23641	 	619.58	 	0.00529813	 	102.908	 	0.452034	 	0.33	 	8.82241	 	1.40581	 	
551000	-1.23655	 	619.73	 	0.00642138	 	103.021	 	0.452346	 	0.195	 	8.82265	 	1.40683	 	
552000	-1.23665	 	619.829	 	0.00646062	 	103.093	 	0.452558	 	0.22	 	8.82057	 	1.40728	 	
553000	-1.2367	 	619.882	 	0.00672506	 	103.125	 	0.452645	 	0.1925	 	8.82079	 	1.40757	 	
554000	-1.23672	 	619.894	 	0.00751388	 	103.137	 	0.452686	 	0.325	 	8.81961	 	1.40763	 	
555000	-1.23668	 	619.86	 	0.00686292	 	103.112	 	0.452626	 	0.255	 	8.8184	 	1.40733	 	
556000	-1.23673	 	619.909	 	0.00706218	 	103.14	 	0.452676	 	0.2575	 	8.82243	 	1.40827	 	
557000	-1.23679	 	619.973	 	0.00796674	 	103.174	 	0.452781	 	0.2175	 	8.8208	 	1.40861	 	
558000	-1.23682	 	620.011	 	0.0083778	 	103.208	 	0.452843	 	0.2825	 	8.82553	 	1.40951	 	
559000	-1.23681	 	619.996	 	0.00893284	 	103.208	 	0.452845	 	0.2375	 	8.82522	 	1.40936	 	
560000	-1.23671	 	619.896	 	0.00940505	 	103.128	 	0.452601	 	0.2625	 	8.82887	 	1.40877	 	
561000	-1.23679	 	619.971	 	0.00941471	 	103.183	 	0.452784	 	0.28	 	8.82403	 	1.40872	 	
562000	-1.23676	 	619.943	 	0.0101439	 	103.162	 	0.45274	 	0.29	 	8.82181	 	1.40836	 	
563000	-1.23674	 	619.921	 	0.00983614	 	103.161	 	0.452747	 	0.29	 	8.82031	 	1.40828	 	
564000	-1.23675	 	619.936	 	0.0105076	 	103.174	 	0.45276	 	0.27	 	8.82381	 	1.40834	 	
565000	-1.23675	 	619.933	 	0.0102046	 	103.168	 	0.452748	 	0.265	 	8.82332	 	1.40855	 	
566000	-1.23682	 	619.998	 	0.0106394	 	103.218	 	0.452882	 	0.2925	 	8.82372	 	1.40863	 	
567000	-1.23683	 	620.009	 	0.0100061	 	103.203	 	0.452834	 	0.25	 	8.82477	 	1.4084	 	
568000	-1.23674	 	619.929	 	0.0102307	 	103.152	 	0.452678	 	0.18	 	8.82716	 	1.4086	 	
569000	-1.23681	 	619.989	 	0.0111125	 	103.19	 	0.452782	 	0.3875	 	8.82702	 	1.40864	 	
570000	-1.23679	 	619.973	 	0.0108655	 	103.185	 	0.45278	 	0.2025	 	8.82555	 	1.40883	 	
571000	-1.23687	 	620.058	 	0.00990194	 	103.238	 	0.452933	 	0.1925	 	8.82439	 	1.4091	 	
572000	-1.23696	 	620.149	 	0.00901644	 	103.303	 	0.45312	 	0.31	 	8.82339	 	1.40923	 	
573000	-1.2369	 	620.089	 	0.00941975	 	103.282	 	0.453062	 	0.2075	 	8.82311	 	1.40953	 	
574000	-1.23697	 	620.154	 	0.00999806	 	103.323	 	0.453172	 	0.2075	 	8.8238	 	1.4097	 	
575000	-1.23686	 	620.048	 	0.0102364	 	103.254	 	0.452997	 	0.31	 	8.82142	 	1.40925	 	
576000	-1.23676	 	619.947	 	0.010071	 	103.184	 	0.452807	 	0.2925	 	8.82117	 	1.40926	 	
577000	-1.23671	 	619.9	 	0.00934773	 	103.16	 	0.452744	 	0.22	 	8.82028	 	1.40939	 	
578000	-1.23667	 	619.867	 	0.00875535	 	103.132	 	0.452646	 	0.2275	 	8.82357	 	1.41002	 	
579000	-1.23657	 	619.766	 	0.00903044	 	103.054	 	0.45239	 	0.35	 	8.82964	 	1.40985	 	
580000	-1.23646	 	619.656	 	0.00916597	 	102.956	 	0.452103	 	0.27	 	8.83206	 	1.40946	 	
581000	-1.23636	 	619.55	 	0.00888613	 	102.878	 	0.451889	 	0.23	 	8.83208	 	1.40909	 	
582000	-1.23639	 	619.576	 	0.00801525	 	102.904	 	0.451969	 	0.2625	 	8.83073	 	1.4089	 	
583000	-1.23644	 	619.635	 	0.00722465	 	102.934	 	0.452025	 	0.2675	 	8.83484	 	1.40974	 	
584000	-1.2365	 	619.692	 	0.0063542	 	102.965	 	0.452114	 	0.3325	 	8.8342	 	1.40988	 	
585000	-1.23654	 	619.732	 	0.00551459	 	102.987	 	0.452178	 	0.1725	 	8.83399	 	1.40995	 	
586000	-1.23655	 	619.746	 	0.00499259	 	103	 	0.452228	 	0.2525	 	8.83152	 	1.40987	 	
587000	-1.23653	 	619.72	 	0.0053152	 	102.991	 	0.452234	 	0.2425	 	8.82716	 	1.40957	 	
588000	-1.23667	 	619.867	 	0.00422389	 	103.107	 	0.452547	 	0.2725	 	8.82812	 	1.41024	 	
589000	-1.23654	 	619.735	 	0.0044518	 	103.003	 	0.452207	 	0.195	 	8.83614	 	1.41035	 	
590000	-1.23647	 	619.67	 	0.00467903	 	102.951	 	0.45203	 	0.1825	 	8.84105	 	1.41033	 	
591000	-1.23649	 	619.691	 	0.00457511	 	102.964	 	0.452055	 	0.185	 	8.84284	 	1.41049	 	
592000	-1.23649	 	619.696	 	0.00414943	 	102.982	 	0.452082	 	0.1425	 	8.84603	 	1.41117	 	
593000	-1.23652	 	619.715	 	0.00497874	 	103.001	 	0.452157	 	0.2925	 	8.84293	 	1.41075	 	
594000	-1.23649	 	619.688	 	0.00511958	 	102.994	 	0.452127	 	0.2175	 	8.84416	 	1.41078	 	
595000	-1.23649	 	619.687	 	0.00503772	 	102.998	 	0.452164	 	0.1375	 	8.84033	 	1.41055	 	
596000	-1.23644	 	619.64	 	0.00528695	 	102.955	 	0.452035	 	0.285	 	8.84213	 	1.41052	 	
597000	-1.23635	 	619.547	 	0.00514047	 	102.882	 	0.45184	 	0.2625	 	8.84092	 	1.41024	 	
598000	-1.23642	 	619.615	 	0.0045236	 	102.936	 	0.452015	 	0.295	 	8.8369	 	1.41013	 	
599000	-1.23635	 	619.545	 	0.00392028	 	102.886	 	0.451888	 	0.3425	 	8.83556	 	1.40984	 	
600000	-1.23636	 	619.554	 	0.00460975	 	102.9	 	0.451928	 	0.2875	 	8.83535	 	1.41006	 	
601000	-1.23633	 	619.527	 	0.00521537	 	102.884	 	0.451914	 	0.25	 	8.83083	 	1.40959	 	
602000	-1.23645	 	619.641	 	0.00420481	 	102.97	 	0.452165	 	0.185	 	8.82879	 	1.40984	 	
603000	-1.23654	 	619.738	 	0.00330969	 	103.041	 	0.452348	 	0.335	 	8.83073	 	1.41039	 	
604000	-1.23657	 	619.772	 	0.00369034	 	103.064	 	0.452411	 	0.27	 	8.83069	 	1.41055	 	
605000	-1.23651	 	619.707	 	0.00343159	 	103.013	 	0.452283	 	0.305	 	8.82898	 	1.41026	 	
606000	-1.2365	 	619.689	 	0.00284395	 	102.994	 	0.452233	 	0.245	 	8.82844	 	1.40962	 	
607000	-1.23649	 	619.68	 	0.00211919	 	102.988	 	0.452219	 	0.29	 	8.8278	 	1.40947	 	
608000	-1.23658	 	619.772	 	0.00134221	 	103.057	 	0.452392	 	0.2275	 	8.83049	 	1.40992	 	
609000	-1.23651	 	619.703	 	0.0018353	 	102.996	 	0.452208	 	0.285	 	8.83317	 	1.40962	 	
610000	-1.23649	 	619.677	 	0.0022685	 	102.972	 	0.452166	 	0.2975	 	8.82914	 	1.40922	 	
611000	-1.23653	 	619.721	 	0.00301984	 	102.998	 	0.452248	 	0.295	 	8.82789	 	1.40937	 	
612000	-1.23664	 	619.829	 	0.00394804	 	103.092	 	0.452507	 	0.1925	 	8.82772	 	1.40985	 	
613000	-1.23664	 	619.836	 	0.00324582	 	103.093	 	0.452507	 	0.2075	 	8.82839	 	1.4101	 	
614000	-1.23663	 	619.818	 	0.00370753	 	103.064	 	0.452427	 	0.2525	 	8.82837	 	1.40974	 	
615000	-1.23654	 	619.728	 	0.00346902	 	102.986	 	0.452205	 	0.3525	 	8.8292	 	1.40898	 	
616000	-1.2365	 	619.685	 	0.00328674	 	102.951	 	0.452122	 	0.325	 	8.827	 	1.4087	 	
617000	-1.23644	 	619.629	 	0.00316415	 	102.925	 	0.45204	 	0.235	 	8.82879	 	1.40896	 	
618000	-1.23648	 	619.666	 	0.003637	 	102.958	 	0.452142	 	0.2675	 	8.82695	 	1.40908	 	
619000	-1.23649	 	619.682	 	0.00428272	 	102.962	 	0.452153	 	0.24	 	8.82703	 	1.409	 	
620000	-1.23657	 	619.759	 	0.00518766	 	103.022	 	0.452336	 	0.215	 	8.82457	 	1.40879	 	
621000	-1.23664	 	619.827	 	0.00605161	 	103.077	 	0.452488	 	0.3025	 	8.82435	 	1.40918	 	
622000	-1.23665	 	619.843	 	0.00591105	 	103.084	 	0.452515	 	0.195	 	8.82358	 	1.40935	 	
623000	-1.23659	 	619.781	 	0.00569191	 	103.037	 	0.452371	 	0.305	 	8.82543	 	1.4093	 	
624000	-1.23652	 	619.704	 	0.00511462	 	102.987	 	0.452252	 	0.3725	 	8.82273	 	1.40889	 	
625000	-1.23657	 	619.759	 	0.00456662	 	103.018	 	0.452327	 	0.295	 	8.82432	 	1.40864	 	
626000	-1.23666	 	619.847	 	0.00360005	 	103.098	 	0.452564	 	0.295	 	8.82194	 	1.40873	 	
627000	-1.23659	 	619.78	 	0.00350899	 	103.042	 	0.45238	 	0.3025	 	8.82599	 	1.4089	 	
628000	-1.23647	 	619.658	 	0.00339266	 	102.958	 	0.452133	 	0.25	 	8.82847	 	1.4088	 	
629000	-1.23643	 	619.618	 	0.00336661	 	102.908	 	0.451982	 	0.3325	 	8.83029	 	1.40856	 	
630000	-1.23638	 	619.565	 	0.00362152	 	102.868	 	0.451885	 	0.26	 	8.82823	 	1.40807	 	
631000	-1.23632	 	619.501	 	0.00380486	 	102.824	 	0.451765	 	0.2575	 	8.82813	 	1.40768	 	
632000	-1.23637	 	619.554	 	0.00323945	 	102.88	 	0.451927	 	0.17	 	8.82679	 	1.40754	 	
633000	-1.23634	 	619.523	 	0.00312283	 	102.861	 	0.451895	 	0.3	 	8.824	 	1.40734	 	
634000	-1.23631	 	619.493	 	0.00271446	 	102.85	 	0.451874	 	0.23	 	8.82242	 	1.40702	 	
635000	-1.23636	 	619.54	 	0.0024855	 	102.871	 	0.451939	 	0.225	 	8.82169	 	1.40684	 	
636000	-1.23627	 	619.455	 	0.0028265	 	102.809	 	0.451749	 	0.31	 	8.824	 	1.4073	 	
637000	-1.23626	 	619.445	 	0.0033519	 	102.802	 	0.451755	 	0.195	 	8.82023	 	1.40713	 	
638000	-1.23633	 	619.51	 	0.00293681	 	102.859	 	0.451916	 	0.2	 	8.82005	 	1.4069	 	
639000	-1.2364	 	619.576	 	0.00204485	 	102.918	 	0.452097	 	0.33	 	8.81711	 	1.40718	 	
640000	-1.23638	 	619.561	 	0.00154519	 	102.915	 	0.452097	 	0.26	 	8.81615	 	1.40737	 	
641000	-1.2365	 	619.682	 	0.00099358	 	103.017	 	0.452372	 	0.25	 	8.81679	 	1.40795	 	
642000	-1.23645	 	619.632	 	0.00111945	 	102.982	 	0.452267	 	0.3475	 	8.81813	 	1.4081	 	
643000	-1.2364	 	619.588	 	0.00135677	 	102.943	 	0.45213	 	0.27	 	8.82251	 	1.40824	 	
644000	-1.23645	 	619.637	 	0.00140568	 	102.98	 	0.452245	 	0.2525	 	8.82083	 	1.4083	 	
645000	-1.23638	 	619.568	 	0.00120777	 	102.939	 	0.452144	 	0.3425	 	8.81881	 	1.40809	 	
646000	-1.23632	 	619.502	 	0.00113495	 	102.894	 	0.452013	 	0.315	 	8.81985	 	1.40809	 	
647000	-1.23638	 	619.569	 	0.00180581	 	102.944	 	0.452165	 	0.33	 	8.81778	 	1.40816	 	
648000	-1.23646	 	619.641	 	0.00271366	 	103.011	 	0.452377	 	0.2675	 	8.81367	 	1.40788	 	
649000	-1.2365	 	619.679	 	0.00245814	 	103.03	 	0.452422	 	0.24	 	8.81467	 	1.4082	 	
650000	-1.23647	 	619.655	 	0.00265042	 	103.02	 	0.452393	 	0.3125	 	8.81502	 	1.40835	 	
651000	-1.23651	 	619.692	 	0.00193273	 	103.052	 	0.452476	 	0.285	 	8.8158	 	1.40858	 	
652000	-1.23653	 	619.72	 	0.00119587	 	103.072	 	0.452543	 	0.265	 	8.8143	 	1.40867	 	
653000	-1.23646	 	619.649	 	0.000948132	 	103.021	 	0.452378	 	0.3275	 	8.81789	 	1.40897	 	
654000	-1.23645	 	619.643	 	0.00162045	 	103.027	 	0.452405	 	0.205	 	8.81609	 	1.40891	 	
655000	-1.23652	 	619.71	 	0.00100314	 	103.079	 	0.452557	 	0.2575	 	8.8149	 	1.40901	 	
656000	-1.23654	 	619.724	 	0.000205145	 	103.106	 	0.452666	 	0.3375	 	8.80961	 	1.40846	 	
657000	-1.23652	 	619.707	 	0.00082449	 	103.086	 	0.452621	 	0.2325	 	8.80815	 	1.40799	 	
658000	-1.23653	 	619.713	 	0.000133845	 	103.096	 	0.452652	 	0.15	 	8.80793	 	1.40757	 	
659000	-1.23651	 	619.692	 	0.00073198	 	103.088	 	0.452634	 	0.35	 	8.80697	 	1.40744	 	
660000	-1.2365	 	619.681	 	0.000602795	 	103.082	 	0.452622	 	0.3225	 	8.80624	 	1.40729	 	
661000	-1.23647	 	619.647	 	0.000987216	 	103.056	 	0.452536	 	0.2225	 	8.80872	 	1.40736	 	
662000	-1.23648	 	619.658	 	0.00145471	 	103.06	 	0.452538	 	0.33	 	8.80974	 	1.40752	 	
663000	-1.23639	 	619.572	 	0.00130066	 	102.998	 	0.452354	 	0.1775	 	8.81179	 	1.40741	 	
664000	-1.23639	 	619.57	 	0.00189308	 	102.986	 	0.452314	 	0.365	 	8.81271	 	1.40701	 	
665000	-1.23634	 	619.522	 	0.00238843	 	102.96	 	0.452261	 	0.28	 	8.81002	 	1.40663	 	
666000	-1.23634	 	619.516	 	0.00231181	 	102.955	 	0.452263	 	0.3075	 	8.80768	 	1.40631	 	
667000	-1.23634	 	619.516	 	0.00301195	 	102.961	 	0.452291	 	0.3125	 	8.80595	 	1.40628	 	
668000	-1.2364	 	619.573	 	0.00224819	 	103	 	0.452382	 	0.35	 	8.8085	 	1.40624	 	
669000	-1.23637	 	619.538	 	0.00171173	 	102.957	 	0.452275	 	0.225	 	8.80683	 	1.40542	 	
670000	-1.23643	 	619.595	 	0.00184294	 	103	 	0.452411	 	0.295	 	8.80406	 	1.40558	 	
671000	-1.23654	 	619.71	 	0.0016752	 	103.073	 	0.4526	 	0.2025	 	8.80616	 	1.40614	 	
672000	-1.23663	 	619.802	 	0.00105769	 	103.136	 	0.452755	 	0.39	 	8.80896	 	1.40684	 	
673000	-1.23671	 	619.884	 	0.00109118	 	103.208	 	0.452936	 	0.215	 	8.81164	 	1.40746	 	
674000	-1.23679	 	619.966	 	0.00154249	 	103.277	 	0.453142	 	0.325	 	8.8093	 	1.40747	 	
675000	-1.23684	 	620.013	 	0.00223416	 	103.303	 	0.453194	 	0.265	 	8.81198	 	1.40762	 	
676000	-1.2369	 	620.076	 	0.00303499	 	103.356	 	0.453345	 	0.2775	 	8.81139	 	1.40766	 	
677000	-1.2369	 	620.078	 	0.0030477	 	103.35	 	0.453321	 	0.2275	 	8.8125	 	1.40765	 	
678000	-1.23696	 	620.133	 	0.00227227	 	103.395	 	0.453455	 	0.1575	 	8.8109	 	1.40754	 	
679000	-1.23695	 	620.123	 	0.00169234	 	103.388	 	0.453445	 	0.3025	 	8.80971	 	1.40723	 	
680000	-1.23683	 	620.007	 	0.0014324	 	103.306	 	0.453208	 	0.2725	 	8.81116	 	1.40709	 	
681000	-1.23684	 	620.017	 	0.00114605	 	103.315	 	0.453239	 	0.2975	 	8.81029	 	1.40736	 	
682000	-1.2369	 	620.08	 	0.00063132	 	103.361	 	0.453366	 	0.2625	 	8.81035	 	1.40787	 	
683000	-1.23687	 	620.043	 	0.00051134	 	103.324	 	0.453255	 	0.345	 	8.81181	 	1.40751	 	
684000	-1.23691	 	620.087	 	0.000765965	 	103.356	 	0.453345	 	0.2275	 	8.81139	 	1.40804	 	
685000	-1.23685	 	620.027	 	0.000575562	 	103.31	 	0.453221	 	0.26	 	8.811	 	1.40782	 	
686000	-1.23691	 	620.089	 	5.51676e-05	 	103.362	 	0.45334	 	0.265	 	8.81439	 	1.40822	 	
687000	-1.2368	 	619.978	 	-0.000330138	 	103.283	 	0.453123	 	0.215	 	8.8144	 	1.40795	 	
688000	-1.23676	 	619.932	 	-0.00058415	 	103.246	 	0.453051	 	0.2875	 	8.80997	 	1.40734	 	
689000	-1.23673	 	619.908	 	-0.000291023	 	103.227	 	0.452989	 	0.2825	 	8.81152	 	1.40737	 	
690000	-1.23669	 	619.869	 	0.000144217	 	103.213	 	0.452968	 	0.2475	 	8.80887	 	1.4073	 	
691000	-1.2367	 	619.876	 	-0.000188307	 	103.206	 	0.452929	 	0.1975	 	8.81178	 	1.40746	 	
692000	-1.23678	 	619.954	 	-0.00104123	 	103.277	 	0.45313	 	0.25	 	8.81101	 	1.40765	 	
693000	-1.23676	 	619.942	 	-0.000977915	 	103.261	 	0.453071	 	0.3125	 	8.81333	 	1.40751	 	
694000	-1.23669	 	619.864	 	-0.0011447	 	103.202	 	0.45288	 	0.215	 	8.81732	 	1.40751	 	
695000	-1.23671	 	619.887	 	-0.000853129	 	103.207	 	0.452909	 	0.1675	 	8.81516	 	1.4074	 	
696000	-1.23668	 	619.859	 	-0.000531351	 	103.179	 	0.452813	 	0.33	 	8.8179	 	1.40756	 	
697000	-1.23666	 	619.835	 	-0.00112322	 	103.162	 	0.452784	 	0.34	 	8.8153	 	1.40731	 	
698000	-1.2367	 	619.88	 	-0.00134266	 	103.19	 	0.452844	 	0.24	 	8.81801	 	1.40777	 	
699000	-1.23663	 	619.807	 	-0.001172	 	103.143	 	0.452713	 	0.2175	 	8.81815	 	1.40752	 	
700000	-1.23658	 	619.763	 	-0.000996093	 	103.119	 	0.452632	 	0.17	 	8.8203	 	1.40754	 	
701000	-1.23662	 	619.796	 	-0.00025388	 	103.155	 	0.452733	 	0.2125	 	8.82022	 	1.40778	 	
702000	-1.2367	 	619.881	 	0.00051349	 	103.212	 	0.452869	 	0.225	 	8.82333	 	1.4083	 	
703000	-1.23678	 	619.96	 	0.000315178	 	103.284	 	0.453062	 	0.24	 	8.82425	 	1.40876	 	
704000	-1.23678	 	619.965	 	0.00097505	 	103.287	 	0.453087	 	0.2875	 	8.82143	 	1.40861	 	
705000	-1.23685	 	620.033	 	0.00168596	 	103.347	 	0.453264	 	0.18	 	8.82008	 	1.40857	 	
706000	-1.23688	 	620.064	 	0.00219958	 	103.384	 	0.453367	 	0.375	 	8.81995	 	1.40868	 	
707000	-1.23682	 	620.004	 	0.00257924	 	103.334	 	0.453206	 	0.2775	 	8.82307	 	1.40849	 	
708000	-1.23683	 	620.009	 	0.00240282	 	103.354	 	0.45328	 	0.34	 	8.82028	 	1.40875	 	
709000	-1.23687	 	620.056	 	0.00217355	 	103.387	 	0.453369	 	0.25	 	8.82051	 	1.40902	 	
710000	-1.2369	 	620.085	 	0.00278542	 	103.407	 	0.453413	 	0.2575	 	8.82235	 	1.4091	 	
711000	-1.23691	 	620.096	 	0.00322868	 	103.428	 	0.453496	 	0.265	 	8.8185	 	1.40873	 	
712000	-1.23693	 	620.109	 	0.00335149	 	103.452	 	0.453582	 	0.3075	 	8.81566	 	1.4088	 	
713000	-1.23694	 	620.124	 	0.00278277	 	103.457	 	0.453591	 	0.2575	 	8.81607	 	1.40871	 	
714000	-1.23693	 	620.115	 	0.00330323	 	103.444	 	0.453536	 	0.2925	 	8.81919	 	1.40885	 	
715000	-1.23684	 	620.023	 	0.00343644	 	103.382	 	0.453347	 	0.32	 	8.82179	 	1.40884	 	
716000	-1.2369	 	620.082	 	0.00417774	 	103.421	 	0.453462	 	0.34	 	8.82066	 	1.40874	 	
717000	-1.23691	 	620.098	 	0.00362702	 	103.436	 	0.453501	 	0.3225	 	8.82109	 	1.40909	 	
718000	-1.23692	 	620.108	 	0.00364017	 	103.452	 	0.453562	 	0.275	 	8.81865	 	1.40896	 	
719000	-1.23686	 	620.046	 	0.00369903	 	103.406	 	0.45341	 	0.2	 	8.82242	 	1.40917	 	
720000	-1.23694	 	620.126	 	0.00288753	 	103.468	 	0.453591	 	0.13	 	8.82091	 	1.40921	 	
721000	-1.23705	 	620.241	 	0.00202544	 	103.551	 	0.45382	 	0.2175	 	8.82092	 	1.4099	 	
722000	-1.2371	 	620.288	 	0.00130164	 	103.592	 	0.453939	 	0.275	 	8.82005	 	1.40996	 	
723000	-1.23712	 	620.311	 	0.000829467	 	103.611	 	0.453976	 	0.235	 	8.82213	 	1.41014	 	
724000	-1.23708	 	620.273	 	0.000361001	 	103.577	 	0.453866	 	0.285	 	8.8247	 	1.41009	 	
725000	-1.23716	 	620.356	 	0.000420379	 	103.63	 	0.454	 	0.2225	 	8.82629	 	1.41087	 	
726000	-1.2371	 	620.292	 	0.000140785	 	103.592	 	0.453903	 	0.28	 	8.82528	 	1.41083	 	
727000	-1.23713	 	620.329	 	0.000266279	 	103.622	 	0.453976	 	0.3375	 	8.82663	 	1.41132	 	
728000	-1.2371	 	620.297	 	-0.000226896	 	103.592	 	0.453873	 	0.3	 	8.82986	 	1.41158	 	
729000	-1.23706	 	620.255	 	1.41495e-05	 	103.563	 	0.453792	 	0.385	 	8.82999	 	1.41141	 	
730000	-1.23704	 	620.236	 	-0.000520411	 	103.534	 	0.453729	 	0.345	 	8.82738	 	1.41099	 	
731000	-1.23699	 	620.189	 	-0.000182736	 	103.503	 	0.453636	 	0.2625	 	8.82842	 	1.41098	 	
732000	-1.23692	 	620.114	 	-2.89208e-05	 	103.442	 	0.453434	 	0.2675	 	8.83376	 	1.411	 	
733000	-1.23694	 	620.139	 	-0.000552613	 	103.468	 	0.453519	 	0.22	 	8.83195	 	1.41111	 	
734000	-1.23701	 	620.204	 	-0.0013367	 	103.525	 	0.453686	 	0.3	 	8.83013	 	1.4111	 	
735000	-1.23697	 	620.162	 	-0.00155495	 	103.496	 	0.453612	 	0.1525	 	8.82935	 	1.41119	 	
736000	-1.23701	 	620.209	 	-0.00180105	 	103.53	 	0.4537	 	0.19	 	8.82999	 	1.41124	 	
737000	-1.23699	 	620.185	 	-0.00162669	 	103.51	 	0.453642	 	0.2675	 	8.83051	 	1.41075	 	
738000	-1.23709	 	620.289	 	-0.000806308	 	103.588	 	0.45385	 	0.3575	 	8.83169	 	1.41125	 	
739000	-1.2372	 	620.401	 	2.90189e-05	 	103.67	 	0.454071	 	0.185	 	8.83248	 	1.41182	 	
740000	-1.23724	 	620.439	 	0.00020027	 	103.712	 	0.454191	 	0.29	 	8.83166	 	1.41175	 	
741000	-1.23728	 	620.474	 	0.000958799	 	103.756	 	0.454337	 	0.2625	 	8.82783	 	1.41137	 	
742000	-1.23728	 	620.471	 	0.000908639	 	103.748	 	0.454315	 	0.18	 	8.82786	 	1.41143	 	
743000	-1.23732	 	620.512	 	0.000803533	 	103.785	 	0.454417	 	0.3125	 	8.82807	 	1.41158	 	
744000	-1.23727	 	620.462	 	0.00097953	 	103.751	 	0.454327	 	0.295	 	8.82745	 	1.41141	 	
745000	-1.23719	 	620.387	 	0.00135515	 	103.694	 	0.454153	 	0.345	 	8.83021	 	1.41139	 	
746000	-1.23717	 	620.365	 	0.0018258	 	103.681	 	0.454112	 	0.21	 	8.83091	 	1.41127	 	
747000	-1.23723	 	620.422	 	0.00254655	 	103.721	 	0.454235	 	0.1775	 	8.82891	 	1.41116	 	
748000	-1.23715	 	620.342	 	0.0027622	 	103.655	 	0.454039	 	0.3175	 	8.83091	 	1.41111	 	
749000	-1.23715	 	620.347	 	0.002292	 	103.667	 	0.454091	 	0.2575	 	8.82819	 	1.41094	 	
750000	-1.23719	 	620.381	 	0.00280243	 	103.679	 	0.454131	 	0.29	 	8.82714	 	1.41075	 	
751000	-1.2372	 	620.396	 	0.00346853	 	103.701	 	0.454202	 	0.1975	 	8.82555	 	1.41088	 	
752000	-1.2372	 	620.389	 	0.00400408	 	103.687	 	0.454159	 	0.28	 	8.82623	 	1.41063	 	
753000	-1.23717	 	620.363	 	0.00457624	 	103.669	 	0.454141	 	0.2	 	8.8213	 	1.41011	 	
754000	-1.23712	 	620.305	 	0.00484566	 	103.621	 	0.453992	 	0.255	 	8.82383	 	1.40994	 	
755000	-1.23716	 	620.354	 	0.00495873	 	103.659	 	0.454096	 	0.2375	 	8.82416	 	1.41062	 	
756000	-1.23712	 	620.314	 	0.00467527	 	103.615	 	0.453954	 	0.2775	 	8.82724	 	1.41056	 	
757000	-1.23716	 	620.351	 	0.00501121	 	103.635	 	0.454	 	0.27	 	8.82858	 	1.41081	 	
758000	-1.23716	 	620.351	 	0.00561131	 	103.635	 	0.454011	 	0.2425	 	8.82679	 	1.41063	 	
759000	-1.2372	 	620.388	 	0.00542111	 	103.663	 	0.454097	 	0.285	 	8.82553	 	1.41073	 	
760000	-1.23714	 	620.326	 	0.00552803	 	103.609	 	0.45394	 	0.2875	 	8.82707	 	1.41043	 	
761000	-1.2371	 	620.289	 	0.00521264	 	103.59	 	0.453905	 	0.2925	 	8.82429	 	1.41009	 	
762000	-1.2371	 	620.29	 	0.00523491	 	103.575	 	0.45386	 	0.1875	 	8.82486	 	1.41025	 	
763000	-1.23714	 	620.329	 	0.00594956	 	103.616	 	0.453987	 	0.2525	 	8.8227	 	1.41018	 	
764000	-1.23708	 	620.268	 	0.00632207	 	103.568	 	0.453859	 	0.38	 	8.82205	 	1.40964	 	
765000	-1.23705	 	620.235	 	0.0060464	 	103.536	 	0.45375	 	0.3525	 	8.82522	 	1.4097	 	
766000	-1.23711	 	620.294	 	0.00575775	 	103.579	 	0.453864	 	0.28	 	8.82563	 	1.40999	 	
767000	-1.23706	 	620.248	 	0.00589551	 	103.55	 	0.453789	 	0.2725	 	8.82487	 	1.40972	 	
768000	-1.23711	 	620.297	 	0.00655856	 	103.578	 	0.453876	 	0.255	 	8.82357	 	1.40967	 	
769000	-1.23705	 	620.234	 	0.00685164	 	103.536	 	0.453749	 	0.34	 	8.8255	 	1.40978	 	
770000	-1.23708	 	620.267	 	0.00622756	 	103.554	 	0.45379	 	0.31	 	8.8268	 	1.40964	 	
771000	-1.23704	 	620.229	 	0.00588435	 	103.528	 	0.453725	 	0.2125	 	8.82575	 	1.40934	 	
772000	-1.23706	 	620.245	 	0.00564944	 	103.547	 	0.453768	 	0.24	 	8.8271	 	1.40938	 	
773000	-1.23712	 	620.308	 	0.00635276	 	103.598	 	0.453903	 	0.1925	 	8.82773	 	1.40961	 	
774000	-1.23709	 	620.271	 	0.00604946	 	103.575	 	0.453843	 	0.3925	 	8.82741	 	1.40947	 	
775000	-1.23704	 	620.223	 	0.00605857	 	103.541	 	0.453753	 	0.2475	 	8.82658	 	1.40919	 	
776000	-1.23709	 	620.276	 	0.00532139	 	103.588	 	0.453898	 	0.2225	 	8.82423	 	1.40916	 	
777000	-1.23707	 	620.249	 	0.00483941	 	103.567	 	0.453843	 	0.34	 	8.82386	 	1.40901	 	
778000	-1.23707	 	620.255	 	0.00519003	 	103.563	 	0.453833	 	0.27	 	8.82368	 	1.40892	 	
779000	-1.23703	 	620.217	 	0.00505649	 	103.549	 	0.453793	 	0.295	 	8.82389	 	1.40886	 	
780000	-1.23699	 	620.173	 	0.00516317	 	103.516	 	0.453723	 	0.27	 	8.82094	 	1.40843	 	
781000	-1.23705	 	620.232	 	0.00447872	 	103.559	 	0.453849	 	0.2925	 	8.81954	 	1.40854	 	
782000	-1.23709	 	620.272	 	0.0038299	 	103.588	 	0.45394	 	0.2925	 	8.818	 	1.40876	 	
783000	-1.23707	 	620.249	 	0.00350385	 	103.58	 	0.453907	 	0.2875	 	8.81962	 	1.40881	 	
784000	-1.23713	 	620.315	 	0.00294776	 	103.629	 	0.454053	 	0.235	 	8.8182	 	1.40877	 	
785000	-1.23722	 	620.408	 	0.00219859	 	103.694	 	0.454221	 	0.2325	 	8.81969	 	1.40935	 	
786000	-1.23721	 	620.397	 	0.00180438	 	103.674	 	0.454159	 	0.3925	 	8.8208	 	1.40935	 	
787000	-1.2372	 	620.387	 	0.00172989	 	103.672	 	0.454163	 	0.2225	 	8.81929	 	1.40916	 	
788000	-1.23718	 	620.367	 	0.00138987	 	103.657	 	0.45411	 	0.1875	 	8.82137	 	1.40942	 	
789000	-1.23721	 	620.389	 	0.00139247	 	103.681	 	0.454181	 	0.3475	 	8.82054	 	1.40919	 	
790000	-1.23715	 	620.332	 	0.0010482	 	103.656	 	0.45411	 	0.28	 	8.82065	 	1.40946	 	
791000	-1.2371	 	620.287	 	0.00108939	 	103.629	 	0.45403	 	0.3275	 	8.82159	 	1.40923	 	
792000	-1.23718	 	620.37	 	0.00179926	 	103.683	 	0.454169	 	0.22	 	8.8232	 	1.40988	 	
793000	-1.23713	 	620.317	 	0.00215112	 	103.642	 	0.45407	 	0.34	 	8.82108	 	1.40951	 	
794000	-1.23711	 	620.292	 	0.00265526	 	103.63	 	0.454034	 	0.245	 	8.82136	 	1.40963	 	
795000	-1.23711	 	620.293	 	0.00264994	 	103.625	 	0.454015	 	0.1825	 	8.82204	 	1.4094	 	
796000	-1.23702	 	620.205	 	0.00269009	 	103.554	 	0.453788	 	0.2975	 	8.82668	 	1.40944	 	
797000	-1.23706	 	620.248	 	0.00202728	 	103.593	 	0.453887	 	0.2425	 	8.82829	 	1.40974	 	
798000	-1.23705	 	620.237	 	0.00183353	 	103.602	 	0.453909	 	0.31	 	8.82843	 	1.41009	 	
799000	-1.23707	 	620.26	 	0.00235009	 	103.621	 	0.453964	 	0.26	 	8.8282	 	1.41031	 	
800000	-1.23704	 	620.226	 	0.00276944	 	103.593	 	0.453884	 	0.3475	 	8.82844	 	1.40993	 	
801000	-1.23708	 	620.269	 	0.00342652	 	103.634	 	0.453993	 	0.1425	 	8.82938	 	1.41036	 	
802000	-1.23712	 	620.307	 	0.00325196	 	103.657	 	0.454045	 	0.17	 	8.83076	 	1.41054	 	
803000	-1.23713	 	620.326	 	0.00274123	 	103.662	 	0.454036	 	0.285	 	8.83423	 	1.41076	 	
804000	-1.23706	 	620.255	 	0.00256058	 	103.612	 	0.453899	 	0.265	 	8.83446	 	1.4107	 	
805000	-1.23704	 	620.226	 	0.00311201	 	103.602	 	0.453895	 	0.2475	 	8.83061	 	1.41024	 	
806000	-1.23709	 	620.282	 	0.00298389	 	103.638	 	0.453992	 	0.2975	 	8.83116	 	1.41047	 	
807000	-1.23711	 	620.302	 	0.00259291	 	103.65	 	0.454009	 	0.2975	 	8.83341	 	1.41058	 	
808000	-1.23714	 	620.329	 	0.00281833	 	103.663	 	0.454032	 	0.2325	 	8.83524	 	1.41108	 	
809000	-1.23711	 	620.306	 	0.00303285	 	103.645	 	0.453984	 	0.3	 	8.83503	 	1.41082	 	
810000	-1.23716	 	620.354	 	0.00319668	 	103.676	 	0.454075	 	0.19	 	8.83431	 	1.41076	 	
811000	-1.23714	 	620.334	 	0.00289064	 	103.656	 	0.454009	 	0.2175	 	8.83612	 	1.41092	 	
812000	-1.23712	 	620.316	 	0.00275529	 	103.644	 	0.45399	 	0.27	 	8.83393	 	1.41072	 	
813000	-1.23714	 	620.331	 	0.0022919	 	103.653	 	0.454005	 	0.3375	 	8.83544	 	1.41123	 	
814000	-1.23722	 	620.413	 	0.00246189	 	103.703	 	0.454134	 	0.265	 	8.83667	 	1.41177	 	
815000	-1.23723	 	620.425	 	0.0020729	 	103.705	 	0.454152	 	0.2125	 	8.8349	 	1.41157	 	
816000	-1.23727	 	620.471	 	0.00274619	 	103.743	 	0.454273	 	0.2325	 	8.83219	 	1.41167	 	
817000	-1.23728	 	620.473	 	0.00270842	 	103.742	 	0.454257	 	0.225	 	8.83447	 	1.41173	 	
818000	-1.2373	 	620.49	 	0.00231514	 	103.75	 	0.454285	 	0.265	 	8.83324	 	1.4114	 	
819000	-1.23735	 	620.549	 	0.00288082	 	103.789	 	0.454372	 	0.295	 	8.83649	 	1.41211	 	
820000	-1.23742	 	620.619	 	0.00355601	 	103.833	 	0.4545	 	0.1775	 	8.83524	 	1.41241	 	
821000	-1.23744	 	620.64	 	0.00394823	 	103.854	 	0.454573	 	0.2175	 	8.8329	 	1.41227	 	
822000	-1.23747	 	620.662	 	0.00442508	 	103.866	 	0.45461	 	0.285	 	8.83231	 	1.41191	 	
823000	-1.23754	 	620.732	 	0.00436132	 	103.913	 	0.454725	 	0.27	 	8.83471	 	1.41226	 	
824000	-1.23756	 	620.757	 	0.0050411	 	103.95	 	0.454858	 	0.28	 	8.82996	 	1.41197	 	
825000	-1.23756	 	620.756	 	0.00476278	 	103.95	 	0.454851	 	0.1875	 	8.83087	 	1.4118	 	
826000	-1.23763	 	620.821	 	0.0040791	 	104	 	0.455002	 	0.325	 	8.82867	 	1.41168	 	
827000	-1.23758	 	620.772	 	0.00403909	 	103.963	 	0.454908	 	0.2775	 	8.82773	 	1.4115	 	
828000	-1.2376	 	620.788	 	0.00453926	 	103.981	 	0.454968	 	0.175	 	8.82613	 	1.41118	 	
829000	-1.23757	 	620.758	 	0.00450267	 	103.957	 	0.454886	 	0.1475	 	8.82872	 	1.41104	 	
830000	-1.23752	 	620.71	 	0.00426755	 	103.924	 	0.454798	 	0.3325	 	8.82821	 	1.41114	 	
831000	-1.23748	 	620.669	 	0.00428643	 	103.889	 	0.454673	 	0.2125	 	8.83259	 	1.41138	 	
832000	-1.23755	 	620.75	 	0.0035844	 	103.952	 	0.454832	 	0.195	 	8.83455	 	1.41198	 	
833000	-1.23757	 	620.76	 	0.00388978	 	103.963	 	0.454867	 	0.2825	 	8.83413	 	1.41188	 	
834000	-1.23764	 	620.831	 	0.00458239	 	104.015	 	0.45502	 	0.325	 	8.8325	 	1.41184	 	
835000	-1.23765	 	620.844	 	0.00425372	 	104.022	 	0.455043	 	0.3275	 	8.83163	 	1.41167	 	
836000	-1.23757	 	620.769	 	0.00434209	 	103.974	 	0.454905	 	0.3025	 	8.83265	 	1.4119	 	
837000	-1.2375	 	620.689	 	0.00443938	 	103.923	 	0.454775	 	0.3	 	8.83105	 	1.41172	 	
838000	-1.23749	 	620.681	 	0.00471922	 	103.923	 	0.454778	 	0.3375	 	8.83056	 	1.41182	 	
839000	-1.23753	 	620.724	 	0.0051907	 	103.958	 	0.454889	 	0.16	 	8.82863	 	1.41189	 	
840000	-1.23749	 	620.687	 	0.0055158	 	103.914	 	0.454759	 	0.28	 	8.82978	 	1.41163	 	
841000	-1.23755	 	620.745	 	0.00610677	 	103.955	 	0.454874	 	0.19	 	8.82945	 	1.41184	 	
842000	-1.23756	 	620.756	 	0.00611745	 	103.961	 	0.454897	 	0.1875	 	8.82837	 	1.41161	 	
843000	-1.23754	 	620.735	 	0.00643215	 	103.928	 	0.454787	 	0.24	 	8.83137	 	1.41148	 	
844000	-1.23752	 	620.71	 	0.00605398	 	103.921	 	0.454768	 	0.2475	 	8.83159	 	1.41153	 	
845000	-1.23759	 	620.78	 	0.0055198	 	103.972	 	0.454905	 	0.2875	 	8.832	 	1.41193	 	
846000	-1.2376	 	620.791	 	0.0049812	 	103.975	 	0.454916	 	0.21	 	8.83128	 	1.41177	 	
847000	-1.23759	 	620.779	 	0.00478726	 	103.963	 	0.45488	 	0.24	 	8.83185	 	1.41183	 	
848000	-1.23753	 	620.726	 	0.00447905	 	103.913	 	0.45474	 	0.245	 	8.83234	 	1.41167	 	
849000	-1.23751	 	620.699	 	0.00449812	 	103.885	 	0.454673	 	0.2475	 	8.83098	 	1.41122	 	
850000	-1.23749	 	620.687	 	0.00422678	 	103.884	 	0.454675	 	0.2275	 	8.83009	 	1.41131	 	
851000	-1.2375	 	620.694	 	0.00460676	 	103.887	 	0.454675	 	0.22	 	8.8313	 	1.41166	 	
852000	-1.23754	 	620.732	 	0.00464303	 	103.915	 	0.454755	 	0.265	 	8.8309	 	1.41205	 	
853000	-1.23753	 	620.727	 	0.00485742	 	103.921	 	0.454783	 	0.2675	 	8.82897	 	1.41207	 	
854000	-1.23748	 	620.677	 	0.00512749	 	103.882	 	0.454659	 	0.235	 	8.83175	 	1.41203	 	
855000	-1.23747	 	620.671	 	0.00531748	 	103.877	 	0.454643	 	0.2575	 	8.83183	 	1.41217	 	
856000	-1.2375	 	620.697	 	0.00499467	 	103.905	 	0.454723	 	0.315	 	8.83168	 	1.41237	 	
857000	-1.23748	 	620.681	 	0.0045196	 	103.895	 	0.454696	 	0.2775	 	8.83166	 	1.41217	 	
858000	-1.23744	 	620.642	 	0.00447602	 	103.873	 	0.454632	 	0.2925	 	8.8318	 	1.41218	 	
859000	-1.23744	 	620.638	 	0.00395424	 	103.877	 	0.45466	 	0.2725	 	8.82941	 	1.41212	 	
860000	-1.23742	 	620.617	 	0.00386809	 	103.864	 	0.454634	 	0.34	 	8.82814	 	1.41175	 	
861000	-1.23743	 	620.621	 	0.00419372	 	103.86	 	0.454609	 	0.185	 	8.83009	 	1.41165	 	
862000	-1.23754	 	620.73	 	0.00343186	 	103.946	 	0.454839	 	0.3075	 	8.83092	 	1.41203	 	
863000	-1.23752	 	620.713	 	0.00337099	 	103.929	 	0.454781	 	0.165	 	8.83288	 	1.41208	 	
864000	-1.23748	 	620.677	 	0.00363939	 	103.906	 	0.454716	 	0.345	 	8.83311	 	1.41184	 	
865000	-1.2375	 	620.691	 	0.00418792	 	103.92	 	0.45476	 	0.3125	 	8.83236	 	1.41199	 	
866000	-1.23751	 	620.708	 	0.00437144	 	103.933	 	0.454805	 	0.24	 	8.83092	 	1.41202	 	
867000	-1.23751	 	620.707	 	0.00450749	 	103.927	 	0.454794	 	0.2375	 	8.82979	 	1.41172	 	
868000	-1.23745	 	620.649	 	0.00461452	 	103.887	 	0.454674	 	0.295	 	8.83143	 	1.41158	 	
869000	-1.23746	 	620.653	 	0.00407041	 	103.906	 	0.45473	 	0.24	 	8.83091	 	1.41143	 	
870000	-1.23743	 	620.623	 	0.00387695	 	103.893	 	0.4547	 	0.22	 	8.83019	 	1.41159	 	
871000	-1.2374	 	620.598	 	0.00428621	 	103.862	 	0.4546	 	0.31	 	8.83229	 	1.41146	 	
872000	-1.23739	 	620.582	 	0.00470799	 	103.834	 	0.454528	 	0.2025	 	8.83153	 	1.41103	 	
873000	-1.23736	 	620.557	 	0.00438303	 	103.825	 	0.454503	 	0.2475	 	8.83158	 	1.41117	 	
874000	-1.23731	 	620.499	 	0.00460267	 	103.788	 	0.454408	 	0.41	 	8.83043	 	1.41075	 	
875000	-1.23729	 	620.477	 	0.00459751	 	103.774	 	0.454364	 	0.2175	 	8.83133	 	1.41086	 	
876000	-1.23736	 	620.547	 	0.00388485	 	103.839	 	0.454552	 	0.215	 	8.83004	 	1.41099	 	
877000	-1.23732	 	620.505	 	0.00394785	 	103.799	 	0.454445	 	0.28	 	8.82943	 	1.41062	 	
878000	-1.23735	 	620.541	 	0.00422376	 	103.819	 	0.454506	 	0.225	 	8.82881	 	1.41088	 	
879000	-1.23728	 	620.467	 	0.00442627	 	103.77	 	0.454362	 	0.3625	 	8.83004	 	1.41093	 	
880000	-1.2373	 	620.495	 	0.00401931	 	103.799	 	0.454437	 	0.1925	 	8.83074	 	1.41115	 	
881000	-1.23729	 	620.48	 	0.00387992	 	103.79	 	0.454391	 	0.355	 	8.83417	 	1.41147	 	
882000	-1.23726	 	620.457	 	0.00420638	 	103.766	 	0.454307	 	0.26	 	8.83662	 	1.41139	 	
883000	-1.23719	 	620.385	 	0.00436463	 	103.713	 	0.454152	 	0.21	 	8.83828	 	1.41116	 	
884000	-1.23721	 	620.407	 	0.00448304	 	103.725	 	0.454181	 	0.2375	 	8.8387	 	1.41123	 	
885000	-1.23723	 	620.421	 	0.00500363	 	103.742	 	0.454226	 	0.2475	 	8.83903	 	1.41144	 	
886000	-1.23724	 	620.435	 	0.00521111	 	103.738	 	0.4542	 	0.32	 	8.84142	 	1.41157	 	
887000	-1.23729	 	620.491	 	0.0050594	 	103.782	 	0.454315	 	0.295	 	8.84214	 	1.41189	 	
888000	-1.23727	 	620.469	 	0.00458782	 	103.772	 	0.454285	 	0.25	 	8.84238	 	1.41197	 	
889000	-1.2373	 	620.493	 	0.00397625	 	103.8	 	0.45438	 	0.2475	 	8.83969	 	1.41184	 	
890000	-1.23723	 	620.425	 	0.00392827	 	103.751	 	0.454236	 	0.32	 	8.84108	 	1.41166	 	
891000	-1.23724	 	620.432	 	0.0034688	 	103.755	 	0.454258	 	0.3075	 	8.83956	 	1.41132	 	
892000	-1.23725	 	620.45	 	0.00300969	 	103.763	 	0.454264	 	0.29	 	8.8418	 	1.41167	 	
893000	-1.23725	 	620.449	 	0.003479	 	103.774	 	0.454314	 	0.31	 	8.83904	 	1.41163	 	
894000	-1.23722	 	620.418	 	0.00363786	 	103.749	 	0.454246	 	0.3275	 	8.83869	 	1.41145	 	
895000	-1.23714	 	620.336	 	0.00357201	 	103.683	 	0.454054	 	0.3475	 	8.84017	 	1.41136	 	
896000	-1.23715	 	620.345	 	0.00408697	 	103.688	 	0.454078	 	0.24	 	8.83901	 	1.41097	 	
897000	-1.23715	 	620.341	 	0.00400945	 	103.696	 	0.454093	 	0.3325	 	8.84004	 	1.41108	 	
898000	-1.23713	 	620.327	 	0.00378571	 	103.666	 	0.453985	 	0.27	 	8.8436	 	1.41079	 	
899000	-1.23714	 	620.336	 	0.0033106	 	103.675	 	0.454011	 	0.265	 	8.84371	 	1.4108	 	
900000	-1.23711	 	620.299	 	0.00299573	 	103.651	 	0.453944	 	0.2425	 	8.84386	 	1.41069	 	
901000	-1.23715	 	620.342	 	0.00357862	 	103.68	 	0.454028	 	0.335	 	8.8429	 	1.41074	 	
902000	-1.23716	 	620.347	 	0.0030977	 	103.684	 	0.45404	 	0.2325	 	8.84306	 	1.4108	 	
903000	-1.23713	 	620.322	 	0.00300281	 	103.66	 	0.453973	 	0.25	 	8.84301	 	1.4106	 	
904000	-1.23709	 	620.278	 	0.00297433	 	103.63	 	0.4539	 	0.34	 	8.84181	 	1.41022	 	
905000	-1.2371	 	620.291	 	0.0026879	 	103.648	 	0.453954	 	0.225	 	8.84108	 	1.41038	 	
906000	-1.2371	 	620.29	 	0.00301296	 	103.653	 	0.453974	 	0.28	 	8.83986	 	1.41027	 	
907000	-1.23713	 	620.318	 	0.00345394	 	103.665	 	0.454007	 	0.2625	 	8.84	 	1.41011	 	
908000	-1.23714	 	620.325	 	0.00376968	 	103.663	 	0.453989	 	0.125	 	8.84202	 	1.41005	 	
909000	-1.23716	 	620.342	 	0.00344983	 	103.683	 	0.454055	 	0.2575	 	8.84014	 	1.40979	 	
910000	-1.23718	 	620.365	 	0.00290121	 	103.698	 	0.454105	 	0.2125	 	8.83871	 	1.4098	 	
911000	-1.23723	 	620.418	 	0.00227245	 	103.741	 	0.454235	 	0.3	 	8.83714	 	1.40987	 	
912000	-1.23724	 	620.429	 	0.00231997	 	103.743	 	0.454244	 	0.205	 	8.83669	 	1.40975	 	
913000	-1.2373	 	620.483	 	0.00292267	 	103.785	 	0.454366	 	0.2675	 	8.83581	 	1.40964	 	
914000	-1.23739	 	620.576	 	0.00221997	 	103.86	 	0.454569	 	0.1525	 	8.83607	 	1.40993	 	
915000	-1.23738	 	620.566	 	0.00217799	 	103.853	 	0.454565	 	0.2325	 	8.83392	 	1.40986	 	
916000	-1.23738	 	620.564	 	0.00241604	 	103.857	 	0.45459	 	0.19	 	8.83179	 	1.41001	 	
917000	-1.23735	 	620.539	 	0.00290582	 	103.852	 	0.454595	 	0.375	 	8.82909	 	1.40981	 	
918000	-1.23732	 	620.503	 	0.003092	 	103.822	 	0.454505	 	0.28	 	8.82987	 	1.40964	 	
919000	-1.23729	 	620.471	 	0.00329323	 	103.792	 	0.454406	 	0.26	 	8.83275	 	1.40968	 	
920000	-1.2373	 	620.48	 	0.00278535	 	103.796	 	0.454426	 	0.2725	 	8.83111	 	1.40948	 	
921000	-1.23729	 	620.47	 	0.0024397	 	103.786	 	0.454403	 	0.21	 	8.83047	 	1.40926	 	
922000	-1.23733	 	620.514	 	0.00301655	 	103.813	 	0.45449	 	0.2675	 	8.82845	 	1.40923	 	
923000	-1.23738	 	620.567	 	0.00355294	 	103.849	 	0.454589	 	0.3675	 	8.82838	 	1.40941	 	
924000	-1.23735	 	620.534	 	0.00314847	 	103.824	 	0.454528	 	0.16	 	8.82756	 	1.40932	 	
925000	-1.23737	 	620.547	 	0.00265541	 	103.836	 	0.454558	 	0.305	 	8.82778	 	1.40936	 	
926000	-1.23742	 	620.6	 	0.00205082	 	103.871	 	0.454669	 	0.21	 	8.82555	 	1.40941	 	
927000	-1.23733	 	620.512	 	0.00181055	 	103.801	 	0.454454	 	0.315	 	8.82892	 	1.40929	 	
928000	-1.2373	 	620.486	 	0.00218731	 	103.782	 	0.454394	 	0.285	 	8.83028	 	1.40944	 	
929000	-1.23736	 	620.539	 	0.00198189	 	103.816	 	0.45449	 	0.21	 	8.82993	 	1.40957	 	
930000	-1.23742	 	620.606	 	0.00258808	 	103.862	 	0.45461	 	0.3375	 	8.83074	 	1.40997	 	
931000	-1.23736	 	620.549	 	0.00239864	 	103.812	 	0.454445	 	0.2575	 	8.83478	 	1.41001	 	
932000	-1.23734	 	620.529	 	0.00256149	 	103.792	 	0.45438	 	0.255	 	8.83659	 	1.41011	 	
933000	-1.23736	 	620.551	 	0.0027462	 	103.809	 	0.454417	 	0.28	 	8.83775	 	1.4102	 	
934000	-1.2374	 	620.589	 	0.00223021	 	103.831	 	0.45447	 	0.1575	 	8.8392	 	1.41037	 	
935000	-1.23743	 	620.621	 	0.00242836	 	103.857	 	0.454536	 	0.1425	 	8.83972	 	1.41079	 	
936000	-1.23747	 	620.657	 	0.00294652	 	103.879	 	0.454593	 	0.285	 	8.84046	 	1.41085	 	
937000	-1.23746	 	620.651	 	0.00329147	 	103.88	 	0.454608	 	0.2475	 	8.83848	 	1.41056	 	
938000	-1.23746	 	620.646	 	0.00319193	 	103.88	 	0.454597	 	0.2975	 	8.84004	 	1.41063	 	
939000	-1.23744	 	620.624	 	0.00268579	 	103.88	 	0.454617	 	0.1675	 	8.83712	 	1.41029	 	
940000	-1.23743	 	620.617	 	0.00290237	 	103.879	 	0.454634	 	0.35	 	8.83444	 	1.41023	 	
941000	-1.23743	 	620.615	 	0.00243392	 	103.88	 	0.454643	 	0.19	 	8.83334	 	1.41022	 	
942000	-1.23742	 	620.601	 	0.00195347	 	103.879	 	0.45467	 	0.24	 	8.82876	 	1.40965	 	
943000	-1.23742	 	620.597	 	0.00177309	 	103.876	 	0.454674	 	0.2675	 	8.82683	 	1.40943	 	
944000	-1.23735	 	620.536	 	0.00193422	 	103.832	 	0.454541	 	0.26	 	8.82858	 	1.40927	 	
945000	-1.23737	 	620.552	 	0.00177084	 	103.832	 	0.454532	 	0.2775	 	8.82992	 	1.40922	 	
946000	-1.23736	 	620.536	 	0.00220472	 	103.827	 	0.454535	 	0.295	 	8.82751	 	1.40892	 	
947000	-1.23738	 	620.554	 	0.00275437	 	103.845	 	0.454607	 	0.3175	 	8.8242	 	1.40877	 	
948000	-1.23737	 	620.551	 	0.00317007	 	103.844	 	0.454622	 	0.3425	 	8.82162	 	1.4085	 	
949000	-1.23744	 	620.613	 	0.00377726	 	103.889	 	0.454754	 	0.135	 	8.82044	 	1.40856	 	
950000	-1.23741	 	620.585	 	0.00393701	 	103.873	 	0.454712	 	0.275	 	8.81969	 	1.40848	 	
951000	-1.2374	 	620.576	 	0.00391814	 	103.858	 	0.454676	 	0.3725	 	8.81912	 	1.40824	 	
952000	-1.23743	 	620.609	 	0.00423891	 	103.875	 	0.454709	 	0.2275	 	8.82139	 	1.40834	 	
953000	-1.23746	 	620.638	 	0.00429784	 	103.903	 	0.45479	 	0.2425	 	8.82067	 	1.40859	 	
954000	-1.23746	 	620.633	 	0.00445243	 	103.913	 	0.454822	 	0.3375	 	8.8201	 	1.40868	 	
955000	-1.23742	 	620.599	 	0.00421301	 	103.887	 	0.45473	 	0.3575	 	8.82283	 	1.40894	 	
956000	-1.23736	 	620.54	 	0.00409206	 	103.843	 	0.454606	 	0.355	 	8.82341	 	1.40876	 	
957000	-1.23732	 	620.498	 	0.00387441	 	103.817	 	0.454526	 	0.3175	 	8.8247	 	1.40862	 	
958000	-1.23737	 	620.546	 	0.003686	 	103.846	 	0.454616	 	0.2675	 	8.82309	 	1.40856	 	
959000	-1.23739	 	620.564	 	0.00422428	 	103.865	 	0.454684	 	0.18	 	8.8207	 	1.40852	 	
960000	-1.23736	 	620.536	 	0.00459086	 	103.851	 	0.454651	 	0.2025	 	8.82014	 	1.4084	 	
961000	-1.23738	 	620.551	 	0.00514022	 	103.87	 	0.454732	 	0.3475	 	8.81566	 	1.40801	 	
962000	-1.23734	 	620.512	 	0.00500376	 	103.843	 	0.454673	 	0.2725	 	8.81323	 	1.40763	 	
963000	-1.23738	 	620.55	 	0.00441305	 	103.877	 	0.454786	 	0.355	 	8.81039	 	1.40751	 	
964000	-1.23735	 	620.526	 	0.00449551	 	103.858	 	0.454725	 	0.3325	 	8.81166	 	1.40774	 	
965000	-1.23735	 	620.524	 	0.00493021	 	103.86	 	0.454726	 	0.285	 	8.81216	 	1.40772	 	
966000	-1.23736	 	620.537	 	0.00495014	 	103.867	 	0.454745	 	0.21	 	8.81233	 	1.40779	 	
967000	-1.23732	 	620.495	 	0.0051792	 	103.834	 	0.454644	 	0.2125	 	8.81393	 	1.40766	 	
968000	-1.23732	 	620.489	 	0.0055784	 	103.831	 	0.454639	 	0.3	 	8.81364	 	1.40777	 	
969000	-1.2373	 	620.47	 	0.00571536	 	103.83	 	0.454656	 	0.3875	 	8.81057	 	1.40765	 	
970000	-1.2373	 	620.469	 	0.00568058	 	103.831	 	0.454661	 	0.36	 	8.81032	 	1.40767	 	
971000	-1.23732	 	620.498	 	0.00585987	 	103.844	 	0.454694	 	0.3225	 	8.81062	 	1.40787	 	
972000	-1.23726	 	620.439	 	0.00590466	 	103.807	 	0.454581	 	0.32	 	8.81227	 	1.4079	 	
973000	-1.23731	 	620.483	 	0.00534961	 	103.843	 	0.454685	 	0.295	 	8.8116	 	1.40784	 	
974000	-1.23728	 	620.453	 	0.00504345	 	103.81	 	0.454586	 	0.3775	 	8.81288	 	1.40762	 	
975000	-1.23731	 	620.482	 	0.00485571	 	103.846	 	0.454699	 	0.265	 	8.81081	 	1.40745	 	
976000	-1.23731	 	620.483	 	0.00533754	 	103.848	 	0.454726	 	0.2125	 	8.80746	 	1.40706	 	
977000	-1.23725	 	620.419	 	0.00543999	 	103.793	 	0.454563	 	0.33	 	8.80932	 	1.40683	 	
978000	-1.23725	 	620.418	 	0.00572364	 	103.79	 	0.454549	 	0.2675	 	8.81013	 	1.40699	 	
979000	-1.23728	 	620.452	 	0.00628654	 	103.824	 	0.454656	 	0.2	 	8.80819	 	1.40685	 	
980000	-1.2373	 	620.474	 	0.00676598	 	103.841	 	0.454693	 	0.3325	 	8.80941	 	1.40721	 	
981000	-1.23728	 	620.449	 	0.00692739	 	103.827	 	0.454646	 	0.375	 	8.81067	 	1.40746	 	
982000	-1.23724	 	620.414	 	0.00664983	 	103.799	 	0.454556	 	0.31	 	8.81288	 	1.40774	 	
983000	-1.23725	 	620.43	 	0.00665825	 	103.812	 	0.454601	 	0.265	 	8.81147	 	1.40792	 	
984000	-1.23726	 	620.433	 	0.00618891	 	103.816	 	0.454622	 	0.2675	 	8.81006	 	1.40764	 	
985000	-1.23723	 	620.407	 	0.00650119	 	103.794	 	0.454563	 	0.1775	 	8.80967	 	1.40746	 	
986000	-1.23724	 	620.411	 	0.00674396	 	103.8	 	0.45458	 	0.2675	 	8.80935	 	1.40761	 	
987000	-1.23726	 	620.429	 	0.00711721	 	103.804	 	0.454598	 	0.22	 	8.80857	 	1.40744	 	
988000	-1.23726	 	620.426	 	0.00702758	 	103.797	 	0.454582	 	0.2275	 	8.80782	 	1.40721	 	
989000	-1.23726	 	620.43	 	0.00719342	 	103.794	 	0.45457	 	0.27	 	8.80864	 	1.4071	 	
990000	-1.23724	 	620.414	 	0.00700386	 	103.78	 	0.454528	 	0.31	 	8.80895	 	1.40707	 	
991000	-1.23724	 	620.409	 	0.00708435	 	103.778	 	0.454542	 	0.29	 	8.80622	 	1.40664	 	
992000	-1.23723	 	620.395	 	0.00728736	 	103.766	 	0.454506	 	0.2875	 	8.80655	 	1.40666	 	
993000	-1.23726	 	620.429	 	0.00783039	 	103.793	 	0.454599	 	0.2975	 	8.80384	 	1.40649	 	
994000	-1.23725	 	620.417	 	0.00798815	 	103.782	 	0.454575	 	0.185	 	8.80272	 	1.40621	 	
995000	-1.23727	 	620.435	 	0.00810233	 	103.797	 	0.454618	 	0.2825	 	8.80254	 	1.40617	 	
996000	-1.23724	 	620.404	 	0.00809872	 	103.778	 	0.454554	 	0.28	 	8.80435	 	1.40621	 	
997000	-1.23721	 	620.376	 	0.00780274	 	103.761	 	0.454521	 	0.2825	 	8.80224	 	1.40605	 	
998000	-1.23719	 	620.354	 	0.00743151	 	103.753	 	0.454498	 	0.22	 	8.80213	 	1.40592	 	
999000	-1.23719	 	620.351	 	0.0075243	 	103.745	 	0.454477	 	0.3075	 	8.80228	 	1.40596	 	
