MCcycles: 500000	 L = 20	 T = 1	 Randomstart = 0
MCcycles 	 E 		 E2 		 M 		 M2 		 Mabs 		 accepted		 X 		 Cv
2	-2	 	1600	 	1	 	400	 	1	 	0	 	0	 	0	 	
1000	-1.99721	 	1595.56	 	0.9993	 	399.442	 	0.9993	 	0	 	0.001484	 	0.0234864	 	
2000	-1.99685	 	1595	 	0.99921	 	399.37	 	0.99921	 	0	 	0.00162036	 	0.0254636	 	
3000	-1.9969	 	1595.07	 	0.999213	 	399.373	 	0.999213	 	0	 	0.00173246	 	0.0257293	 	
4000	-1.99688	 	1595.04	 	0.999206	 	399.367	 	0.999206	 	0	 	0.00173548	 	0.0257262	 	
5000	-1.99696	 	1595.16	 	0.999227	 	399.384	 	0.999227	 	0	 	0.00167499	 	0.0250616	 	
6000	-1.99699	 	1595.21	 	0.999237	 	399.391	 	0.999237	 	0	 	0.00161693	 	0.024336	 	
7000	-1.99703	 	1595.27	 	0.999246	 	399.398	 	0.999246	 	1	 	0.00160671	 	0.0242077	 	
8000	-1.9971	 	1595.38	 	0.999263	 	399.412	 	0.999263	 	0	 	0.00156656	 	0.0235902	 	
9000	-1.99711	 	1595.4	 	0.999266	 	399.415	 	0.999266	 	0	 	0.00154567	 	0.0232769	 	
10000	-1.99712	 	1595.42	 	0.999268	 	399.416	 	0.999268	 	0	 	0.00154967	 	0.0233319	 	
11000	-1.99714	 	1595.45	 	0.999274	 	399.421	 	0.999274	 	2	 	0.0015435	 	0.0231962	 	
12000	-1.99715	 	1595.46	 	0.999274	 	399.421	 	0.999274	 	0	 	0.00155319	 	0.0232167	 	
13000	-1.99712	 	1595.42	 	0.999266	 	399.415	 	0.999266	 	1	 	0.00157536	 	0.0234848	 	
14000	-1.99713	 	1595.43	 	0.999269	 	399.417	 	0.999269	 	0	 	0.00157693	 	0.0235224	 	
15000	-1.99713	 	1595.44	 	0.999269	 	399.417	 	0.999269	 	0	 	0.00158959	 	0.0235982	 	
16000	-1.99715	 	1595.46	 	0.999273	 	399.42	 	0.999273	 	0	 	0.0015791	 	0.0234964	 	
17000	-1.99708	 	1595.35	 	0.999255	 	399.406	 	0.999255	 	0	 	0.00162681	 	0.0241292	 	
18000	-1.99706	 	1595.33	 	0.999249	 	399.401	 	0.999249	 	0	 	0.00165022	 	0.0243354	 	
19000	-1.99707	 	1595.34	 	0.999252	 	399.403	 	0.999252	 	0	 	0.00164331	 	0.0242118	 	
20000	-1.99707	 	1595.33	 	0.99925	 	399.402	 	0.99925	 	0	 	0.00165	 	0.0243015	 	
21000	-1.99705	 	1595.3	 	0.999245	 	399.398	 	0.999245	 	0	 	0.00166294	 	0.0244296	 	
22000	-1.99706	 	1595.32	 	0.999248	 	399.4	 	0.999248	 	0	 	0.00165604	 	0.024371	 	
23000	-1.99706	 	1595.33	 	0.999249	 	399.401	 	0.999249	 	0	 	0.001651	 	0.0243533	 	
24000	-1.99708	 	1595.35	 	0.999253	 	399.405	 	0.999253	 	1	 	0.00163616	 	0.024169	 	
25000	-1.99708	 	1595.36	 	0.999255	 	399.406	 	0.999255	 	0	 	0.00162907	 	0.0240645	 	
26000	-1.99709	 	1595.37	 	0.999257	 	399.407	 	0.999257	 	1	 	0.00161913	 	0.0239328	 	
27000	-1.99708	 	1595.35	 	0.999254	 	399.405	 	0.999254	 	0	 	0.00163277	 	0.0241024	 	
28000	-1.99709	 	1595.38	 	0.999257	 	399.408	 	0.999257	 	5	 	0.00162876	 	0.0240674	 	
29000	-1.9971	 	1595.39	 	0.999259	 	399.409	 	0.999259	 	0	 	0.00162655	 	0.0240208	 	
30000	-1.99711	 	1595.4	 	0.999261	 	399.411	 	0.999261	 	0	 	0.00161908	 	0.0239505	 	
31000	-1.99711	 	1595.4	 	0.999261	 	399.411	 	0.999261	 	1	 	0.00161698	 	0.023922	 	
32000	-1.99712	 	1595.42	 	0.999265	 	399.414	 	0.999265	 	0	 	0.00161038	 	0.0238606	 	
33000	-1.99712	 	1595.42	 	0.999265	 	399.414	 	0.999265	 	1	 	0.00160721	 	0.0238364	 	
34000	-1.99711	 	1595.4	 	0.999262	 	399.412	 	0.999262	 	0	 	0.00161391	 	0.0239598	 	
35000	-1.99713	 	1595.43	 	0.999268	 	399.416	 	0.999268	 	0	 	0.00160056	 	0.0237839	 	
36000	-1.99713	 	1595.44	 	0.999268	 	399.416	 	0.999268	 	0	 	0.00159642	 	0.0237353	 	
37000	-1.99714	 	1595.45	 	0.999271	 	399.418	 	0.999271	 	2	 	0.00159488	 	0.0237001	 	
38000	-1.99715	 	1595.47	 	0.999273	 	399.42	 	0.999273	 	0	 	0.00159045	 	0.0236698	 	
39000	-1.99713	 	1595.44	 	0.999268	 	399.416	 	0.999268	 	0	 	0.00160136	 	0.0238233	 	
40000	-1.99714	 	1595.45	 	0.99927	 	399.418	 	0.99927	 	1	 	0.00159502	 	0.0237537	 	
41000	-1.99714	 	1595.45	 	0.999271	 	399.418	 	0.999271	 	0	 	0.00159215	 	0.0237194	 	
42000	-1.99714	 	1595.45	 	0.99927	 	399.418	 	0.99927	 	1	 	0.00159045	 	0.0236917	 	
43000	-1.99714	 	1595.45	 	0.99927	 	399.418	 	0.99927	 	0	 	0.00158618	 	0.0236642	 	
44000	-1.99714	 	1595.45	 	0.999271	 	399.419	 	0.999271	 	0	 	0.0015828	 	0.0236314	 	
45000	-1.99713	 	1595.44	 	0.99927	 	399.418	 	0.99927	 	0	 	0.00158509	 	0.023666	 	
46000	-1.99713	 	1595.43	 	0.999268	 	399.416	 	0.999268	 	2	 	0.00158626	 	0.0236827	 	
47000	-1.99713	 	1595.43	 	0.999268	 	399.416	 	0.999268	 	1	 	0.00158772	 	0.0236816	 	
48000	-1.99713	 	1595.44	 	0.999268	 	399.417	 	0.999268	 	0	 	0.00158863	 	0.0236932	 	
49000	-1.99713	 	1595.44	 	0.999269	 	399.417	 	0.999269	 	0	 	0.00158706	 	0.0236927	 	
50000	-1.99713	 	1595.44	 	0.999269	 	399.417	 	0.999269	 	0	 	0.00158694	 	0.0236959	 	
51000	-1.99713	 	1595.44	 	0.99927	 	399.418	 	0.99927	 	0	 	0.00158412	 	0.0236637	 	
52000	-1.99714	 	1595.45	 	0.99927	 	399.418	 	0.99927	 	0	 	0.00158437	 	0.0236562	 	
53000	-1.99713	 	1595.44	 	0.999269	 	399.417	 	0.999269	 	0	 	0.00158451	 	0.0236506	 	
54000	-1.99713	 	1595.44	 	0.999269	 	399.417	 	0.999269	 	1	 	0.00158632	 	0.0236654	 	
55000	-1.99714	 	1595.45	 	0.99927	 	399.418	 	0.99927	 	1	 	0.00158162	 	0.0235934	 	
56000	-1.99714	 	1595.44	 	0.99927	 	399.418	 	0.99927	 	0	 	0.0015822	 	0.0236074	 	
57000	-1.99713	 	1595.43	 	0.999268	 	399.416	 	0.999268	 	0	 	0.00158534	 	0.0236654	 	
58000	-1.99713	 	1595.44	 	0.999268	 	399.416	 	0.999268	 	0	 	0.00158674	 	0.0236633	 	
59000	-1.99714	 	1595.45	 	0.999271	 	399.419	 	0.999271	 	0	 	0.00158043	 	0.0235693	 	
60000	-1.99714	 	1595.45	 	0.999271	 	399.418	 	0.999271	 	0	 	0.00157978	 	0.0235661	 	
61000	-1.99714	 	1595.45	 	0.999271	 	399.418	 	0.999271	 	0	 	0.00158076	 	0.0235851	 	
62000	-1.99714	 	1595.45	 	0.99927	 	399.418	 	0.99927	 	0	 	0.00158122	 	0.0235761	 	
63000	-1.99714	 	1595.45	 	0.99927	 	399.418	 	0.99927	 	0	 	0.00158135	 	0.023573	 	
64000	-1.99715	 	1595.46	 	0.999272	 	399.42	 	0.999272	 	0	 	0.00157562	 	0.0234917	 	
65000	-1.99715	 	1595.47	 	0.999274	 	399.421	 	0.999274	 	0	 	0.00156975	 	0.0234159	 	
66000	-1.99716	 	1595.48	 	0.999276	 	399.422	 	0.999276	 	0	 	0.00156677	 	0.02339	 	
67000	-1.99716	 	1595.48	 	0.999276	 	399.423	 	0.999276	 	0	 	0.00156501	 	0.0233639	 	
68000	-1.99716	 	1595.48	 	0.999276	 	399.422	 	0.999276	 	0	 	0.00156391	 	0.0233599	 	
69000	-1.99716	 	1595.48	 	0.999276	 	399.423	 	0.999276	 	0	 	0.00156311	 	0.0233525	 	
70000	-1.99716	 	1595.49	 	0.999277	 	399.423	 	0.999277	 	0	 	0.00156293	 	0.0233274	 	
71000	-1.99716	 	1595.49	 	0.999277	 	399.423	 	0.999277	 	0	 	0.00156278	 	0.0233393	 	
72000	-1.99717	 	1595.49	 	0.999278	 	399.424	 	0.999278	 	0	 	0.00155949	 	0.0232989	 	
73000	-1.99717	 	1595.51	 	0.99928	 	399.426	 	0.99928	 	0	 	0.00155401	 	0.0232334	 	
74000	-1.99718	 	1595.51	 	0.999281	 	399.426	 	0.999281	 	0	 	0.00155419	 	0.0232126	 	
75000	-1.99718	 	1595.51	 	0.999281	 	399.426	 	0.999281	 	0	 	0.00155301	 	0.0232055	 	
76000	-1.99719	 	1595.53	 	0.999283	 	399.428	 	0.999283	 	0	 	0.00154654	 	0.0231199	 	
77000	-1.99718	 	1595.51	 	0.999281	 	399.427	 	0.999281	 	0	 	0.00155051	 	0.0231695	 	
78000	-1.99718	 	1595.52	 	0.999282	 	399.427	 	0.999282	 	0	 	0.00154981	 	0.0231561	 	
79000	-1.99718	 	1595.52	 	0.999282	 	399.427	 	0.999282	 	0	 	0.00155605	 	0.0232121	 	
80000	-1.99718	 	1595.52	 	0.999282	 	399.428	 	0.999282	 	0	 	0.00155452	 	0.0232023	 	
81000	-1.99719	 	1595.53	 	0.999284	 	399.429	 	0.999284	 	0	 	0.00155036	 	0.0231456	 	
82000	-1.99719	 	1595.54	 	0.999285	 	399.429	 	0.999285	 	0	 	0.00155328	 	0.0231619	 	
83000	-1.99719	 	1595.54	 	0.999285	 	399.429	 	0.999285	 	0	 	0.00155214	 	0.0231434	 	
84000	-1.9972	 	1595.54	 	0.999286	 	399.43	 	0.999286	 	0	 	0.00155053	 	0.0231071	 	
85000	-1.9972	 	1595.55	 	0.999287	 	399.431	 	0.999287	 	0	 	0.00154707	 	0.0230657	 	
86000	-1.9972	 	1595.54	 	0.999286	 	399.43	 	0.999286	 	0	 	0.00154745	 	0.0230736	 	
87000	-1.9972	 	1595.54	 	0.999286	 	399.43	 	0.999286	 	1	 	0.00154927	 	0.0231026	 	
88000	-1.99719	 	1595.53	 	0.999283	 	399.429	 	0.999283	 	0	 	0.0015577	 	0.0232167	 	
89000	-1.99718	 	1595.51	 	0.99928	 	399.426	 	0.99928	 	0	 	0.00156266	 	0.0232995	 	
90000	-1.99717	 	1595.51	 	0.99928	 	399.426	 	0.99928	 	0	 	0.00156177	 	0.0232928	 	
91000	-1.99717	 	1595.5	 	0.999278	 	399.425	 	0.999278	 	1	 	0.00156714	 	0.0233615	 	
92000	-1.99717	 	1595.5	 	0.999279	 	399.425	 	0.999279	 	1	 	0.00156428	 	0.0233231	 	
93000	-1.99717	 	1595.5	 	0.999279	 	399.425	 	0.999279	 	0	 	0.00156558	 	0.0233299	 	
94000	-1.99717	 	1595.5	 	0.999279	 	399.425	 	0.999279	 	0	 	0.00156443	 	0.0233225	 	
95000	-1.99717	 	1595.49	 	0.999277	 	399.424	 	0.999277	 	0	 	0.0015681	 	0.0233807	 	
96000	-1.99717	 	1595.5	 	0.999278	 	399.424	 	0.999278	 	0	 	0.0015655	 	0.0233444	 	
97000	-1.99717	 	1595.5	 	0.999278	 	399.424	 	0.999278	 	0	 	0.00156524	 	0.0233392	 	
98000	-1.99717	 	1595.5	 	0.999279	 	399.425	 	0.999279	 	0	 	0.0015631	 	0.0233145	 	
99000	-1.99717	 	1595.5	 	0.999279	 	399.425	 	0.999279	 	0	 	0.00156136	 	0.0232934	 	
100000	-1.99716	 	1595.49	 	0.999277	 	399.423	 	0.999277	 	1	 	0.00156784	 	0.0233721	 	
101000	-1.99717	 	1595.5	 	0.999279	 	399.425	 	0.999279	 	0	 	0.00156465	 	0.0233312	 	
102000	-1.99717	 	1595.5	 	0.999279	 	399.425	 	0.999279	 	0	 	0.00156464	 	0.0233283	 	
103000	-1.99717	 	1595.5	 	0.999279	 	399.425	 	0.999279	 	0	 	0.00156446	 	0.0233397	 	
104000	-1.99717	 	1595.5	 	0.999279	 	399.425	 	0.999279	 	0	 	0.00156498	 	0.0233373	 	
105000	-1.99717	 	1595.5	 	0.999279	 	399.425	 	0.999279	 	0	 	0.00156597	 	0.0233473	 	
106000	-1.99717	 	1595.5	 	0.999279	 	399.425	 	0.999279	 	0	 	0.00156451	 	0.023323	 	
107000	-1.99718	 	1595.51	 	0.99928	 	399.426	 	0.99928	 	0	 	0.00156121	 	0.0232694	 	
108000	-1.99718	 	1595.52	 	0.999281	 	399.427	 	0.999281	 	0	 	0.001558	 	0.0232265	 	
109000	-1.99718	 	1595.52	 	0.999282	 	399.427	 	0.999282	 	0	 	0.00155552	 	0.0231975	 	
110000	-1.99718	 	1595.51	 	0.999281	 	399.427	 	0.999281	 	0	 	0.00155629	 	0.0232068	 	
111000	-1.99718	 	1595.52	 	0.999282	 	399.427	 	0.999282	 	0	 	0.00155519	 	0.0231997	 	
112000	-1.99718	 	1595.51	 	0.999281	 	399.427	 	0.999281	 	0	 	0.00155646	 	0.0232213	 	
113000	-1.99718	 	1595.52	 	0.999281	 	399.427	 	0.999281	 	0	 	0.00155688	 	0.0232176	 	
114000	-1.99718	 	1595.52	 	0.999281	 	399.427	 	0.999281	 	0	 	0.00155597	 	0.0232065	 	
115000	-1.99718	 	1595.52	 	0.999282	 	399.427	 	0.999282	 	0	 	0.00155545	 	0.0231983	 	
116000	-1.99718	 	1595.52	 	0.999282	 	399.427	 	0.999282	 	0	 	0.0015544	 	0.0231738	 	
117000	-1.99718	 	1595.52	 	0.999282	 	399.428	 	0.999282	 	1	 	0.00155398	 	0.0231737	 	
118000	-1.99718	 	1595.52	 	0.999282	 	399.427	 	0.999282	 	1	 	0.00155439	 	0.0231704	 	
119000	-1.99718	 	1595.52	 	0.999282	 	399.427	 	0.999282	 	0	 	0.00155388	 	0.0231615	 	
120000	-1.99719	 	1595.53	 	0.999283	 	399.428	 	0.999283	 	0	 	0.00155154	 	0.0231216	 	
121000	-1.99719	 	1595.53	 	0.999283	 	399.428	 	0.999283	 	1	 	0.00155201	 	0.0231313	 	
122000	-1.99719	 	1595.53	 	0.999283	 	399.428	 	0.999283	 	0	 	0.0015509	 	0.0231192	 	
123000	-1.9972	 	1595.54	 	0.999285	 	399.43	 	0.999285	 	0	 	0.00154666	 	0.0230584	 	
124000	-1.99719	 	1595.53	 	0.999283	 	399.428	 	0.999283	 	0	 	0.00155195	 	0.0231223	 	
125000	-1.99719	 	1595.53	 	0.999283	 	399.428	 	0.999283	 	0	 	0.00155251	 	0.0231369	 	
126000	-1.99719	 	1595.53	 	0.999283	 	399.428	 	0.999283	 	1	 	0.00155578	 	0.0231682	 	
127000	-1.99719	 	1595.52	 	0.999283	 	399.428	 	0.999283	 	1	 	0.00155545	 	0.0231672	 	
128000	-1.99718	 	1595.52	 	0.999282	 	399.427	 	0.999282	 	0	 	0.00155756	 	0.0231971	 	
129000	-1.99719	 	1595.53	 	0.999283	 	399.428	 	0.999283	 	0	 	0.00155493	 	0.0231603	 	
130000	-1.99719	 	1595.53	 	0.999283	 	399.428	 	0.999283	 	1	 	0.0015545	 	0.0231527	 	
131000	-1.99719	 	1595.54	 	0.999284	 	399.429	 	0.999284	 	0	 	0.00155224	 	0.0231204	 	
132000	-1.99719	 	1595.53	 	0.999283	 	399.429	 	0.999283	 	0	 	0.00155343	 	0.0231428	 	
133000	-1.99718	 	1595.52	 	0.999282	 	399.427	 	0.999282	 	0	 	0.0015549	 	0.0231718	 	
134000	-1.99718	 	1595.52	 	0.999282	 	399.428	 	0.999282	 	1	 	0.00155562	 	0.0231872	 	
135000	-1.99719	 	1595.53	 	0.999283	 	399.428	 	0.999283	 	0	 	0.00155432	 	0.0231657	 	
136000	-1.99719	 	1595.52	 	0.999283	 	399.428	 	0.999283	 	0	 	0.00155452	 	0.0231658	 	
137000	-1.99719	 	1595.53	 	0.999284	 	399.429	 	0.999284	 	0	 	0.0015528	 	0.0231411	 	
138000	-1.9972	 	1595.54	 	0.999285	 	399.43	 	0.999285	 	0	 	0.00154981	 	0.0231035	 	
139000	-1.9972	 	1595.54	 	0.999285	 	399.43	 	0.999285	 	0	 	0.00155052	 	0.0231166	 	
140000	-1.9972	 	1595.54	 	0.999286	 	399.43	 	0.999286	 	0	 	0.00154796	 	0.0230821	 	
141000	-1.9972	 	1595.55	 	0.999286	 	399.431	 	0.999286	 	0	 	0.00154797	 	0.0230847	 	
142000	-1.9972	 	1595.55	 	0.999287	 	399.432	 	0.999287	 	0	 	0.00154534	 	0.0230451	 	
143000	-1.9972	 	1595.55	 	0.999287	 	399.432	 	0.999287	 	0	 	0.00154473	 	0.0230388	 	
144000	-1.99721	 	1595.56	 	0.999288	 	399.432	 	0.999288	 	0	 	0.0015436	 	0.0230187	 	
145000	-1.99721	 	1595.56	 	0.999288	 	399.432	 	0.999288	 	0	 	0.00154321	 	0.0230082	 	
146000	-1.99721	 	1595.56	 	0.999288	 	399.432	 	0.999288	 	0	 	0.00154313	 	0.0230085	 	
147000	-1.99721	 	1595.56	 	0.999288	 	399.432	 	0.999288	 	0	 	0.00154466	 	0.0230184	 	
148000	-1.99721	 	1595.56	 	0.999289	 	399.433	 	0.999289	 	0	 	0.00154193	 	0.0229826	 	
149000	-1.99721	 	1595.57	 	0.999289	 	399.433	 	0.999289	 	0	 	0.00154065	 	0.0229665	 	
150000	-1.99721	 	1595.57	 	0.999289	 	399.433	 	0.999289	 	0	 	0.00154129	 	0.0229749	 	
151000	-1.99721	 	1595.56	 	0.999289	 	399.433	 	0.999289	 	0	 	0.00154196	 	0.0229907	 	
152000	-1.99721	 	1595.56	 	0.999289	 	399.433	 	0.999289	 	0	 	0.00154183	 	0.0229947	 	
153000	-1.99721	 	1595.57	 	0.999289	 	399.433	 	0.999289	 	0	 	0.00154088	 	0.0229783	 	
154000	-1.99721	 	1595.56	 	0.999289	 	399.433	 	0.999289	 	0	 	0.00154042	 	0.0229769	 	
155000	-1.99721	 	1595.56	 	0.999288	 	399.432	 	0.999288	 	1	 	0.00154101	 	0.0229844	 	
156000	-1.99721	 	1595.56	 	0.999288	 	399.432	 	0.999288	 	1	 	0.00154273	 	0.0230027	 	
157000	-1.99721	 	1595.56	 	0.999288	 	399.432	 	0.999288	 	0	 	0.00154295	 	0.0230084	 	
158000	-1.99721	 	1595.56	 	0.999288	 	399.433	 	0.999288	 	3	 	0.00154134	 	0.0229865	 	
159000	-1.99721	 	1595.56	 	0.999288	 	399.432	 	0.999288	 	0	 	0.00154364	 	0.0230164	 	
160000	-1.9972	 	1595.55	 	0.999287	 	399.431	 	0.999287	 	0	 	0.00154662	 	0.023049	 	
161000	-1.9972	 	1595.55	 	0.999287	 	399.431	 	0.999287	 	2	 	0.00154609	 	0.0230448	 	
162000	-1.9972	 	1595.55	 	0.999287	 	399.431	 	0.999287	 	0	 	0.00154597	 	0.0230466	 	
163000	-1.9972	 	1595.55	 	0.999286	 	399.431	 	0.999286	 	0	 	0.00154697	 	0.0230611	 	
164000	-1.9972	 	1595.55	 	0.999287	 	399.431	 	0.999287	 	0	 	0.00154664	 	0.0230603	 	
165000	-1.99721	 	1595.56	 	0.999288	 	399.432	 	0.999288	 	0	 	0.00154461	 	0.0230347	 	
166000	-1.99721	 	1595.56	 	0.999288	 	399.432	 	0.999288	 	1	 	0.00154301	 	0.023016	 	
167000	-1.99721	 	1595.56	 	0.999288	 	399.432	 	0.999288	 	1	 	0.00154437	 	0.0230299	 	
168000	-1.99721	 	1595.56	 	0.999288	 	399.432	 	0.999288	 	0	 	0.00154445	 	0.0230351	 	
169000	-1.99721	 	1595.56	 	0.999288	 	399.432	 	0.999288	 	1	 	0.0015443	 	0.0230319	 	
170000	-1.99721	 	1595.55	 	0.999287	 	399.432	 	0.999287	 	0	 	0.00154642	 	0.0230639	 	
171000	-1.9972	 	1595.55	 	0.999287	 	399.431	 	0.999287	 	0	 	0.00154724	 	0.02308	 	
172000	-1.9972	 	1595.55	 	0.999287	 	399.431	 	0.999287	 	0	 	0.00154809	 	0.0230905	 	
173000	-1.9972	 	1595.55	 	0.999287	 	399.431	 	0.999287	 	0	 	0.00154739	 	0.0230742	 	
174000	-1.9972	 	1595.55	 	0.999286	 	399.431	 	0.999286	 	0	 	0.00155276	 	0.0231122	 	
175000	-1.9972	 	1595.55	 	0.999287	 	399.431	 	0.999287	 	0	 	0.00155202	 	0.0230957	 	
176000	-1.9972	 	1595.55	 	0.999287	 	399.431	 	0.999287	 	0	 	0.0015521	 	0.0231011	 	
177000	-1.9972	 	1595.55	 	0.999286	 	399.431	 	0.999286	 	0	 	0.00155387	 	0.0231268	 	
178000	-1.9972	 	1595.55	 	0.999286	 	399.431	 	0.999286	 	0	 	0.00155366	 	0.0231258	 	
179000	-1.9972	 	1595.55	 	0.999287	 	399.431	 	0.999287	 	0	 	0.00155299	 	0.0231176	 	
180000	-1.99721	 	1595.56	 	0.999287	 	399.432	 	0.999287	 	0	 	0.00155132	 	0.0230947	 	
181000	-1.99721	 	1595.56	 	0.999288	 	399.432	 	0.999288	 	0	 	0.00154897	 	0.0230638	 	
182000	-1.99721	 	1595.56	 	0.999288	 	399.432	 	0.999288	 	0	 	0.00154862	 	0.0230595	 	
183000	-1.99721	 	1595.56	 	0.999289	 	399.433	 	0.999289	 	0	 	0.00154727	 	0.0230418	 	
184000	-1.99721	 	1595.56	 	0.999288	 	399.432	 	0.999288	 	0	 	0.00154819	 	0.0230562	 	
185000	-1.99721	 	1595.56	 	0.999288	 	399.432	 	0.999288	 	0	 	0.00154817	 	0.0230523	 	
186000	-1.99721	 	1595.56	 	0.999289	 	399.433	 	0.999289	 	0	 	0.00154684	 	0.0230305	 	
187000	-1.99721	 	1595.56	 	0.999288	 	399.432	 	0.999288	 	0	 	0.00154842	 	0.0230482	 	
188000	-1.99721	 	1595.56	 	0.999288	 	399.432	 	0.999288	 	0	 	0.00154941	 	0.0230612	 	
189000	-1.99721	 	1595.56	 	0.999288	 	399.432	 	0.999288	 	0	 	0.00154865	 	0.0230553	 	
190000	-1.99721	 	1595.56	 	0.999288	 	399.432	 	0.999288	 	0	 	0.00154937	 	0.0230623	 	
191000	-1.99721	 	1595.56	 	0.999287	 	399.432	 	0.999287	 	0	 	0.00155004	 	0.023071	 	
192000	-1.99721	 	1595.56	 	0.999287	 	399.432	 	0.999287	 	0	 	0.00155093	 	0.0230783	 	
193000	-1.9972	 	1595.55	 	0.999286	 	399.431	 	0.999286	 	0	 	0.00155226	 	0.0230981	 	
194000	-1.9972	 	1595.55	 	0.999286	 	399.43	 	0.999286	 	1	 	0.00155274	 	0.0231114	 	
195000	-1.9972	 	1595.54	 	0.999285	 	399.43	 	0.999285	 	0	 	0.00155463	 	0.0231393	 	
196000	-1.9972	 	1595.55	 	0.999286	 	399.43	 	0.999286	 	1	 	0.00155262	 	0.0231132	 	
197000	-1.9972	 	1595.55	 	0.999286	 	399.431	 	0.999286	 	2	 	0.00155077	 	0.0230911	 	
198000	-1.9972	 	1595.55	 	0.999286	 	399.431	 	0.999286	 	0	 	0.00155127	 	0.0230974	 	
199000	-1.9972	 	1595.54	 	0.999285	 	399.43	 	0.999285	 	1	 	0.00155258	 	0.023122	 	
200000	-1.9972	 	1595.55	 	0.999286	 	399.431	 	0.999286	 	0	 	0.00155111	 	0.0230997	 	
201000	-1.9972	 	1595.55	 	0.999286	 	399.43	 	0.999286	 	0	 	0.0015513	 	0.0230962	 	
202000	-1.9972	 	1595.55	 	0.999286	 	399.43	 	0.999286	 	0	 	0.00155117	 	0.0230936	 	
203000	-1.9972	 	1595.55	 	0.999286	 	399.431	 	0.999286	 	0	 	0.00154981	 	0.0230765	 	
204000	-1.9972	 	1595.55	 	0.999286	 	399.431	 	0.999286	 	0	 	0.00155024	 	0.0230767	 	
205000	-1.9972	 	1595.55	 	0.999286	 	399.431	 	0.999286	 	0	 	0.00155004	 	0.0230757	 	
206000	-1.9972	 	1595.54	 	0.999285	 	399.43	 	0.999285	 	0	 	0.00155303	 	0.0231086	 	
207000	-1.99719	 	1595.54	 	0.999284	 	399.429	 	0.999284	 	0	 	0.00155461	 	0.0231338	 	
208000	-1.99719	 	1595.54	 	0.999284	 	399.429	 	0.999284	 	0	 	0.00155446	 	0.0231342	 	
209000	-1.99719	 	1595.54	 	0.999284	 	399.429	 	0.999284	 	0	 	0.00155428	 	0.0231314	 	
210000	-1.99719	 	1595.53	 	0.999283	 	399.428	 	0.999283	 	0	 	0.0015557	 	0.0231485	 	
211000	-1.99719	 	1595.53	 	0.999283	 	399.428	 	0.999283	 	0	 	0.00155711	 	0.0231671	 	
212000	-1.99719	 	1595.53	 	0.999283	 	399.428	 	0.999283	 	0	 	0.00155765	 	0.0231752	 	
213000	-1.99719	 	1595.53	 	0.999283	 	399.428	 	0.999283	 	0	 	0.00155672	 	0.0231641	 	
214000	-1.99719	 	1595.53	 	0.999283	 	399.428	 	0.999283	 	0	 	0.00155752	 	0.0231715	 	
215000	-1.99719	 	1595.53	 	0.999282	 	399.428	 	0.999282	 	0	 	0.00155948	 	0.023197	 	
216000	-1.99719	 	1595.52	 	0.999282	 	399.427	 	0.999282	 	2	 	0.00155942	 	0.0232042	 	
217000	-1.99719	 	1595.52	 	0.999282	 	399.427	 	0.999282	 	1	 	0.00155927	 	0.0232016	 	
218000	-1.99719	 	1595.53	 	0.999282	 	399.428	 	0.999282	 	0	 	0.00155916	 	0.0231913	 	
219000	-1.99719	 	1595.53	 	0.999282	 	399.428	 	0.999282	 	2	 	0.00155928	 	0.0231905	 	
220000	-1.99719	 	1595.53	 	0.999283	 	399.428	 	0.999283	 	0	 	0.00155819	 	0.0231763	 	
221000	-1.99719	 	1595.53	 	0.999282	 	399.428	 	0.999282	 	0	 	0.00155887	 	0.0231846	 	
222000	-1.99719	 	1595.53	 	0.999283	 	399.428	 	0.999283	 	0	 	0.00155678	 	0.0231535	 	
223000	-1.99719	 	1595.53	 	0.999283	 	399.429	 	0.999283	 	0	 	0.0015569	 	0.0231488	 	
224000	-1.99719	 	1595.53	 	0.999283	 	399.428	 	0.999283	 	0	 	0.00155782	 	0.023161	 	
225000	-1.99719	 	1595.53	 	0.999284	 	399.429	 	0.999284	 	0	 	0.00155705	 	0.02315	 	
226000	-1.99719	 	1595.53	 	0.999283	 	399.428	 	0.999283	 	0	 	0.00155829	 	0.0231634	 	
227000	-1.99719	 	1595.53	 	0.999284	 	399.429	 	0.999284	 	0	 	0.00155684	 	0.0231456	 	
228000	-1.99719	 	1595.53	 	0.999283	 	399.428	 	0.999283	 	1	 	0.00155771	 	0.0231629	 	
229000	-1.99719	 	1595.53	 	0.999282	 	399.428	 	0.999282	 	0	 	0.00155891	 	0.0231821	 	
230000	-1.99719	 	1595.52	 	0.999282	 	399.427	 	0.999282	 	0	 	0.00156039	 	0.0232095	 	
231000	-1.99719	 	1595.52	 	0.999282	 	399.427	 	0.999282	 	2	 	0.00155992	 	0.023205	 	
232000	-1.99719	 	1595.52	 	0.999282	 	399.427	 	0.999282	 	0	 	0.0015599	 	0.0232067	 	
233000	-1.99719	 	1595.52	 	0.999282	 	399.427	 	0.999282	 	0	 	0.00156016	 	0.0232082	 	
234000	-1.99719	 	1595.53	 	0.999282	 	399.428	 	0.999282	 	0	 	0.0015588	 	0.0231916	 	
235000	-1.99719	 	1595.52	 	0.999282	 	399.428	 	0.999282	 	0	 	0.00155856	 	0.0231931	 	
236000	-1.99719	 	1595.53	 	0.999283	 	399.428	 	0.999283	 	0	 	0.00155778	 	0.0231824	 	
237000	-1.99719	 	1595.52	 	0.999282	 	399.428	 	0.999282	 	1	 	0.00155849	 	0.023193	 	
238000	-1.99719	 	1595.53	 	0.999283	 	399.428	 	0.999283	 	0	 	0.00155775	 	0.0231872	 	
239000	-1.99719	 	1595.53	 	0.999283	 	399.428	 	0.999283	 	0	 	0.00155748	 	0.023186	 	
240000	-1.99719	 	1595.53	 	0.999282	 	399.428	 	0.999282	 	1	 	0.0015583	 	0.0232032	 	
241000	-1.99718	 	1595.52	 	0.999281	 	399.427	 	0.999281	 	0	 	0.00156119	 	0.0232439	 	
242000	-1.99718	 	1595.51	 	0.999281	 	399.426	 	0.999281	 	0	 	0.00156255	 	0.0232643	 	
243000	-1.99718	 	1595.51	 	0.99928	 	399.426	 	0.99928	 	0	 	0.00156297	 	0.0232694	 	
244000	-1.99718	 	1595.51	 	0.99928	 	399.426	 	0.99928	 	0	 	0.0015646	 	0.0232863	 	
245000	-1.99718	 	1595.51	 	0.999279	 	399.425	 	0.999279	 	0	 	0.0015656	 	0.0232984	 	
246000	-1.99717	 	1595.51	 	0.999279	 	399.425	 	0.999279	 	0	 	0.00156581	 	0.0233045	 	
247000	-1.99717	 	1595.5	 	0.999279	 	399.425	 	0.999279	 	0	 	0.00156587	 	0.0233083	 	
248000	-1.99717	 	1595.5	 	0.999279	 	399.425	 	0.999279	 	0	 	0.00156732	 	0.0233316	 	
249000	-1.99717	 	1595.5	 	0.999279	 	399.425	 	0.999279	 	0	 	0.00156672	 	0.023327	 	
250000	-1.99717	 	1595.5	 	0.999279	 	399.425	 	0.999279	 	0	 	0.00156672	 	0.0233295	 	
251000	-1.99717	 	1595.5	 	0.999279	 	399.425	 	0.999279	 	1	 	0.00156635	 	0.0233254	 	
252000	-1.99717	 	1595.5	 	0.999278	 	399.424	 	0.999278	 	0	 	0.00156723	 	0.0233428	 	
253000	-1.99717	 	1595.5	 	0.999278	 	399.424	 	0.999278	 	0	 	0.00156955	 	0.0233625	 	
254000	-1.99717	 	1595.5	 	0.999278	 	399.424	 	0.999278	 	0	 	0.00157017	 	0.023372	 	
255000	-1.99717	 	1595.5	 	0.999278	 	399.424	 	0.999278	 	0	 	0.00157069	 	0.0233815	 	
256000	-1.99717	 	1595.49	 	0.999277	 	399.424	 	0.999277	 	0	 	0.0015704	 	0.0233828	 	
257000	-1.99717	 	1595.49	 	0.999277	 	399.424	 	0.999277	 	1	 	0.00157131	 	0.0233972	 	
258000	-1.99717	 	1595.49	 	0.999277	 	399.423	 	0.999277	 	2	 	0.00157115	 	0.0233979	 	
259000	-1.99717	 	1595.5	 	0.999278	 	399.424	 	0.999278	 	0	 	0.00156954	 	0.0233732	 	
260000	-1.99717	 	1595.5	 	0.999278	 	399.424	 	0.999278	 	0	 	0.00156942	 	0.0233719	 	
261000	-1.99717	 	1595.5	 	0.999278	 	399.425	 	0.999278	 	1	 	0.00156811	 	0.0233555	 	
262000	-1.99717	 	1595.5	 	0.999279	 	399.425	 	0.999279	 	0	 	0.00156708	 	0.0233437	 	
263000	-1.99717	 	1595.5	 	0.999278	 	399.424	 	0.999278	 	0	 	0.00156811	 	0.023358	 	
264000	-1.99717	 	1595.5	 	0.999278	 	399.424	 	0.999278	 	0	 	0.00156814	 	0.0233597	 	
265000	-1.99717	 	1595.5	 	0.999278	 	399.424	 	0.999278	 	0	 	0.00156782	 	0.0233562	 	
266000	-1.99717	 	1595.5	 	0.999278	 	399.424	 	0.999278	 	0	 	0.00156847	 	0.0233639	 	
267000	-1.99717	 	1595.5	 	0.999278	 	399.424	 	0.999278	 	0	 	0.00156886	 	0.0233708	 	
268000	-1.99717	 	1595.5	 	0.999278	 	399.424	 	0.999278	 	0	 	0.00156848	 	0.0233649	 	
269000	-1.99717	 	1595.5	 	0.999278	 	399.424	 	0.999278	 	0	 	0.00156852	 	0.0233579	 	
270000	-1.99717	 	1595.5	 	0.999278	 	399.424	 	0.999278	 	2	 	0.00156971	 	0.0233761	 	
271000	-1.99717	 	1595.5	 	0.999278	 	399.424	 	0.999278	 	1	 	0.00156907	 	0.0233703	 	
272000	-1.99717	 	1595.5	 	0.999278	 	399.424	 	0.999278	 	0	 	0.00156889	 	0.0233701	 	
273000	-1.99717	 	1595.49	 	0.999277	 	399.423	 	0.999277	 	0	 	0.00157067	 	0.0233973	 	
274000	-1.99717	 	1595.49	 	0.999277	 	399.423	 	0.999277	 	0	 	0.00157058	 	0.0233957	 	
275000	-1.99717	 	1595.49	 	0.999277	 	399.424	 	0.999277	 	0	 	0.00157001	 	0.0233881	 	
276000	-1.99717	 	1595.49	 	0.999277	 	399.424	 	0.999277	 	1	 	0.00156936	 	0.0233793	 	
277000	-1.99717	 	1595.49	 	0.999277	 	399.424	 	0.999277	 	0	 	0.00156979	 	0.0233858	 	
278000	-1.99717	 	1595.49	 	0.999278	 	399.424	 	0.999278	 	0	 	0.00156883	 	0.023373	 	
279000	-1.99717	 	1595.5	 	0.999278	 	399.424	 	0.999278	 	0	 	0.00156766	 	0.0233576	 	
280000	-1.99717	 	1595.5	 	0.999278	 	399.424	 	0.999278	 	0	 	0.00156704	 	0.0233496	 	
281000	-1.99717	 	1595.5	 	0.999278	 	399.424	 	0.999278	 	0	 	0.00156791	 	0.0233592	 	
282000	-1.99717	 	1595.5	 	0.999278	 	399.424	 	0.999278	 	0	 	0.00156882	 	0.0233721	 	
283000	-1.99717	 	1595.5	 	0.999278	 	399.424	 	0.999278	 	1	 	0.00156862	 	0.0233688	 	
284000	-1.99717	 	1595.5	 	0.999278	 	399.424	 	0.999278	 	0	 	0.00156848	 	0.0233701	 	
285000	-1.99717	 	1595.5	 	0.999278	 	399.424	 	0.999278	 	0	 	0.00156889	 	0.0233759	 	
286000	-1.99717	 	1595.49	 	0.999277	 	399.424	 	0.999277	 	0	 	0.0015711	 	0.0234038	 	
287000	-1.99717	 	1595.49	 	0.999277	 	399.424	 	0.999277	 	0	 	0.00157058	 	0.0233969	 	
288000	-1.99717	 	1595.49	 	0.999277	 	399.424	 	0.999277	 	0	 	0.00157035	 	0.0233967	 	
289000	-1.99717	 	1595.49	 	0.999277	 	399.424	 	0.999277	 	1	 	0.00157006	 	0.0233929	 	
290000	-1.99717	 	1595.49	 	0.999277	 	399.423	 	0.999277	 	0	 	0.00157137	 	0.0234104	 	
291000	-1.99717	 	1595.49	 	0.999277	 	399.424	 	0.999277	 	0	 	0.00157057	 	0.0233977	 	
292000	-1.99717	 	1595.5	 	0.999278	 	399.424	 	0.999278	 	0	 	0.00156843	 	0.0233684	 	
293000	-1.99717	 	1595.49	 	0.999278	 	399.424	 	0.999278	 	0	 	0.00156885	 	0.0233766	 	
294000	-1.99717	 	1595.49	 	0.999277	 	399.424	 	0.999277	 	0	 	0.00156941	 	0.0233871	 	
295000	-1.99717	 	1595.49	 	0.999277	 	399.423	 	0.999277	 	2	 	0.00156951	 	0.023393	 	
296000	-1.99717	 	1595.49	 	0.999277	 	399.423	 	0.999277	 	0	 	0.00156914	 	0.0233893	 	
297000	-1.99716	 	1595.49	 	0.999277	 	399.423	 	0.999277	 	0	 	0.00156919	 	0.0233919	 	
298000	-1.99717	 	1595.49	 	0.999277	 	399.424	 	0.999277	 	0	 	0.00156859	 	0.023382	 	
299000	-1.99717	 	1595.49	 	0.999277	 	399.424	 	0.999277	 	0	 	0.00156837	 	0.0233842	 	
300000	-1.99717	 	1595.49	 	0.999277	 	399.424	 	0.999277	 	0	 	0.00156763	 	0.0233746	 	
301000	-1.99717	 	1595.49	 	0.999277	 	399.424	 	0.999277	 	0	 	0.00156823	 	0.0233831	 	
302000	-1.99717	 	1595.49	 	0.999277	 	399.424	 	0.999277	 	3	 	0.00156783	 	0.0233808	 	
303000	-1.99717	 	1595.49	 	0.999277	 	399.424	 	0.999277	 	0	 	0.00156782	 	0.0233805	 	
304000	-1.99717	 	1595.49	 	0.999277	 	399.424	 	0.999277	 	0	 	0.00156971	 	0.0233919	 	
305000	-1.99716	 	1595.49	 	0.999277	 	399.423	 	0.999277	 	0	 	0.00157046	 	0.0234055	 	
306000	-1.99717	 	1595.49	 	0.999277	 	399.424	 	0.999277	 	1	 	0.00157017	 	0.0234017	 	
307000	-1.99717	 	1595.49	 	0.999278	 	399.424	 	0.999278	 	0	 	0.00156913	 	0.0233881	 	
308000	-1.99717	 	1595.49	 	0.999278	 	399.424	 	0.999278	 	1	 	0.00156879	 	0.0233826	 	
309000	-1.99717	 	1595.49	 	0.999277	 	399.424	 	0.999277	 	0	 	0.00156921	 	0.0233933	 	
310000	-1.99717	 	1595.49	 	0.999278	 	399.424	 	0.999278	 	0	 	0.00156857	 	0.0233861	 	
311000	-1.99717	 	1595.49	 	0.999277	 	399.424	 	0.999277	 	0	 	0.00156907	 	0.0233907	 	
312000	-1.99717	 	1595.49	 	0.999278	 	399.424	 	0.999278	 	0	 	0.00156853	 	0.0233859	 	
313000	-1.99717	 	1595.49	 	0.999277	 	399.423	 	0.999277	 	0	 	0.0015696	 	0.0234017	 	
314000	-1.99716	 	1595.49	 	0.999277	 	399.423	 	0.999277	 	0	 	0.00157105	 	0.0234199	 	
315000	-1.99716	 	1595.49	 	0.999276	 	399.423	 	0.999276	 	0	 	0.00157135	 	0.0234244	 	
316000	-1.99716	 	1595.48	 	0.999276	 	399.422	 	0.999276	 	0	 	0.00157312	 	0.0234508	 	
317000	-1.99716	 	1595.48	 	0.999275	 	399.422	 	0.999275	 	2	 	0.00157413	 	0.0234645	 	
318000	-1.99716	 	1595.48	 	0.999275	 	399.422	 	0.999275	 	0	 	0.00157399	 	0.0234636	 	
319000	-1.99716	 	1595.48	 	0.999275	 	399.422	 	0.999275	 	0	 	0.00157438	 	0.0234705	 	
320000	-1.99716	 	1595.48	 	0.999275	 	399.422	 	0.999275	 	0	 	0.0015743	 	0.0234664	 	
321000	-1.99716	 	1595.48	 	0.999275	 	399.422	 	0.999275	 	1	 	0.00157423	 	0.0234691	 	
322000	-1.99716	 	1595.48	 	0.999275	 	399.422	 	0.999275	 	1	 	0.00157557	 	0.0234836	 	
323000	-1.99716	 	1595.48	 	0.999275	 	399.422	 	0.999275	 	0	 	0.00157539	 	0.0234805	 	
324000	-1.99716	 	1595.48	 	0.999275	 	399.422	 	0.999275	 	0	 	0.00157641	 	0.0234936	 	
325000	-1.99716	 	1595.48	 	0.999275	 	399.422	 	0.999275	 	0	 	0.00157624	 	0.0234932	 	
326000	-1.99716	 	1595.48	 	0.999275	 	399.422	 	0.999275	 	0	 	0.00157614	 	0.0234922	 	
327000	-1.99716	 	1595.48	 	0.999275	 	399.422	 	0.999275	 	1	 	0.00157572	 	0.0234852	 	
328000	-1.99716	 	1595.48	 	0.999275	 	399.422	 	0.999275	 	0	 	0.00157664	 	0.0234943	 	
329000	-1.99716	 	1595.48	 	0.999275	 	399.421	 	0.999275	 	0	 	0.00157705	 	0.0235017	 	
330000	-1.99715	 	1595.47	 	0.999274	 	399.421	 	0.999274	 	0	 	0.00157847	 	0.0235197	 	
331000	-1.99715	 	1595.47	 	0.999274	 	399.421	 	0.999274	 	0	 	0.00157832	 	0.023521	 	
332000	-1.99716	 	1595.48	 	0.999275	 	399.422	 	0.999275	 	0	 	0.00157729	 	0.0235065	 	
333000	-1.99716	 	1595.48	 	0.999275	 	399.422	 	0.999275	 	0	 	0.00157716	 	0.0235041	 	
334000	-1.99716	 	1595.48	 	0.999275	 	399.422	 	0.999275	 	0	 	0.00157634	 	0.0234954	 	
335000	-1.99716	 	1595.48	 	0.999275	 	399.422	 	0.999275	 	0	 	0.00157649	 	0.023496	 	
336000	-1.99716	 	1595.48	 	0.999275	 	399.422	 	0.999275	 	0	 	0.00157608	 	0.0234897	 	
337000	-1.99716	 	1595.48	 	0.999275	 	399.421	 	0.999275	 	0	 	0.00157808	 	0.0235208	 	
338000	-1.99716	 	1595.48	 	0.999275	 	399.422	 	0.999275	 	0	 	0.00157715	 	0.0235086	 	
339000	-1.99716	 	1595.47	 	0.999274	 	399.421	 	0.999274	 	0	 	0.00157862	 	0.0235313	 	
340000	-1.99716	 	1595.48	 	0.999275	 	399.422	 	0.999275	 	2	 	0.0015778	 	0.0235173	 	
341000	-1.99716	 	1595.48	 	0.999275	 	399.422	 	0.999275	 	0	 	0.00157686	 	0.023506	 	
342000	-1.99716	 	1595.48	 	0.999275	 	399.422	 	0.999275	 	0	 	0.00157691	 	0.023509	 	
343000	-1.99716	 	1595.48	 	0.999275	 	399.422	 	0.999275	 	0	 	0.00157816	 	0.0235224	 	
344000	-1.99716	 	1595.48	 	0.999275	 	399.421	 	0.999275	 	0	 	0.00157851	 	0.0235251	 	
345000	-1.99716	 	1595.48	 	0.999275	 	399.422	 	0.999275	 	0	 	0.00157722	 	0.023508	 	
346000	-1.99716	 	1595.47	 	0.999274	 	399.421	 	0.999274	 	0	 	0.00157826	 	0.0235223	 	
347000	-1.99716	 	1595.47	 	0.999274	 	399.421	 	0.999274	 	0	 	0.0015783	 	0.0235243	 	
348000	-1.99716	 	1595.48	 	0.999275	 	399.422	 	0.999275	 	0	 	0.00157726	 	0.0235117	 	
349000	-1.99716	 	1595.48	 	0.999275	 	399.422	 	0.999275	 	0	 	0.00157656	 	0.0235019	 	
350000	-1.99715	 	1595.47	 	0.999274	 	399.421	 	0.999274	 	0	 	0.0015777	 	0.0235171	 	
351000	-1.99716	 	1595.47	 	0.999274	 	399.421	 	0.999274	 	0	 	0.0015782	 	0.0235228	 	
352000	-1.99716	 	1595.48	 	0.999275	 	399.422	 	0.999275	 	0	 	0.00157669	 	0.0235033	 	
353000	-1.99716	 	1595.48	 	0.999275	 	399.422	 	0.999275	 	0	 	0.0015772	 	0.0235088	 	
354000	-1.99716	 	1595.48	 	0.999275	 	399.421	 	0.999275	 	0	 	0.00157783	 	0.023517	 	
355000	-1.99715	 	1595.47	 	0.999274	 	399.421	 	0.999274	 	1	 	0.00157871	 	0.0235239	 	
356000	-1.99716	 	1595.47	 	0.999274	 	399.421	 	0.999274	 	1	 	0.00157789	 	0.023512	 	
357000	-1.99715	 	1595.47	 	0.999274	 	399.421	 	0.999274	 	0	 	0.00157819	 	0.0235202	 	
358000	-1.99715	 	1595.47	 	0.999274	 	399.421	 	0.999274	 	1	 	0.00157874	 	0.0235261	 	
359000	-1.99715	 	1595.47	 	0.999274	 	399.421	 	0.999274	 	0	 	0.00157877	 	0.0235273	 	
360000	-1.99715	 	1595.47	 	0.999274	 	399.421	 	0.999274	 	0	 	0.00157781	 	0.0235146	 	
361000	-1.99715	 	1595.47	 	0.999274	 	399.421	 	0.999274	 	0	 	0.00157797	 	0.0235177	 	
362000	-1.99715	 	1595.47	 	0.999274	 	399.421	 	0.999274	 	0	 	0.0015781	 	0.0235147	 	
363000	-1.99715	 	1595.47	 	0.999274	 	399.421	 	0.999274	 	0	 	0.00157849	 	0.0235224	 	
364000	-1.99715	 	1595.47	 	0.999274	 	399.421	 	0.999274	 	0	 	0.0015796	 	0.0235363	 	
365000	-1.99715	 	1595.47	 	0.999274	 	399.421	 	0.999274	 	1	 	0.00157901	 	0.0235294	 	
366000	-1.99715	 	1595.47	 	0.999274	 	399.421	 	0.999274	 	0	 	0.00157862	 	0.0235265	 	
367000	-1.99715	 	1595.47	 	0.999273	 	399.421	 	0.999273	 	0	 	0.00157963	 	0.0235422	 	
368000	-1.99715	 	1595.47	 	0.999273	 	399.42	 	0.999273	 	2	 	0.00158038	 	0.0235528	 	
369000	-1.99715	 	1595.47	 	0.999273	 	399.42	 	0.999273	 	0	 	0.00158099	 	0.0235562	 	
370000	-1.99715	 	1595.46	 	0.999273	 	399.42	 	0.999273	 	0	 	0.00158171	 	0.0235684	 	
371000	-1.99715	 	1595.46	 	0.999272	 	399.42	 	0.999272	 	0	 	0.00158229	 	0.0235797	 	
372000	-1.99715	 	1595.46	 	0.999273	 	399.42	 	0.999273	 	0	 	0.00158197	 	0.023576	 	
373000	-1.99715	 	1595.46	 	0.999273	 	399.42	 	0.999273	 	0	 	0.00158139	 	0.0235653	 	
374000	-1.99715	 	1595.47	 	0.999273	 	399.42	 	0.999273	 	0	 	0.00158261	 	0.0235675	 	
375000	-1.99715	 	1595.46	 	0.999273	 	399.42	 	0.999273	 	0	 	0.00158301	 	0.0235757	 	
376000	-1.99715	 	1595.46	 	0.999272	 	399.42	 	0.999272	 	2	 	0.001583	 	0.0235774	 	
377000	-1.99715	 	1595.46	 	0.999272	 	399.42	 	0.999272	 	0	 	0.00158294	 	0.0235763	 	
378000	-1.99715	 	1595.46	 	0.999273	 	399.42	 	0.999273	 	0	 	0.00158238	 	0.0235712	 	
379000	-1.99715	 	1595.46	 	0.999272	 	399.42	 	0.999272	 	0	 	0.00158295	 	0.0235806	 	
380000	-1.99715	 	1595.46	 	0.999272	 	399.42	 	0.999272	 	1	 	0.00158257	 	0.0235729	 	
381000	-1.99715	 	1595.46	 	0.999272	 	399.42	 	0.999272	 	0	 	0.00158275	 	0.0235739	 	
382000	-1.99715	 	1595.46	 	0.999273	 	399.42	 	0.999273	 	0	 	0.00158169	 	0.0235577	 	
383000	-1.99715	 	1595.46	 	0.999273	 	399.42	 	0.999273	 	0	 	0.00158235	 	0.0235648	 	
384000	-1.99715	 	1595.47	 	0.999273	 	399.42	 	0.999273	 	0	 	0.00158136	 	0.023552	 	
385000	-1.99715	 	1595.46	 	0.999273	 	399.42	 	0.999273	 	0	 	0.00158153	 	0.0235547	 	
386000	-1.99715	 	1595.47	 	0.999273	 	399.42	 	0.999273	 	0	 	0.00158052	 	0.0235431	 	
387000	-1.99715	 	1595.47	 	0.999273	 	399.42	 	0.999273	 	0	 	0.00158003	 	0.0235338	 	
388000	-1.99715	 	1595.46	 	0.999273	 	399.42	 	0.999273	 	0	 	0.00158046	 	0.0235419	 	
389000	-1.99715	 	1595.46	 	0.999273	 	399.42	 	0.999273	 	0	 	0.00158088	 	0.023547	 	
390000	-1.99715	 	1595.46	 	0.999273	 	399.42	 	0.999273	 	2	 	0.00158053	 	0.0235433	 	
391000	-1.99715	 	1595.47	 	0.999273	 	399.42	 	0.999273	 	0	 	0.00158031	 	0.0235395	 	
392000	-1.99715	 	1595.46	 	0.999273	 	399.42	 	0.999273	 	0	 	0.00158059	 	0.0235421	 	
393000	-1.99715	 	1595.47	 	0.999273	 	399.42	 	0.999273	 	0	 	0.00157962	 	0.0235296	 	
394000	-1.99715	 	1595.47	 	0.999273	 	399.42	 	0.999273	 	0	 	0.00157968	 	0.0235312	 	
395000	-1.99715	 	1595.46	 	0.999273	 	399.42	 	0.999273	 	0	 	0.00157962	 	0.0235322	 	
396000	-1.99715	 	1595.47	 	0.999273	 	399.42	 	0.999273	 	2	 	0.00157897	 	0.0235244	 	
397000	-1.99715	 	1595.46	 	0.999273	 	399.42	 	0.999273	 	0	 	0.00157947	 	0.0235335	 	
398000	-1.99715	 	1595.47	 	0.999273	 	399.42	 	0.999273	 	2	 	0.00157936	 	0.02353	 	
399000	-1.99715	 	1595.47	 	0.999273	 	399.42	 	0.999273	 	0	 	0.00157938	 	0.0235333	 	
400000	-1.99715	 	1595.46	 	0.999273	 	399.42	 	0.999273	 	1	 	0.00157952	 	0.0235357	 	
401000	-1.99715	 	1595.46	 	0.999272	 	399.42	 	0.999272	 	2	 	0.00158034	 	0.0235487	 	
402000	-1.99715	 	1595.46	 	0.999272	 	399.419	 	0.999272	 	0	 	0.00158148	 	0.0235649	 	
403000	-1.99715	 	1595.46	 	0.999272	 	399.42	 	0.999272	 	0	 	0.0015811	 	0.0235617	 	
404000	-1.99715	 	1595.46	 	0.999272	 	399.42	 	0.999272	 	0	 	0.00158075	 	0.0235573	 	
405000	-1.99715	 	1595.46	 	0.999272	 	399.42	 	0.999272	 	0	 	0.00158053	 	0.0235531	 	
406000	-1.99715	 	1595.47	 	0.999273	 	399.42	 	0.999273	 	0	 	0.0015796	 	0.0235412	 	
407000	-1.99715	 	1595.46	 	0.999273	 	399.42	 	0.999273	 	0	 	0.00157991	 	0.0235462	 	
408000	-1.99715	 	1595.47	 	0.999273	 	399.42	 	0.999273	 	0	 	0.00157959	 	0.0235424	 	
409000	-1.99715	 	1595.46	 	0.999273	 	399.42	 	0.999273	 	0	 	0.00157988	 	0.0235474	 	
410000	-1.99715	 	1595.46	 	0.999272	 	399.42	 	0.999272	 	0	 	0.00158104	 	0.0235578	 	
411000	-1.99715	 	1595.46	 	0.999273	 	399.42	 	0.999273	 	0	 	0.00158039	 	0.0235504	 	
412000	-1.99715	 	1595.47	 	0.999273	 	399.42	 	0.999273	 	0	 	0.00157928	 	0.0235362	 	
413000	-1.99715	 	1595.47	 	0.999273	 	399.421	 	0.999273	 	2	 	0.00157829	 	0.0235206	 	
414000	-1.99715	 	1595.47	 	0.999274	 	399.421	 	0.999274	 	0	 	0.00157793	 	0.0235137	 	
415000	-1.99715	 	1595.47	 	0.999273	 	399.42	 	0.999273	 	0	 	0.0015786	 	0.0235256	 	
416000	-1.99715	 	1595.47	 	0.999273	 	399.42	 	0.999273	 	0	 	0.00157906	 	0.0235311	 	
417000	-1.99715	 	1595.47	 	0.999273	 	399.42	 	0.999273	 	0	 	0.00157913	 	0.0235298	 	
418000	-1.99715	 	1595.47	 	0.999273	 	399.42	 	0.999273	 	0	 	0.0015788	 	0.0235268	 	
419000	-1.99715	 	1595.46	 	0.999273	 	399.42	 	0.999273	 	1	 	0.00157893	 	0.0235307	 	
420000	-1.99715	 	1595.46	 	0.999273	 	399.42	 	0.999273	 	0	 	0.00157944	 	0.0235391	 	
421000	-1.99715	 	1595.47	 	0.999273	 	399.42	 	0.999273	 	0	 	0.00157881	 	0.0235306	 	
422000	-1.99715	 	1595.47	 	0.999273	 	399.42	 	0.999273	 	1	 	0.00157886	 	0.0235275	 	
423000	-1.99715	 	1595.47	 	0.999273	 	399.42	 	0.999273	 	0	 	0.00157915	 	0.0235332	 	
424000	-1.99715	 	1595.47	 	0.999273	 	399.42	 	0.999273	 	0	 	0.00157835	 	0.0235199	 	
425000	-1.99715	 	1595.47	 	0.999273	 	399.42	 	0.999273	 	0	 	0.00157859	 	0.0235237	 	
426000	-1.99715	 	1595.47	 	0.999274	 	399.421	 	0.999274	 	0	 	0.00157753	 	0.0235089	 	
427000	-1.99715	 	1595.47	 	0.999274	 	399.421	 	0.999274	 	0	 	0.00157746	 	0.0235078	 	
428000	-1.99715	 	1595.47	 	0.999274	 	399.421	 	0.999274	 	0	 	0.00157767	 	0.023505	 	
429000	-1.99715	 	1595.47	 	0.999274	 	399.421	 	0.999274	 	1	 	0.00157735	 	0.0235021	 	
430000	-1.99715	 	1595.47	 	0.999273	 	399.421	 	0.999273	 	0	 	0.00157883	 	0.0235209	 	
431000	-1.99715	 	1595.47	 	0.999274	 	399.421	 	0.999274	 	0	 	0.00157918	 	0.0235198	 	
432000	-1.99715	 	1595.47	 	0.999274	 	399.421	 	0.999274	 	0	 	0.00157871	 	0.0235142	 	
433000	-1.99715	 	1595.47	 	0.999274	 	399.421	 	0.999274	 	0	 	0.00157829	 	0.0235097	 	
434000	-1.99715	 	1595.47	 	0.999274	 	399.421	 	0.999274	 	0	 	0.00157915	 	0.0235117	 	
435000	-1.99715	 	1595.47	 	0.999274	 	399.421	 	0.999274	 	0	 	0.00157916	 	0.0235122	 	
436000	-1.99715	 	1595.47	 	0.999274	 	399.421	 	0.999274	 	0	 	0.00158012	 	0.0235256	 	
437000	-1.99715	 	1595.47	 	0.999274	 	399.421	 	0.999274	 	1	 	0.00157958	 	0.0235198	 	
438000	-1.99715	 	1595.47	 	0.999274	 	399.421	 	0.999274	 	0	 	0.00157888	 	0.023512	 	
439000	-1.99715	 	1595.47	 	0.999274	 	399.421	 	0.999274	 	0	 	0.00157807	 	0.0235006	 	
440000	-1.99716	 	1595.47	 	0.999274	 	399.421	 	0.999274	 	0	 	0.00157808	 	0.0234985	 	
441000	-1.99716	 	1595.48	 	0.999275	 	399.421	 	0.999275	 	0	 	0.00157761	 	0.0234933	 	
442000	-1.99716	 	1595.48	 	0.999274	 	399.421	 	0.999274	 	0	 	0.00157804	 	0.023499	 	
443000	-1.99716	 	1595.47	 	0.999274	 	399.421	 	0.999274	 	0	 	0.00157797	 	0.0234981	 	
444000	-1.99715	 	1595.47	 	0.999274	 	399.421	 	0.999274	 	0	 	0.00157759	 	0.0234953	 	
445000	-1.99715	 	1595.47	 	0.999274	 	399.421	 	0.999274	 	1	 	0.00157745	 	0.0234942	 	
446000	-1.99715	 	1595.47	 	0.999274	 	399.421	 	0.999274	 	0	 	0.00157768	 	0.0234949	 	
447000	-1.99716	 	1595.48	 	0.999274	 	399.421	 	0.999274	 	0	 	0.00157717	 	0.0234885	 	
448000	-1.99716	 	1595.47	 	0.999274	 	399.421	 	0.999274	 	0	 	0.00157741	 	0.0234919	 	
449000	-1.99716	 	1595.48	 	0.999274	 	399.421	 	0.999274	 	0	 	0.00157719	 	0.0234895	 	
450000	-1.99715	 	1595.47	 	0.999274	 	399.421	 	0.999274	 	0	 	0.00157728	 	0.023491	 	
451000	-1.99715	 	1595.47	 	0.999274	 	399.421	 	0.999274	 	0	 	0.00157817	 	0.0235047	 	
452000	-1.99715	 	1595.47	 	0.999274	 	399.421	 	0.999274	 	0	 	0.00157848	 	0.0235124	 	
453000	-1.99715	 	1595.47	 	0.999274	 	399.421	 	0.999274	 	0	 	0.00157777	 	0.0235049	 	
454000	-1.99715	 	1595.47	 	0.999274	 	399.421	 	0.999274	 	0	 	0.00157746	 	0.0235015	 	
455000	-1.99715	 	1595.47	 	0.999274	 	399.421	 	0.999274	 	0	 	0.0015778	 	0.0235057	 	
456000	-1.99715	 	1595.47	 	0.999274	 	399.421	 	0.999274	 	1	 	0.00157768	 	0.0235044	 	
457000	-1.99715	 	1595.47	 	0.999274	 	399.421	 	0.999274	 	0	 	0.00157779	 	0.0235077	 	
458000	-1.99715	 	1595.47	 	0.999274	 	399.421	 	0.999274	 	0	 	0.00157734	 	0.0235015	 	
459000	-1.99715	 	1595.47	 	0.999274	 	399.421	 	0.999274	 	0	 	0.00157714	 	0.0234976	 	
460000	-1.99715	 	1595.47	 	0.999274	 	399.421	 	0.999274	 	0	 	0.00157772	 	0.0235075	 	
461000	-1.99715	 	1595.47	 	0.999273	 	399.421	 	0.999273	 	0	 	0.00157954	 	0.0235207	 	
462000	-1.99715	 	1595.47	 	0.999274	 	399.421	 	0.999274	 	0	 	0.00157886	 	0.0235103	 	
463000	-1.99715	 	1595.47	 	0.999274	 	399.421	 	0.999274	 	0	 	0.00157888	 	0.0235132	 	
464000	-1.99715	 	1595.47	 	0.999274	 	399.421	 	0.999274	 	0	 	0.00157896	 	0.0235147	 	
465000	-1.99715	 	1595.47	 	0.999274	 	399.421	 	0.999274	 	0	 	0.00157951	 	0.0235233	 	
466000	-1.99715	 	1595.47	 	0.999273	 	399.421	 	0.999273	 	0	 	0.00157963	 	0.023525	 	
467000	-1.99715	 	1595.47	 	0.999273	 	399.42	 	0.999273	 	0	 	0.00157982	 	0.0235274	 	
468000	-1.99715	 	1595.47	 	0.999273	 	399.42	 	0.999273	 	0	 	0.00158178	 	0.0235378	 	
469000	-1.99715	 	1595.47	 	0.999273	 	399.42	 	0.999273	 	0	 	0.00158211	 	0.0235443	 	
470000	-1.99715	 	1595.47	 	0.999273	 	399.42	 	0.999273	 	0	 	0.00158247	 	0.0235502	 	
471000	-1.99715	 	1595.47	 	0.999273	 	399.42	 	0.999273	 	0	 	0.00158312	 	0.0235574	 	
472000	-1.99715	 	1595.47	 	0.999273	 	399.42	 	0.999273	 	0	 	0.00158309	 	0.0235602	 	
473000	-1.99715	 	1595.46	 	0.999273	 	399.42	 	0.999273	 	0	 	0.00158345	 	0.023567	 	
474000	-1.99715	 	1595.46	 	0.999273	 	399.42	 	0.999273	 	2	 	0.00158343	 	0.0235679	 	
475000	-1.99715	 	1595.46	 	0.999273	 	399.42	 	0.999273	 	0	 	0.00158323	 	0.0235658	 	
476000	-1.99715	 	1595.46	 	0.999272	 	399.42	 	0.999272	 	0	 	0.00158402	 	0.0235763	 	
477000	-1.99715	 	1595.46	 	0.999273	 	399.42	 	0.999273	 	0	 	0.00158364	 	0.023572	 	
478000	-1.99715	 	1595.46	 	0.999273	 	399.42	 	0.999273	 	0	 	0.00158374	 	0.0235732	 	
479000	-1.99715	 	1595.47	 	0.999273	 	399.42	 	0.999273	 	0	 	0.00158284	 	0.0235609	 	
480000	-1.99715	 	1595.47	 	0.999273	 	399.42	 	0.999273	 	2	 	0.00158226	 	0.0235521	 	
481000	-1.99715	 	1595.47	 	0.999273	 	399.42	 	0.999273	 	0	 	0.00158303	 	0.023563	 	
482000	-1.99715	 	1595.47	 	0.999273	 	399.42	 	0.999273	 	0	 	0.00158323	 	0.0235659	 	
483000	-1.99715	 	1595.47	 	0.999273	 	399.42	 	0.999273	 	1	 	0.00158309	 	0.0235632	 	
484000	-1.99715	 	1595.47	 	0.999273	 	399.42	 	0.999273	 	0	 	0.00158334	 	0.0235664	 	
485000	-1.99715	 	1595.46	 	0.999273	 	399.42	 	0.999273	 	0	 	0.00158356	 	0.0235695	 	
486000	-1.99715	 	1595.46	 	0.999273	 	399.42	 	0.999273	 	0	 	0.00158355	 	0.0235698	 	
487000	-1.99715	 	1595.46	 	0.999273	 	399.42	 	0.999273	 	0	 	0.0015833	 	0.0235648	 	
488000	-1.99715	 	1595.46	 	0.999273	 	399.42	 	0.999273	 	0	 	0.00158305	 	0.0235644	 	
489000	-1.99715	 	1595.47	 	0.999273	 	399.42	 	0.999273	 	0	 	0.00158244	 	0.0235569	 	
490000	-1.99715	 	1595.47	 	0.999273	 	399.42	 	0.999273	 	4	 	0.0015824	 	0.0235553	 	
491000	-1.99715	 	1595.47	 	0.999273	 	399.42	 	0.999273	 	0	 	0.00158283	 	0.023559	 	
492000	-1.99715	 	1595.46	 	0.999273	 	399.42	 	0.999273	 	0	 	0.00158343	 	0.0235674	 	
493000	-1.99715	 	1595.47	 	0.999273	 	399.42	 	0.999273	 	0	 	0.00158302	 	0.0235599	 	
494000	-1.99715	 	1595.46	 	0.999272	 	399.42	 	0.999272	 	0	 	0.00158427	 	0.0235778	 	
495000	-1.99715	 	1595.46	 	0.999272	 	399.419	 	0.999272	 	0	 	0.00158513	 	0.0235891	 	
496000	-1.99715	 	1595.46	 	0.999272	 	399.419	 	0.999272	 	0	 	0.00158573	 	0.0235986	 	
497000	-1.99714	 	1595.46	 	0.999271	 	399.419	 	0.999271	 	0	 	0.00158647	 	0.0236091	 	
498000	-1.99714	 	1595.46	 	0.999271	 	399.419	 	0.999271	 	0	 	0.00158649	 	0.0236104	 	
499000	-1.99714	 	1595.46	 	0.999272	 	399.419	 	0.999272	 	2	 	0.00158611	 	0.0236038	 	
500000	-1.99714	 	1595.46	 	0.999271	 	399.419	 	0.999271	 	0	 	0.00158674	 	0.0236131	 	
501000	-1.99714	 	1595.46	 	0.999271	 	399.419	 	0.999271	 	0	 	0.00158641	 	0.0236072	 	
502000	-1.99714	 	1595.46	 	0.999271	 	399.419	 	0.999271	 	0	 	0.00158672	 	0.0236132	 	
503000	-1.99714	 	1595.46	 	0.999271	 	399.419	 	0.999271	 	0	 	0.00158633	 	0.0236095	 	
504000	-1.99715	 	1595.46	 	0.999272	 	399.419	 	0.999272	 	0	 	0.00158567	 	0.0235977	 	
505000	-1.99714	 	1595.46	 	0.999272	 	399.419	 	0.999272	 	0	 	0.00158607	 	0.0236037	 	
506000	-1.99714	 	1595.46	 	0.999272	 	399.419	 	0.999272	 	0	 	0.00158591	 	0.0236022	 	
507000	-1.99714	 	1595.46	 	0.999272	 	399.419	 	0.999272	 	0	 	0.00158576	 	0.0236007	 	
508000	-1.99715	 	1595.46	 	0.999272	 	399.419	 	0.999272	 	0	 	0.00158487	 	0.0235889	 	
509000	-1.99715	 	1595.46	 	0.999272	 	399.42	 	0.999272	 	0	 	0.00158447	 	0.0235837	 	
510000	-1.99715	 	1595.46	 	0.999272	 	399.419	 	0.999272	 	0	 	0.00158457	 	0.0235858	 	
511000	-1.99715	 	1595.46	 	0.999272	 	399.42	 	0.999272	 	0	 	0.00158399	 	0.0235774	 	
512000	-1.99715	 	1595.46	 	0.999272	 	399.42	 	0.999272	 	0	 	0.00158334	 	0.0235683	 	
513000	-1.99715	 	1595.46	 	0.999272	 	399.42	 	0.999272	 	0	 	0.00158398	 	0.0235768	 	
514000	-1.99715	 	1595.46	 	0.999272	 	399.42	 	0.999272	 	0	 	0.00158353	 	0.023571	 	
515000	-1.99715	 	1595.46	 	0.999272	 	399.42	 	0.999272	 	1	 	0.00158348	 	0.0235697	 	
516000	-1.99715	 	1595.46	 	0.999273	 	399.42	 	0.999273	 	0	 	0.00158298	 	0.0235633	 	
517000	-1.99715	 	1595.47	 	0.999273	 	399.42	 	0.999273	 	0	 	0.00158262	 	0.0235587	 	
518000	-1.99715	 	1595.47	 	0.999273	 	399.42	 	0.999273	 	0	 	0.00158257	 	0.0235602	 	
519000	-1.99715	 	1595.46	 	0.999273	 	399.42	 	0.999273	 	1	 	0.00158274	 	0.023563	 	
520000	-1.99715	 	1595.47	 	0.999273	 	399.42	 	0.999273	 	0	 	0.00158225	 	0.0235577	 	
521000	-1.99715	 	1595.47	 	0.999273	 	399.42	 	0.999273	 	0	 	0.00158196	 	0.0235555	 	
522000	-1.99715	 	1595.47	 	0.999273	 	399.42	 	0.999273	 	0	 	0.00158193	 	0.0235533	 	
523000	-1.99715	 	1595.47	 	0.999273	 	399.42	 	0.999273	 	1	 	0.00158213	 	0.0235569	 	
524000	-1.99715	 	1595.47	 	0.999273	 	399.42	 	0.999273	 	0	 	0.00158223	 	0.0235586	 	
525000	-1.99715	 	1595.47	 	0.999273	 	399.42	 	0.999273	 	0	 	0.00158206	 	0.0235561	 	
526000	-1.99715	 	1595.47	 	0.999273	 	399.42	 	0.999273	 	0	 	0.00158158	 	0.0235495	 	
527000	-1.99715	 	1595.47	 	0.999273	 	399.42	 	0.999273	 	0	 	0.00158188	 	0.0235509	 	
528000	-1.99715	 	1595.47	 	0.999273	 	399.421	 	0.999273	 	0	 	0.00158153	 	0.0235481	 	
529000	-1.99715	 	1595.47	 	0.999273	 	399.421	 	0.999273	 	0	 	0.00158148	 	0.0235482	 	
530000	-1.99715	 	1595.47	 	0.999273	 	399.42	 	0.999273	 	0	 	0.00158255	 	0.0235578	 	
531000	-1.99715	 	1595.47	 	0.999273	 	399.42	 	0.999273	 	0	 	0.00158248	 	0.0235586	 	
532000	-1.99715	 	1595.47	 	0.999273	 	399.42	 	0.999273	 	0	 	0.00158317	 	0.0235664	 	
533000	-1.99715	 	1595.47	 	0.999273	 	399.42	 	0.999273	 	0	 	0.00158237	 	0.0235568	 	
534000	-1.99715	 	1595.47	 	0.999273	 	399.42	 	0.999273	 	0	 	0.00158295	 	0.0235632	 	
535000	-1.99715	 	1595.47	 	0.999273	 	399.42	 	0.999273	 	0	 	0.00158279	 	0.023562	 	
536000	-1.99715	 	1595.47	 	0.999273	 	399.42	 	0.999273	 	0	 	0.00158294	 	0.0235615	 	
537000	-1.99715	 	1595.47	 	0.999273	 	399.42	 	0.999273	 	0	 	0.00158321	 	0.0235601	 	
538000	-1.99715	 	1595.47	 	0.999273	 	399.42	 	0.999273	 	0	 	0.00158256	 	0.0235526	 	
539000	-1.99715	 	1595.47	 	0.999273	 	399.42	 	0.999273	 	0	 	0.00158279	 	0.0235521	 	
540000	-1.99715	 	1595.47	 	0.999273	 	399.42	 	0.999273	 	1	 	0.00158241	 	0.0235474	 	
541000	-1.99715	 	1595.47	 	0.999274	 	399.421	 	0.999274	 	0	 	0.0015819	 	0.0235424	 	
542000	-1.99715	 	1595.47	 	0.999273	 	399.42	 	0.999273	 	0	 	0.00158225	 	0.023549	 	
543000	-1.99715	 	1595.47	 	0.999274	 	399.421	 	0.999274	 	0	 	0.00158245	 	0.023549	 	
544000	-1.99715	 	1595.47	 	0.999273	 	399.421	 	0.999273	 	2	 	0.00158244	 	0.0235502	 	
545000	-1.99715	 	1595.47	 	0.999273	 	399.421	 	0.999273	 	0	 	0.00158311	 	0.0235555	 	
546000	-1.99715	 	1595.47	 	0.999273	 	399.42	 	0.999273	 	0	 	0.00158311	 	0.0235547	 	
547000	-1.99715	 	1595.47	 	0.999274	 	399.421	 	0.999274	 	0	 	0.00158239	 	0.0235459	 	
548000	-1.99715	 	1595.47	 	0.999273	 	399.42	 	0.999273	 	1	 	0.00158316	 	0.023556	 	
549000	-1.99715	 	1595.47	 	0.999273	 	399.42	 	0.999273	 	1	 	0.00158345	 	0.0235609	 	
550000	-1.99715	 	1595.47	 	0.999273	 	399.42	 	0.999273	 	0	 	0.00158344	 	0.0235622	 	
551000	-1.99715	 	1595.47	 	0.999273	 	399.42	 	0.999273	 	0	 	0.00158498	 	0.0235794	 	
552000	-1.99715	 	1595.47	 	0.999273	 	399.42	 	0.999273	 	0	 	0.00158469	 	0.0235771	 	
553000	-1.99715	 	1595.47	 	0.999273	 	399.42	 	0.999273	 	1	 	0.00158487	 	0.02358	 	
554000	-1.99715	 	1595.47	 	0.999273	 	399.42	 	0.999273	 	0	 	0.00158469	 	0.0235795	 	
555000	-1.99715	 	1595.47	 	0.999273	 	399.42	 	0.999273	 	0	 	0.00158442	 	0.023577	 	
556000	-1.99715	 	1595.47	 	0.999273	 	399.42	 	0.999273	 	0	 	0.00158404	 	0.0235733	 	
557000	-1.99715	 	1595.47	 	0.999273	 	399.42	 	0.999273	 	0	 	0.00158463	 	0.0235804	 	
558000	-1.99715	 	1595.47	 	0.999273	 	399.42	 	0.999273	 	1	 	0.00158481	 	0.0235824	 	
559000	-1.99715	 	1595.47	 	0.999273	 	399.42	 	0.999273	 	0	 	0.00158501	 	0.0235833	 	
560000	-1.99715	 	1595.47	 	0.999273	 	399.42	 	0.999273	 	1	 	0.00158449	 	0.0235776	 	
561000	-1.99715	 	1595.47	 	0.999273	 	399.42	 	0.999273	 	0	 	0.00158464	 	0.0235791	 	
562000	-1.99715	 	1595.47	 	0.999273	 	399.42	 	0.999273	 	2	 	0.00158503	 	0.0235854	 	
563000	-1.99715	 	1595.47	 	0.999273	 	399.42	 	0.999273	 	1	 	0.00158449	 	0.0235783	 	
564000	-1.99715	 	1595.47	 	0.999273	 	399.42	 	0.999273	 	0	 	0.0015839	 	0.0235707	 	
565000	-1.99715	 	1595.47	 	0.999273	 	399.421	 	0.999273	 	0	 	0.00158301	 	0.023558	 	
566000	-1.99715	 	1595.47	 	0.999274	 	399.421	 	0.999274	 	0	 	0.00158277	 	0.0235546	 	
567000	-1.99715	 	1595.47	 	0.999274	 	399.421	 	0.999274	 	0	 	0.00158254	 	0.0235527	 	
568000	-1.99715	 	1595.47	 	0.999274	 	399.421	 	0.999274	 	1	 	0.0015822	 	0.0235481	 	
569000	-1.99715	 	1595.47	 	0.999274	 	399.421	 	0.999274	 	0	 	0.00158193	 	0.023545	 	
570000	-1.99715	 	1595.47	 	0.999274	 	399.421	 	0.999274	 	0	 	0.00158148	 	0.0235366	 	
571000	-1.99715	 	1595.47	 	0.999274	 	399.421	 	0.999274	 	0	 	0.00158216	 	0.0235434	 	
572000	-1.99715	 	1595.47	 	0.999274	 	399.421	 	0.999274	 	0	 	0.00158224	 	0.0235448	 	
573000	-1.99715	 	1595.47	 	0.999274	 	399.421	 	0.999274	 	0	 	0.00158208	 	0.0235394	 	
574000	-1.99715	 	1595.47	 	0.999274	 	399.421	 	0.999274	 	0	 	0.00158136	 	0.0235295	 	
575000	-1.99716	 	1595.48	 	0.999274	 	399.421	 	0.999274	 	0	 	0.00158101	 	0.0235243	 	
576000	-1.99716	 	1595.48	 	0.999274	 	399.421	 	0.999274	 	0	 	0.00158077	 	0.0235201	 	
577000	-1.99716	 	1595.48	 	0.999275	 	399.421	 	0.999275	 	0	 	0.00158046	 	0.0235146	 	
578000	-1.99716	 	1595.48	 	0.999275	 	399.421	 	0.999275	 	0	 	0.00158028	 	0.0235144	 	
579000	-1.99716	 	1595.48	 	0.999274	 	399.421	 	0.999274	 	1	 	0.0015806	 	0.0235203	 	
580000	-1.99715	 	1595.47	 	0.999274	 	399.421	 	0.999274	 	0	 	0.00158181	 	0.0235323	 	
581000	-1.99715	 	1595.47	 	0.999274	 	399.421	 	0.999274	 	0	 	0.0015821	 	0.0235383	 	
582000	-1.99715	 	1595.47	 	0.999274	 	399.421	 	0.999274	 	0	 	0.00158169	 	0.023532	 	
583000	-1.99715	 	1595.47	 	0.999274	 	399.421	 	0.999274	 	3	 	0.00158153	 	0.0235312	 	
584000	-1.99715	 	1595.47	 	0.999274	 	399.421	 	0.999274	 	0	 	0.00158137	 	0.0235304	 	
585000	-1.99716	 	1595.48	 	0.999274	 	399.421	 	0.999274	 	0	 	0.00158091	 	0.0235236	 	
586000	-1.99715	 	1595.47	 	0.999274	 	399.421	 	0.999274	 	1	 	0.00158153	 	0.0235308	 	
587000	-1.99715	 	1595.47	 	0.999274	 	399.421	 	0.999274	 	0	 	0.00158148	 	0.0235297	 	
588000	-1.99715	 	1595.47	 	0.999274	 	399.421	 	0.999274	 	0	 	0.00158261	 	0.0235438	 	
589000	-1.99715	 	1595.47	 	0.999274	 	399.421	 	0.999274	 	0	 	0.00158183	 	0.0235343	 	
590000	-1.99715	 	1595.47	 	0.999274	 	399.421	 	0.999274	 	0	 	0.00158172	 	0.0235341	 	
591000	-1.99715	 	1595.47	 	0.999274	 	399.421	 	0.999274	 	1	 	0.00158217	 	0.0235407	 	
592000	-1.99715	 	1595.47	 	0.999274	 	399.421	 	0.999274	 	0	 	0.001582	 	0.0235387	 	
593000	-1.99715	 	1595.47	 	0.999274	 	399.421	 	0.999274	 	0	 	0.00158221	 	0.0235439	 	
594000	-1.99715	 	1595.47	 	0.999274	 	399.421	 	0.999274	 	0	 	0.00158211	 	0.0235439	 	
595000	-1.99715	 	1595.47	 	0.999274	 	399.421	 	0.999274	 	2	 	0.00158205	 	0.0235426	 	
596000	-1.99715	 	1595.47	 	0.999274	 	399.421	 	0.999274	 	0	 	0.00158214	 	0.0235442	 	
597000	-1.99715	 	1595.47	 	0.999274	 	399.421	 	0.999274	 	0	 	0.00158201	 	0.0235439	 	
598000	-1.99715	 	1595.47	 	0.999274	 	399.421	 	0.999274	 	0	 	0.00158265	 	0.0235552	 	
599000	-1.99715	 	1595.47	 	0.999273	 	399.42	 	0.999273	 	0	 	0.00158296	 	0.0235601	 	
600000	-1.99715	 	1595.47	 	0.999274	 	399.421	 	0.999274	 	0	 	0.00158247	 	0.023553	 	
601000	-1.99715	 	1595.47	 	0.999273	 	399.421	 	0.999273	 	0	 	0.00158301	 	0.0235621	 	
602000	-1.99715	 	1595.47	 	0.999273	 	399.421	 	0.999273	 	1	 	0.00158265	 	0.0235586	 	
603000	-1.99715	 	1595.47	 	0.999273	 	399.42	 	0.999273	 	0	 	0.00158316	 	0.0235653	 	
604000	-1.99715	 	1595.47	 	0.999273	 	399.42	 	0.999273	 	1	 	0.00158304	 	0.0235655	 	
605000	-1.99715	 	1595.47	 	0.999273	 	399.42	 	0.999273	 	0	 	0.00158264	 	0.0235579	 	
606000	-1.99715	 	1595.47	 	0.999273	 	399.42	 	0.999273	 	1	 	0.0015832	 	0.0235676	 	
607000	-1.99715	 	1595.47	 	0.999273	 	399.42	 	0.999273	 	0	 	0.00158326	 	0.0235694	 	
608000	-1.99715	 	1595.47	 	0.999273	 	399.42	 	0.999273	 	0	 	0.00158274	 	0.0235632	 	
609000	-1.99715	 	1595.47	 	0.999274	 	399.421	 	0.999274	 	0	 	0.00158257	 	0.0235605	 	
610000	-1.99715	 	1595.47	 	0.999274	 	399.421	 	0.999274	 	0	 	0.00158219	 	0.0235557	 	
611000	-1.99715	 	1595.47	 	0.999274	 	399.421	 	0.999274	 	0	 	0.0015822	 	0.0235566	 	
612000	-1.99715	 	1595.47	 	0.999274	 	399.421	 	0.999274	 	1	 	0.00158212	 	0.0235568	 	
613000	-1.99715	 	1595.47	 	0.999274	 	399.421	 	0.999274	 	0	 	0.00158132	 	0.0235468	 	
614000	-1.99715	 	1595.47	 	0.999274	 	399.421	 	0.999274	 	0	 	0.0015808	 	0.0235402	 	
615000	-1.99715	 	1595.47	 	0.999274	 	399.421	 	0.999274	 	0	 	0.00158081	 	0.0235416	 	
616000	-1.99715	 	1595.47	 	0.999274	 	399.421	 	0.999274	 	0	 	0.00158067	 	0.0235389	 	
617000	-1.99715	 	1595.47	 	0.999274	 	399.421	 	0.999274	 	1	 	0.00158105	 	0.023543	 	
618000	-1.99715	 	1595.47	 	0.999274	 	399.421	 	0.999274	 	0	 	0.00158036	 	0.0235328	 	
619000	-1.99715	 	1595.47	 	0.999274	 	399.421	 	0.999274	 	1	 	0.00158018	 	0.0235319	 	
620000	-1.99716	 	1595.48	 	0.999275	 	399.421	 	0.999275	 	0	 	0.0015794	 	0.0235218	 	
621000	-1.99716	 	1595.48	 	0.999274	 	399.421	 	0.999274	 	0	 	0.00157962	 	0.0235251	 	
622000	-1.99716	 	1595.48	 	0.999274	 	399.421	 	0.999274	 	0	 	0.00157979	 	0.0235283	 	
623000	-1.99715	 	1595.47	 	0.999274	 	399.421	 	0.999274	 	1	 	0.00158012	 	0.0235339	 	
624000	-1.99716	 	1595.48	 	0.999275	 	399.421	 	0.999275	 	0	 	0.00157958	 	0.0235259	 	
625000	-1.99716	 	1595.48	 	0.999275	 	399.421	 	0.999275	 	0	 	0.00157938	 	0.0235227	 	
626000	-1.99716	 	1595.48	 	0.999275	 	399.421	 	0.999275	 	0	 	0.00157949	 	0.023524	 	
627000	-1.99716	 	1595.48	 	0.999274	 	399.421	 	0.999274	 	2	 	0.00157934	 	0.0235222	 	
628000	-1.99715	 	1595.47	 	0.999274	 	399.421	 	0.999274	 	0	 	0.00158002	 	0.0235318	 	
629000	-1.99715	 	1595.47	 	0.999274	 	399.421	 	0.999274	 	0	 	0.00158053	 	0.0235397	 	
630000	-1.99715	 	1595.47	 	0.999274	 	399.421	 	0.999274	 	0	 	0.00157997	 	0.0235325	 	
631000	-1.99715	 	1595.47	 	0.999274	 	399.421	 	0.999274	 	1	 	0.00157992	 	0.0235329	 	
632000	-1.99715	 	1595.47	 	0.999274	 	399.421	 	0.999274	 	0	 	0.00158027	 	0.0235375	 	
633000	-1.99715	 	1595.47	 	0.999274	 	399.421	 	0.999274	 	0	 	0.00157974	 	0.0235299	 	
634000	-1.99716	 	1595.48	 	0.999275	 	399.421	 	0.999275	 	0	 	0.00157973	 	0.0235302	 	
635000	-1.99716	 	1595.47	 	0.999274	 	399.421	 	0.999274	 	0	 	0.00158002	 	0.0235352	 	
636000	-1.99716	 	1595.48	 	0.999275	 	399.421	 	0.999275	 	0	 	0.00157953	 	0.0235289	 	
637000	-1.99715	 	1595.47	 	0.999274	 	399.421	 	0.999274	 	0	 	0.00157999	 	0.0235354	 	
638000	-1.99715	 	1595.47	 	0.999274	 	399.421	 	0.999274	 	0	 	0.00157968	 	0.0235319	 	
639000	-1.99715	 	1595.47	 	0.999274	 	399.421	 	0.999274	 	0	 	0.00157965	 	0.0235306	 	
640000	-1.99716	 	1595.48	 	0.999274	 	399.421	 	0.999274	 	0	 	0.00157931	 	0.0235272	 	
641000	-1.99716	 	1595.48	 	0.999275	 	399.421	 	0.999275	 	0	 	0.00157929	 	0.0235291	 	
642000	-1.99716	 	1595.48	 	0.999275	 	399.422	 	0.999275	 	0	 	0.00157878	 	0.0235233	 	
643000	-1.99715	 	1595.47	 	0.999274	 	399.421	 	0.999274	 	0	 	0.00157944	 	0.0235326	 	
644000	-1.99715	 	1595.47	 	0.999274	 	399.421	 	0.999274	 	0	 	0.00157941	 	0.0235324	 	
645000	-1.99715	 	1595.47	 	0.999274	 	399.421	 	0.999274	 	0	 	0.00157938	 	0.0235321	 	
646000	-1.99715	 	1595.47	 	0.999274	 	399.421	 	0.999274	 	0	 	0.00157929	 	0.0235314	 	
647000	-1.99715	 	1595.47	 	0.999274	 	399.421	 	0.999274	 	0	 	0.0015791	 	0.0235301	 	
648000	-1.99715	 	1595.47	 	0.999274	 	399.421	 	0.999274	 	0	 	0.00157913	 	0.0235302	 	
649000	-1.99715	 	1595.47	 	0.999274	 	399.421	 	0.999274	 	0	 	0.0015788	 	0.0235244	 	
650000	-1.99716	 	1595.48	 	0.999275	 	399.421	 	0.999275	 	0	 	0.00157835	 	0.0235182	 	
651000	-1.99715	 	1595.47	 	0.999274	 	399.421	 	0.999274	 	0	 	0.00157866	 	0.0235229	 	
652000	-1.99716	 	1595.48	 	0.999275	 	399.422	 	0.999275	 	0	 	0.00157791	 	0.0235134	 	
653000	-1.99716	 	1595.48	 	0.999275	 	399.422	 	0.999275	 	0	 	0.00157757	 	0.0235082	 	
654000	-1.99716	 	1595.48	 	0.999275	 	399.422	 	0.999275	 	0	 	0.00157764	 	0.0235093	 	
655000	-1.99716	 	1595.48	 	0.999275	 	399.422	 	0.999275	 	0	 	0.00157737	 	0.0235057	 	
656000	-1.99716	 	1595.48	 	0.999275	 	399.422	 	0.999275	 	0	 	0.0015772	 	0.0235034	 	
657000	-1.99715	 	1595.47	 	0.999274	 	399.421	 	0.999274	 	0	 	0.00157811	 	0.0235184	 	
658000	-1.99715	 	1595.47	 	0.999274	 	399.421	 	0.999274	 	0	 	0.00157796	 	0.0235179	 	
659000	-1.99715	 	1595.47	 	0.999274	 	399.421	 	0.999274	 	0	 	0.00157771	 	0.0235133	 	
660000	-1.99715	 	1595.47	 	0.999274	 	399.421	 	0.999274	 	0	 	0.00157745	 	0.0235098	 	
661000	-1.99715	 	1595.47	 	0.999274	 	399.421	 	0.999274	 	1	 	0.0015775	 	0.0235114	 	
662000	-1.99715	 	1595.47	 	0.999274	 	399.421	 	0.999274	 	2	 	0.00157761	 	0.0235119	 	
663000	-1.99716	 	1595.48	 	0.999275	 	399.422	 	0.999275	 	0	 	0.00157709	 	0.0235046	 	
664000	-1.99715	 	1595.47	 	0.999274	 	399.421	 	0.999274	 	0	 	0.00157721	 	0.0235073	 	
665000	-1.99715	 	1595.47	 	0.999274	 	399.421	 	0.999274	 	0	 	0.00157772	 	0.0235138	 	
666000	-1.99715	 	1595.47	 	0.999274	 	399.421	 	0.999274	 	0	 	0.00157817	 	0.0235188	 	
667000	-1.99715	 	1595.47	 	0.999274	 	399.421	 	0.999274	 	0	 	0.00157807	 	0.023519	 	
668000	-1.99715	 	1595.47	 	0.999274	 	399.421	 	0.999274	 	0	 	0.00157849	 	0.0235246	 	
669000	-1.99715	 	1595.47	 	0.999274	 	399.421	 	0.999274	 	0	 	0.00157866	 	0.0235283	 	
670000	-1.99715	 	1595.47	 	0.999274	 	399.421	 	0.999274	 	0	 	0.00157835	 	0.0235244	 	
671000	-1.99715	 	1595.47	 	0.999274	 	399.421	 	0.999274	 	0	 	0.00157823	 	0.023522	 	
672000	-1.99715	 	1595.47	 	0.999274	 	399.421	 	0.999274	 	0	 	0.001578	 	0.0235193	 	
673000	-1.99715	 	1595.47	 	0.999274	 	399.421	 	0.999274	 	0	 	0.00157869	 	0.0235277	 	
674000	-1.99715	 	1595.47	 	0.999274	 	399.421	 	0.999274	 	0	 	0.00157917	 	0.0235338	 	
675000	-1.99715	 	1595.47	 	0.999273	 	399.421	 	0.999273	 	0	 	0.00157908	 	0.0235341	 	
676000	-1.99715	 	1595.47	 	0.999273	 	399.421	 	0.999273	 	0	 	0.00157917	 	0.0235343	 	
677000	-1.99715	 	1595.47	 	0.999274	 	399.421	 	0.999274	 	0	 	0.00157919	 	0.0235347	 	
678000	-1.99715	 	1595.47	 	0.999274	 	399.421	 	0.999274	 	0	 	0.00157919	 	0.0235337	 	
679000	-1.99715	 	1595.47	 	0.999274	 	399.421	 	0.999274	 	0	 	0.00157901	 	0.0235322	 	
680000	-1.99715	 	1595.47	 	0.999274	 	399.421	 	0.999274	 	1	 	0.00157849	 	0.0235257	 	
681000	-1.99715	 	1595.47	 	0.999274	 	399.421	 	0.999274	 	0	 	0.00157855	 	0.0235282	 	
682000	-1.99715	 	1595.47	 	0.999274	 	399.421	 	0.999274	 	0	 	0.00157823	 	0.0235237	 	
683000	-1.99715	 	1595.47	 	0.999274	 	399.421	 	0.999274	 	0	 	0.00157813	 	0.0235231	 	
684000	-1.99715	 	1595.47	 	0.999274	 	399.421	 	0.999274	 	0	 	0.00157867	 	0.0235313	 	
685000	-1.99715	 	1595.47	 	0.999274	 	399.421	 	0.999274	 	0	 	0.00157827	 	0.0235263	 	
686000	-1.99715	 	1595.47	 	0.999274	 	399.421	 	0.999274	 	1	 	0.00157776	 	0.0235191	 	
687000	-1.99715	 	1595.47	 	0.999274	 	399.421	 	0.999274	 	1	 	0.00157749	 	0.023517	 	
688000	-1.99715	 	1595.47	 	0.999274	 	399.421	 	0.999274	 	0	 	0.0015779	 	0.0235206	 	
689000	-1.99715	 	1595.47	 	0.999274	 	399.421	 	0.999274	 	0	 	0.00157769	 	0.0235168	 	
690000	-1.99715	 	1595.47	 	0.999274	 	399.421	 	0.999274	 	1	 	0.00157765	 	0.0235179	 	
691000	-1.99715	 	1595.47	 	0.999274	 	399.421	 	0.999274	 	0	 	0.0015778	 	0.0235204	 	
692000	-1.99715	 	1595.47	 	0.999274	 	399.421	 	0.999274	 	0	 	0.00157795	 	0.023522	 	
693000	-1.99715	 	1595.47	 	0.999274	 	399.421	 	0.999274	 	0	 	0.00157787	 	0.0235205	 	
694000	-1.99715	 	1595.47	 	0.999274	 	399.421	 	0.999274	 	2	 	0.00157792	 	0.0235206	 	
695000	-1.99715	 	1595.47	 	0.999274	 	399.421	 	0.999274	 	0	 	0.00157743	 	0.0235123	 	
696000	-1.99715	 	1595.47	 	0.999274	 	399.421	 	0.999274	 	0	 	0.00157706	 	0.023508	 	
697000	-1.99715	 	1595.47	 	0.999274	 	399.421	 	0.999274	 	0	 	0.00157765	 	0.0235176	 	
698000	-1.99715	 	1595.47	 	0.999274	 	399.421	 	0.999274	 	1	 	0.00157736	 	0.0235136	 	
699000	-1.99715	 	1595.47	 	0.999274	 	399.421	 	0.999274	 	0	 	0.00157691	 	0.0235062	 	
700000	-1.99715	 	1595.47	 	0.999274	 	399.421	 	0.999274	 	2	 	0.00157733	 	0.0235135	 	
701000	-1.99715	 	1595.47	 	0.999274	 	399.421	 	0.999274	 	0	 	0.00157713	 	0.0235109	 	
702000	-1.99715	 	1595.47	 	0.999274	 	399.421	 	0.999274	 	1	 	0.00157692	 	0.0235079	 	
703000	-1.99715	 	1595.47	 	0.999274	 	399.421	 	0.999274	 	0	 	0.00157677	 	0.0235072	 	
704000	-1.99715	 	1595.47	 	0.999275	 	399.421	 	0.999275	 	0	 	0.00157628	 	0.0235007	 	
705000	-1.99716	 	1595.48	 	0.999275	 	399.422	 	0.999275	 	2	 	0.00157622	 	0.0234969	 	
706000	-1.99716	 	1595.48	 	0.999275	 	399.422	 	0.999275	 	0	 	0.00157543	 	0.0234867	 	
707000	-1.99716	 	1595.48	 	0.999275	 	399.422	 	0.999275	 	1	 	0.00157606	 	0.023493	 	
708000	-1.99716	 	1595.48	 	0.999275	 	399.422	 	0.999275	 	2	 	0.00157599	 	0.0234929	 	
709000	-1.99716	 	1595.48	 	0.999275	 	399.422	 	0.999275	 	0	 	0.00157582	 	0.0234913	 	
710000	-1.99716	 	1595.48	 	0.999275	 	399.422	 	0.999275	 	0	 	0.00157567	 	0.0234895	 	
711000	-1.99716	 	1595.48	 	0.999275	 	399.421	 	0.999275	 	0	 	0.00157579	 	0.0234913	 	
712000	-1.99716	 	1595.48	 	0.999275	 	399.422	 	0.999275	 	0	 	0.00157557	 	0.0234889	 	
713000	-1.99716	 	1595.48	 	0.999275	 	399.422	 	0.999275	 	0	 	0.00157567	 	0.0234886	 	
714000	-1.99716	 	1595.48	 	0.999275	 	399.422	 	0.999275	 	2	 	0.00157551	 	0.0234847	 	
715000	-1.99716	 	1595.48	 	0.999275	 	399.422	 	0.999275	 	0	 	0.00157589	 	0.0234901	 	
716000	-1.99715	 	1595.47	 	0.999274	 	399.421	 	0.999274	 	1	 	0.0015766	 	0.0235003	 	
717000	-1.99715	 	1595.47	 	0.999274	 	399.421	 	0.999274	 	0	 	0.00157665	 	0.0235013	 	
718000	-1.99715	 	1595.47	 	0.999274	 	399.421	 	0.999274	 	0	 	0.00157647	 	0.023501	 	
719000	-1.99716	 	1595.47	 	0.999275	 	399.421	 	0.999275	 	1	 	0.00157589	 	0.023493	 	
720000	-1.99715	 	1595.47	 	0.999274	 	399.421	 	0.999274	 	0	 	0.00157612	 	0.0234979	 	
721000	-1.99715	 	1595.47	 	0.999274	 	399.421	 	0.999274	 	3	 	0.00157709	 	0.0235115	 	
722000	-1.99715	 	1595.47	 	0.999274	 	399.421	 	0.999274	 	0	 	0.00157816	 	0.0235242	 	
723000	-1.99715	 	1595.47	 	0.999274	 	399.421	 	0.999274	 	2	 	0.00157797	 	0.0235227	 	
724000	-1.99715	 	1595.47	 	0.999273	 	399.421	 	0.999273	 	1	 	0.00157859	 	0.0235314	 	
725000	-1.99715	 	1595.47	 	0.999274	 	399.421	 	0.999274	 	0	 	0.00157798	 	0.0235232	 	
726000	-1.99715	 	1595.47	 	0.999274	 	399.421	 	0.999274	 	0	 	0.0015776	 	0.0235191	 	
727000	-1.99715	 	1595.47	 	0.999274	 	399.421	 	0.999274	 	0	 	0.0015778	 	0.0235194	 	
728000	-1.99715	 	1595.47	 	0.999274	 	399.421	 	0.999274	 	0	 	0.0015773	 	0.0235131	 	
729000	-1.99715	 	1595.47	 	0.999274	 	399.421	 	0.999274	 	2	 	0.00157711	 	0.0235106	 	
730000	-1.99715	 	1595.47	 	0.999274	 	399.421	 	0.999274	 	0	 	0.00157694	 	0.0235084	 	
731000	-1.99715	 	1595.47	 	0.999274	 	399.421	 	0.999274	 	1	 	0.00157703	 	0.023509	 	
732000	-1.99715	 	1595.47	 	0.999274	 	399.421	 	0.999274	 	0	 	0.00157741	 	0.0235149	 	
733000	-1.99715	 	1595.47	 	0.999274	 	399.421	 	0.999274	 	1	 	0.00157753	 	0.0235167	 	
734000	-1.99715	 	1595.47	 	0.999274	 	399.421	 	0.999274	 	0	 	0.00157751	 	0.0235153	 	
735000	-1.99715	 	1595.47	 	0.999274	 	399.421	 	0.999274	 	1	 	0.00157723	 	0.0235119	 	
736000	-1.99715	 	1595.47	 	0.999274	 	399.421	 	0.999274	 	0	 	0.00157705	 	0.0235099	 	
737000	-1.99715	 	1595.47	 	0.999274	 	399.421	 	0.999274	 	0	 	0.00157653	 	0.0235029	 	
738000	-1.99715	 	1595.47	 	0.999274	 	399.421	 	0.999274	 	0	 	0.0015767	 	0.0235051	 	
739000	-1.99715	 	1595.47	 	0.999274	 	399.421	 	0.999274	 	0	 	0.00157645	 	0.0235015	 	
740000	-1.99715	 	1595.47	 	0.999274	 	399.421	 	0.999274	 	0	 	0.00157667	 	0.0235051	 	
741000	-1.99715	 	1595.47	 	0.999274	 	399.421	 	0.999274	 	0	 	0.00157671	 	0.0235031	 	
742000	-1.99715	 	1595.47	 	0.999274	 	399.421	 	0.999274	 	0	 	0.00157685	 	0.0235023	 	
743000	-1.99715	 	1595.47	 	0.999274	 	399.421	 	0.999274	 	0	 	0.00157709	 	0.0235061	 	
744000	-1.99715	 	1595.47	 	0.999274	 	399.421	 	0.999274	 	0	 	0.00157731	 	0.0235099	 	
745000	-1.99715	 	1595.47	 	0.999274	 	399.421	 	0.999274	 	0	 	0.00157742	 	0.0235098	 	
746000	-1.99715	 	1595.47	 	0.999274	 	399.421	 	0.999274	 	0	 	0.00157683	 	0.0235019	 	
747000	-1.99715	 	1595.47	 	0.999274	 	399.421	 	0.999274	 	0	 	0.00157643	 	0.0234979	 	
748000	-1.99715	 	1595.47	 	0.999274	 	399.421	 	0.999274	 	0	 	0.00157699	 	0.023506	 	
749000	-1.99715	 	1595.47	 	0.999274	 	399.421	 	0.999274	 	0	 	0.00157677	 	0.0235032	 	
750000	-1.99715	 	1595.47	 	0.999274	 	399.421	 	0.999274	 	0	 	0.00157663	 	0.0235001	 	
751000	-1.99715	 	1595.47	 	0.999274	 	399.421	 	0.999274	 	1	 	0.00157657	 	0.0234996	 	
752000	-1.99715	 	1595.47	 	0.999274	 	399.421	 	0.999274	 	0	 	0.00157673	 	0.0235012	 	
753000	-1.99715	 	1595.47	 	0.999274	 	399.421	 	0.999274	 	0	 	0.00157769	 	0.0235118	 	
754000	-1.99715	 	1595.47	 	0.999274	 	399.421	 	0.999274	 	0	 	0.00157745	 	0.0235063	 	
755000	-1.99715	 	1595.47	 	0.999274	 	399.421	 	0.999274	 	0	 	0.0015774	 	0.0235058	 	
756000	-1.99715	 	1595.47	 	0.999274	 	399.421	 	0.999274	 	0	 	0.00157746	 	0.0235068	 	
757000	-1.99715	 	1595.47	 	0.999274	 	399.421	 	0.999274	 	0	 	0.00157752	 	0.0235083	 	
758000	-1.99715	 	1595.47	 	0.999274	 	399.421	 	0.999274	 	0	 	0.00157773	 	0.0235114	 	
759000	-1.99715	 	1595.47	 	0.999274	 	399.421	 	0.999274	 	0	 	0.0015776	 	0.0235106	 	
760000	-1.99715	 	1595.47	 	0.999274	 	399.421	 	0.999274	 	0	 	0.00157786	 	0.0235145	 	
761000	-1.99715	 	1595.47	 	0.999274	 	399.421	 	0.999274	 	1	 	0.0015776	 	0.0235084	 	
762000	-1.99715	 	1595.47	 	0.999274	 	399.421	 	0.999274	 	0	 	0.00157762	 	0.0235091	 	
763000	-1.99715	 	1595.47	 	0.999274	 	399.421	 	0.999274	 	0	 	0.00157818	 	0.0235146	 	
764000	-1.99715	 	1595.47	 	0.999274	 	399.421	 	0.999274	 	0	 	0.00157803	 	0.0235124	 	
765000	-1.99715	 	1595.47	 	0.999274	 	399.421	 	0.999274	 	0	 	0.00157749	 	0.0235052	 	
766000	-1.99715	 	1595.47	 	0.999274	 	399.421	 	0.999274	 	0	 	0.00157731	 	0.0235026	 	
767000	-1.99715	 	1595.47	 	0.999274	 	399.421	 	0.999274	 	0	 	0.00157737	 	0.023504	 	
768000	-1.99715	 	1595.47	 	0.999274	 	399.421	 	0.999274	 	0	 	0.00157725	 	0.0235022	 	
769000	-1.99715	 	1595.47	 	0.999274	 	399.421	 	0.999274	 	0	 	0.00157711	 	0.0235011	 	
770000	-1.99715	 	1595.47	 	0.999274	 	399.421	 	0.999274	 	1	 	0.00157688	 	0.0234972	 	
771000	-1.99715	 	1595.47	 	0.999274	 	399.421	 	0.999274	 	1	 	0.00157687	 	0.0234968	 	
772000	-1.99715	 	1595.47	 	0.999274	 	399.421	 	0.999274	 	0	 	0.00157646	 	0.0234909	 	
773000	-1.99715	 	1595.47	 	0.999274	 	399.421	 	0.999274	 	0	 	0.00157617	 	0.0234879	 	
774000	-1.99715	 	1595.47	 	0.999274	 	399.421	 	0.999274	 	1	 	0.00157651	 	0.0234938	 	
775000	-1.99715	 	1595.47	 	0.999274	 	399.421	 	0.999274	 	0	 	0.00157666	 	0.0234952	 	
776000	-1.99715	 	1595.47	 	0.999274	 	399.421	 	0.999274	 	0	 	0.00157653	 	0.0234954	 	
777000	-1.99715	 	1595.47	 	0.999274	 	399.421	 	0.999274	 	0	 	0.00157616	 	0.0234897	 	
778000	-1.99715	 	1595.47	 	0.999274	 	399.421	 	0.999274	 	0	 	0.00157616	 	0.0234908	 	
779000	-1.99715	 	1595.47	 	0.999274	 	399.421	 	0.999274	 	1	 	0.00157609	 	0.02349	 	
780000	-1.99715	 	1595.47	 	0.999274	 	399.421	 	0.999274	 	0	 	0.00157661	 	0.0234965	 	
781000	-1.99715	 	1595.47	 	0.999274	 	399.421	 	0.999274	 	0	 	0.0015774	 	0.0235032	 	
782000	-1.99715	 	1595.47	 	0.999274	 	399.421	 	0.999274	 	0	 	0.00157763	 	0.0235064	 	
783000	-1.99715	 	1595.47	 	0.999274	 	399.421	 	0.999274	 	0	 	0.00157738	 	0.0235025	 	
784000	-1.99715	 	1595.47	 	0.999274	 	399.421	 	0.999274	 	0	 	0.00157754	 	0.0235026	 	
785000	-1.99715	 	1595.47	 	0.999274	 	399.421	 	0.999274	 	1	 	0.00157696	 	0.0234952	 	
786000	-1.99715	 	1595.47	 	0.999274	 	399.421	 	0.999274	 	0	 	0.00157698	 	0.0234951	 	
787000	-1.99715	 	1595.47	 	0.999274	 	399.421	 	0.999274	 	0	 	0.00157703	 	0.0234955	 	
788000	-1.99715	 	1595.47	 	0.999274	 	399.421	 	0.999274	 	1	 	0.0015773	 	0.0234992	 	
789000	-1.99715	 	1595.47	 	0.999274	 	399.421	 	0.999274	 	0	 	0.00157855	 	0.0235061	 	
790000	-1.99715	 	1595.47	 	0.999274	 	399.421	 	0.999274	 	0	 	0.00157865	 	0.0235054	 	
791000	-1.99716	 	1595.47	 	0.999274	 	399.421	 	0.999274	 	2	 	0.00157821	 	0.0234994	 	
792000	-1.99716	 	1595.48	 	0.999275	 	399.421	 	0.999275	 	0	 	0.0015775	 	0.0234899	 	
793000	-1.99716	 	1595.48	 	0.999275	 	399.421	 	0.999275	 	1	 	0.00157757	 	0.0234913	 	
794000	-1.99716	 	1595.48	 	0.999274	 	399.421	 	0.999274	 	1	 	0.00157746	 	0.0234904	 	
795000	-1.99716	 	1595.48	 	0.999275	 	399.421	 	0.999275	 	1	 	0.00157745	 	0.0234896	 	
796000	-1.99716	 	1595.48	 	0.999275	 	399.421	 	0.999275	 	1	 	0.00157719	 	0.0234874	 	
797000	-1.99716	 	1595.48	 	0.999274	 	399.421	 	0.999274	 	0	 	0.00157738	 	0.0234894	 	
798000	-1.99716	 	1595.48	 	0.999274	 	399.421	 	0.999274	 	0	 	0.00157744	 	0.0234917	 	
799000	-1.99716	 	1595.47	 	0.999274	 	399.421	 	0.999274	 	0	 	0.00157752	 	0.0234933	 	
800000	-1.99716	 	1595.48	 	0.999274	 	399.421	 	0.999274	 	0	 	0.00157733	 	0.0234917	 	
801000	-1.99716	 	1595.48	 	0.999275	 	399.421	 	0.999275	 	0	 	0.00157709	 	0.0234886	 	
802000	-1.99716	 	1595.48	 	0.999274	 	399.421	 	0.999274	 	0	 	0.00157727	 	0.0234906	 	
803000	-1.99715	 	1595.47	 	0.999274	 	399.421	 	0.999274	 	1	 	0.00157753	 	0.0234951	 	
804000	-1.99715	 	1595.47	 	0.999274	 	399.421	 	0.999274	 	0	 	0.00157775	 	0.0234961	 	
805000	-1.99715	 	1595.47	 	0.999274	 	399.421	 	0.999274	 	0	 	0.00157773	 	0.023497	 	
806000	-1.99715	 	1595.47	 	0.999274	 	399.421	 	0.999274	 	3	 	0.00157768	 	0.0234959	 	
807000	-1.99715	 	1595.47	 	0.999274	 	399.421	 	0.999274	 	1	 	0.00157744	 	0.023492	 	
808000	-1.99715	 	1595.47	 	0.999274	 	399.421	 	0.999274	 	0	 	0.00157769	 	0.0234951	 	
809000	-1.99715	 	1595.47	 	0.999274	 	399.421	 	0.999274	 	0	 	0.0015781	 	0.0235003	 	
810000	-1.99715	 	1595.47	 	0.999274	 	399.421	 	0.999274	 	2	 	0.00157808	 	0.0235011	 	
811000	-1.99715	 	1595.47	 	0.999274	 	399.421	 	0.999274	 	0	 	0.00157846	 	0.0235053	 	
812000	-1.99715	 	1595.47	 	0.999274	 	399.421	 	0.999274	 	0	 	0.00157841	 	0.0235051	 	
813000	-1.99715	 	1595.47	 	0.999274	 	399.421	 	0.999274	 	0	 	0.00157855	 	0.0235072	 	
814000	-1.99715	 	1595.47	 	0.999274	 	399.421	 	0.999274	 	0	 	0.00157881	 	0.0235108	 	
815000	-1.99715	 	1595.47	 	0.999274	 	399.421	 	0.999274	 	0	 	0.00157885	 	0.0235115	 	
816000	-1.99715	 	1595.47	 	0.999274	 	399.421	 	0.999274	 	0	 	0.00157868	 	0.0235096	 	
817000	-1.99715	 	1595.47	 	0.999274	 	399.421	 	0.999274	 	0	 	0.00157878	 	0.0235106	 	
818000	-1.99715	 	1595.47	 	0.999274	 	399.421	 	0.999274	 	0	 	0.00157909	 	0.0235157	 	
819000	-1.99715	 	1595.47	 	0.999274	 	399.421	 	0.999274	 	0	 	0.00157954	 	0.0235207	 	
820000	-1.99715	 	1595.47	 	0.999274	 	399.421	 	0.999274	 	0	 	0.00157933	 	0.0235182	 	
821000	-1.99715	 	1595.47	 	0.999274	 	399.421	 	0.999274	 	0	 	0.00157908	 	0.0235152	 	
822000	-1.99715	 	1595.47	 	0.999274	 	399.421	 	0.999274	 	0	 	0.0015788	 	0.0235108	 	
823000	-1.99715	 	1595.47	 	0.999274	 	399.421	 	0.999274	 	0	 	0.00157904	 	0.0235144	 	
824000	-1.99715	 	1595.47	 	0.999274	 	399.421	 	0.999274	 	0	 	0.00157895	 	0.023513	 	
825000	-1.99715	 	1595.47	 	0.999274	 	399.421	 	0.999274	 	0	 	0.00157883	 	0.0235123	 	
826000	-1.99715	 	1595.47	 	0.999274	 	399.421	 	0.999274	 	0	 	0.00157863	 	0.0235101	 	
827000	-1.99715	 	1595.47	 	0.999274	 	399.421	 	0.999274	 	0	 	0.0015785	 	0.0235087	 	
828000	-1.99715	 	1595.47	 	0.999274	 	399.421	 	0.999274	 	0	 	0.00157887	 	0.0235129	 	
829000	-1.99715	 	1595.47	 	0.999274	 	399.421	 	0.999274	 	0	 	0.00157876	 	0.0235122	 	
830000	-1.99715	 	1595.47	 	0.999274	 	399.421	 	0.999274	 	0	 	0.00157836	 	0.023507	 	
831000	-1.99715	 	1595.47	 	0.999274	 	399.421	 	0.999274	 	0	 	0.00157812	 	0.0235037	 	
832000	-1.99715	 	1595.47	 	0.999274	 	399.421	 	0.999274	 	0	 	0.00157814	 	0.0235049	 	
833000	-1.99715	 	1595.47	 	0.999274	 	399.421	 	0.999274	 	0	 	0.00157766	 	0.0234981	 	
834000	-1.99715	 	1595.47	 	0.999274	 	399.421	 	0.999274	 	1	 	0.00157799	 	0.0235034	 	
835000	-1.99715	 	1595.47	 	0.999274	 	399.421	 	0.999274	 	0	 	0.00157773	 	0.0235007	 	
836000	-1.99715	 	1595.47	 	0.999274	 	399.421	 	0.999274	 	0	 	0.00157735	 	0.0234956	 	
837000	-1.99715	 	1595.47	 	0.999274	 	399.421	 	0.999274	 	0	 	0.00157734	 	0.0234957	 	
838000	-1.99716	 	1595.48	 	0.999274	 	399.421	 	0.999274	 	0	 	0.00157711	 	0.0234908	 	
839000	-1.99716	 	1595.48	 	0.999275	 	399.421	 	0.999275	 	1	 	0.0015767	 	0.023486	 	
840000	-1.99716	 	1595.48	 	0.999275	 	399.421	 	0.999275	 	0	 	0.00157687	 	0.0234881	 	
841000	-1.99716	 	1595.48	 	0.999275	 	399.421	 	0.999275	 	2	 	0.00157703	 	0.0234895	 	
842000	-1.99716	 	1595.48	 	0.999275	 	399.422	 	0.999275	 	0	 	0.00157681	 	0.0234861	 	
843000	-1.99716	 	1595.48	 	0.999275	 	399.422	 	0.999275	 	0	 	0.00157657	 	0.0234826	 	
844000	-1.99716	 	1595.48	 	0.999275	 	399.422	 	0.999275	 	1	 	0.00157655	 	0.0234831	 	
845000	-1.99716	 	1595.48	 	0.999275	 	399.422	 	0.999275	 	1	 	0.0015767	 	0.023486	 	
846000	-1.99716	 	1595.48	 	0.999275	 	399.422	 	0.999275	 	0	 	0.00157689	 	0.0234886	 	
847000	-1.99716	 	1595.48	 	0.999275	 	399.422	 	0.999275	 	0	 	0.00157665	 	0.0234862	 	
848000	-1.99716	 	1595.48	 	0.999275	 	399.422	 	0.999275	 	0	 	0.00157649	 	0.0234832	 	
849000	-1.99716	 	1595.48	 	0.999275	 	399.422	 	0.999275	 	0	 	0.00157648	 	0.0234804	 	
850000	-1.99716	 	1595.48	 	0.999275	 	399.422	 	0.999275	 	0	 	0.00157622	 	0.0234779	 	
851000	-1.99716	 	1595.48	 	0.999275	 	399.422	 	0.999275	 	0	 	0.00157633	 	0.0234802	 	
852000	-1.99716	 	1595.48	 	0.999275	 	399.422	 	0.999275	 	0	 	0.00157661	 	0.0234844	 	
853000	-1.99716	 	1595.48	 	0.999275	 	399.422	 	0.999275	 	0	 	0.0015763	 	0.0234794	 	
854000	-1.99716	 	1595.48	 	0.999275	 	399.422	 	0.999275	 	0	 	0.00157667	 	0.0234827	 	
855000	-1.99716	 	1595.48	 	0.999275	 	399.422	 	0.999275	 	0	 	0.00157637	 	0.0234788	 	
856000	-1.99716	 	1595.48	 	0.999275	 	399.422	 	0.999275	 	0	 	0.00157644	 	0.0234807	 	
857000	-1.99716	 	1595.48	 	0.999275	 	399.422	 	0.999275	 	0	 	0.00157706	 	0.0234888	 	
858000	-1.99716	 	1595.48	 	0.999275	 	399.422	 	0.999275	 	0	 	0.00157741	 	0.0234941	 	
859000	-1.99716	 	1595.48	 	0.999275	 	399.422	 	0.999275	 	0	 	0.00157719	 	0.0234915	 	
860000	-1.99716	 	1595.48	 	0.999275	 	399.422	 	0.999275	 	0	 	0.00157719	 	0.0234909	 	
861000	-1.99716	 	1595.48	 	0.999275	 	399.421	 	0.999275	 	0	 	0.0015774	 	0.0234943	 	
862000	-1.99716	 	1595.48	 	0.999275	 	399.422	 	0.999275	 	0	 	0.00157756	 	0.0234974	 	
863000	-1.99716	 	1595.48	 	0.999275	 	399.422	 	0.999275	 	0	 	0.00157742	 	0.0234963	 	
864000	-1.99716	 	1595.48	 	0.999275	 	399.422	 	0.999275	 	0	 	0.00157707	 	0.0234914	 	
865000	-1.99716	 	1595.48	 	0.999275	 	399.422	 	0.999275	 	0	 	0.00157718	 	0.0234927	 	
866000	-1.99716	 	1595.48	 	0.999275	 	399.422	 	0.999275	 	0	 	0.00157693	 	0.0234897	 	
867000	-1.99716	 	1595.48	 	0.999275	 	399.422	 	0.999275	 	1	 	0.00157684	 	0.0234885	 	
868000	-1.99716	 	1595.48	 	0.999275	 	399.422	 	0.999275	 	4	 	0.00157706	 	0.0234904	 	
869000	-1.99716	 	1595.48	 	0.999275	 	399.422	 	0.999275	 	0	 	0.00157719	 	0.0234906	 	
870000	-1.99716	 	1595.48	 	0.999275	 	399.422	 	0.999275	 	0	 	0.00157697	 	0.0234878	 	
871000	-1.99716	 	1595.48	 	0.999275	 	399.422	 	0.999275	 	3	 	0.00157657	 	0.0234826	 	
872000	-1.99716	 	1595.48	 	0.999275	 	399.422	 	0.999275	 	0	 	0.00157615	 	0.0234768	 	
873000	-1.99716	 	1595.48	 	0.999275	 	399.422	 	0.999275	 	1	 	0.00157587	 	0.0234732	 	
874000	-1.99716	 	1595.48	 	0.999275	 	399.422	 	0.999275	 	0	 	0.00157569	 	0.0234711	 	
875000	-1.99716	 	1595.48	 	0.999275	 	399.422	 	0.999275	 	0	 	0.00157553	 	0.0234684	 	
876000	-1.99716	 	1595.48	 	0.999275	 	399.422	 	0.999275	 	0	 	0.00157536	 	0.0234665	 	
877000	-1.99716	 	1595.48	 	0.999275	 	399.422	 	0.999275	 	0	 	0.00157527	 	0.023466	 	
878000	-1.99716	 	1595.48	 	0.999275	 	399.422	 	0.999275	 	1	 	0.00157566	 	0.0234702	 	
879000	-1.99716	 	1595.48	 	0.999275	 	399.422	 	0.999275	 	0	 	0.00157562	 	0.0234688	 	
880000	-1.99716	 	1595.48	 	0.999275	 	399.422	 	0.999275	 	1	 	0.00157581	 	0.0234728	 	
881000	-1.99716	 	1595.48	 	0.999275	 	399.422	 	0.999275	 	0	 	0.00157534	 	0.0234658	 	
882000	-1.99716	 	1595.48	 	0.999275	 	399.422	 	0.999275	 	0	 	0.00157574	 	0.0234715	 	
883000	-1.99716	 	1595.48	 	0.999275	 	399.422	 	0.999275	 	0	 	0.00157564	 	0.0234704	 	
884000	-1.99716	 	1595.48	 	0.999275	 	399.422	 	0.999275	 	2	 	0.00157559	 	0.0234675	 	
885000	-1.99716	 	1595.48	 	0.999275	 	399.422	 	0.999275	 	0	 	0.00157552	 	0.0234675	 	
886000	-1.99716	 	1595.48	 	0.999275	 	399.422	 	0.999275	 	0	 	0.00157538	 	0.0234652	 	
887000	-1.99716	 	1595.48	 	0.999275	 	399.422	 	0.999275	 	0	 	0.00157518	 	0.0234623	 	
888000	-1.99716	 	1595.48	 	0.999276	 	399.422	 	0.999276	 	0	 	0.00157501	 	0.0234606	 	
889000	-1.99716	 	1595.48	 	0.999275	 	399.422	 	0.999275	 	0	 	0.00157489	 	0.02346	 	
890000	-1.99716	 	1595.48	 	0.999275	 	399.422	 	0.999275	 	0	 	0.00157491	 	0.0234608	 	
891000	-1.99716	 	1595.48	 	0.999276	 	399.422	 	0.999276	 	0	 	0.00157455	 	0.0234563	 	
892000	-1.99716	 	1595.48	 	0.999275	 	399.422	 	0.999275	 	0	 	0.00157477	 	0.0234584	 	
893000	-1.99716	 	1595.48	 	0.999276	 	399.422	 	0.999276	 	0	 	0.00157478	 	0.0234568	 	
894000	-1.99716	 	1595.48	 	0.999276	 	399.422	 	0.999276	 	0	 	0.00157446	 	0.0234525	 	
895000	-1.99716	 	1595.48	 	0.999276	 	399.422	 	0.999276	 	0	 	0.00157446	 	0.0234531	 	
896000	-1.99716	 	1595.48	 	0.999276	 	399.422	 	0.999276	 	0	 	0.00157471	 	0.0234557	 	
897000	-1.99716	 	1595.48	 	0.999276	 	399.422	 	0.999276	 	0	 	0.00157467	 	0.0234559	 	
898000	-1.99716	 	1595.48	 	0.999276	 	399.422	 	0.999276	 	0	 	0.00157436	 	0.0234512	 	
899000	-1.99716	 	1595.48	 	0.999276	 	399.423	 	0.999276	 	0	 	0.00157409	 	0.0234479	 	
900000	-1.99716	 	1595.48	 	0.999276	 	399.422	 	0.999276	 	0	 	0.00157443	 	0.0234532	 	
901000	-1.99716	 	1595.48	 	0.999276	 	399.422	 	0.999276	 	0	 	0.00157447	 	0.0234549	 	
902000	-1.99716	 	1595.48	 	0.999276	 	399.422	 	0.999276	 	1	 	0.00157461	 	0.023456	 	
903000	-1.99716	 	1595.48	 	0.999276	 	399.422	 	0.999276	 	0	 	0.00157487	 	0.0234587	 	
904000	-1.99716	 	1595.48	 	0.999276	 	399.422	 	0.999276	 	0	 	0.00157461	 	0.0234543	 	
905000	-1.99716	 	1595.48	 	0.999276	 	399.422	 	0.999276	 	1	 	0.00157444	 	0.0234521	 	
906000	-1.99716	 	1595.48	 	0.999276	 	399.422	 	0.999276	 	0	 	0.00157464	 	0.0234553	 	
907000	-1.99716	 	1595.48	 	0.999276	 	399.422	 	0.999276	 	0	 	0.00157541	 	0.0234658	 	
908000	-1.99716	 	1595.48	 	0.999275	 	399.422	 	0.999275	 	0	 	0.00157563	 	0.0234677	 	
909000	-1.99716	 	1595.48	 	0.999275	 	399.422	 	0.999275	 	2	 	0.00157585	 	0.0234713	 	
910000	-1.99716	 	1595.48	 	0.999275	 	399.422	 	0.999275	 	2	 	0.0015758	 	0.0234701	 	
911000	-1.99716	 	1595.48	 	0.999275	 	399.422	 	0.999275	 	0	 	0.00157601	 	0.0234734	 	
912000	-1.99716	 	1595.48	 	0.999275	 	399.422	 	0.999275	 	0	 	0.00157588	 	0.0234719	 	
913000	-1.99716	 	1595.48	 	0.999275	 	399.422	 	0.999275	 	0	 	0.00157622	 	0.0234773	 	
914000	-1.99716	 	1595.48	 	0.999275	 	399.422	 	0.999275	 	2	 	0.00157714	 	0.0234874	 	
915000	-1.99716	 	1595.48	 	0.999275	 	399.422	 	0.999275	 	0	 	0.00157687	 	0.0234839	 	
916000	-1.99716	 	1595.48	 	0.999275	 	399.422	 	0.999275	 	0	 	0.00157668	 	0.0234822	 	
917000	-1.99716	 	1595.48	 	0.999275	 	399.422	 	0.999275	 	3	 	0.00157706	 	0.0234881	 	
918000	-1.99716	 	1595.48	 	0.999275	 	399.422	 	0.999275	 	0	 	0.0015773	 	0.0234934	 	
919000	-1.99716	 	1595.48	 	0.999275	 	399.422	 	0.999275	 	1	 	0.00157684	 	0.023487	 	
920000	-1.99716	 	1595.48	 	0.999275	 	399.422	 	0.999275	 	1	 	0.00157697	 	0.0234898	 	
921000	-1.99716	 	1595.48	 	0.999275	 	399.422	 	0.999275	 	0	 	0.00157705	 	0.0234908	 	
922000	-1.99716	 	1595.48	 	0.999275	 	399.422	 	0.999275	 	0	 	0.00157675	 	0.0234869	 	
923000	-1.99716	 	1595.48	 	0.999275	 	399.422	 	0.999275	 	1	 	0.00157661	 	0.0234853	 	
924000	-1.99716	 	1595.48	 	0.999275	 	399.422	 	0.999275	 	0	 	0.00157658	 	0.0234845	 	
925000	-1.99716	 	1595.48	 	0.999275	 	399.422	 	0.999275	 	1	 	0.00157646	 	0.0234839	 	
926000	-1.99716	 	1595.48	 	0.999275	 	399.422	 	0.999275	 	0	 	0.00157628	 	0.0234811	 	
927000	-1.99716	 	1595.48	 	0.999275	 	399.422	 	0.999275	 	0	 	0.00157674	 	0.0234868	 	
928000	-1.99716	 	1595.48	 	0.999275	 	399.422	 	0.999275	 	0	 	0.00157688	 	0.0234895	 	
929000	-1.99716	 	1595.48	 	0.999275	 	399.422	 	0.999275	 	0	 	0.00157695	 	0.0234913	 	
930000	-1.99716	 	1595.48	 	0.999275	 	399.422	 	0.999275	 	0	 	0.00157713	 	0.0234948	 	
931000	-1.99716	 	1595.48	 	0.999275	 	399.422	 	0.999275	 	0	 	0.0015772	 	0.0234956	 	
932000	-1.99716	 	1595.48	 	0.999275	 	399.422	 	0.999275	 	2	 	0.00157724	 	0.0234971	 	
933000	-1.99716	 	1595.48	 	0.999275	 	399.422	 	0.999275	 	0	 	0.00157707	 	0.0234943	 	
934000	-1.99716	 	1595.48	 	0.999275	 	399.421	 	0.999275	 	0	 	0.00157764	 	0.0235014	 	
935000	-1.99716	 	1595.48	 	0.999275	 	399.421	 	0.999275	 	1	 	0.00157762	 	0.0235021	 	
936000	-1.99716	 	1595.48	 	0.999274	 	399.421	 	0.999274	 	0	 	0.00157767	 	0.0235028	 	
937000	-1.99716	 	1595.48	 	0.999275	 	399.421	 	0.999275	 	0	 	0.00157767	 	0.0235036	 	
938000	-1.99716	 	1595.48	 	0.999275	 	399.422	 	0.999275	 	0	 	0.00157738	 	0.0234988	 	
939000	-1.99716	 	1595.48	 	0.999275	 	399.422	 	0.999275	 	0	 	0.00157748	 	0.023499	 	
940000	-1.99716	 	1595.48	 	0.999275	 	399.422	 	0.999275	 	0	 	0.00157743	 	0.0234977	 	
941000	-1.99716	 	1595.48	 	0.999275	 	399.421	 	0.999275	 	0	 	0.00157747	 	0.0234997	 	
942000	-1.99716	 	1595.48	 	0.999275	 	399.421	 	0.999275	 	0	 	0.0015775	 	0.0234994	 	
943000	-1.99716	 	1595.48	 	0.999275	 	399.422	 	0.999275	 	0	 	0.00157721	 	0.0234959	 	
944000	-1.99716	 	1595.48	 	0.999275	 	399.422	 	0.999275	 	0	 	0.0015768	 	0.02349	 	
945000	-1.99716	 	1595.48	 	0.999275	 	399.422	 	0.999275	 	1	 	0.00157691	 	0.023492	 	
946000	-1.99716	 	1595.48	 	0.999275	 	399.422	 	0.999275	 	0	 	0.00157674	 	0.02349	 	
947000	-1.99716	 	1595.48	 	0.999275	 	399.422	 	0.999275	 	1	 	0.00157685	 	0.0234913	 	
948000	-1.99716	 	1595.48	 	0.999275	 	399.422	 	0.999275	 	0	 	0.00157712	 	0.023496	 	
949000	-1.99716	 	1595.48	 	0.999275	 	399.422	 	0.999275	 	0	 	0.00157676	 	0.0234915	 	
950000	-1.99716	 	1595.48	 	0.999275	 	399.422	 	0.999275	 	0	 	0.00157654	 	0.0234882	 	
951000	-1.99716	 	1595.48	 	0.999275	 	399.422	 	0.999275	 	0	 	0.00157613	 	0.0234832	 	
952000	-1.99716	 	1595.48	 	0.999275	 	399.422	 	0.999275	 	0	 	0.00157598	 	0.0234811	 	
953000	-1.99716	 	1595.48	 	0.999275	 	399.422	 	0.999275	 	0	 	0.00157635	 	0.0234832	 	
954000	-1.99716	 	1595.48	 	0.999275	 	399.422	 	0.999275	 	1	 	0.00157627	 	0.0234831	 	
955000	-1.99716	 	1595.48	 	0.999275	 	399.422	 	0.999275	 	0	 	0.00157607	 	0.0234804	 	
956000	-1.99716	 	1595.48	 	0.999275	 	399.422	 	0.999275	 	0	 	0.00157634	 	0.0234833	 	
957000	-1.99716	 	1595.48	 	0.999275	 	399.422	 	0.999275	 	0	 	0.00157671	 	0.0234881	 	
958000	-1.99716	 	1595.48	 	0.999275	 	399.422	 	0.999275	 	1	 	0.00157696	 	0.0234915	 	
959000	-1.99716	 	1595.48	 	0.999275	 	399.422	 	0.999275	 	2	 	0.00157678	 	0.0234882	 	
960000	-1.99716	 	1595.48	 	0.999275	 	399.422	 	0.999275	 	0	 	0.00157698	 	0.0234914	 	
961000	-1.99716	 	1595.48	 	0.999275	 	399.422	 	0.999275	 	0	 	0.00157702	 	0.0234925	 	
962000	-1.99716	 	1595.48	 	0.999275	 	399.422	 	0.999275	 	0	 	0.00157687	 	0.0234905	 	
963000	-1.99716	 	1595.48	 	0.999275	 	399.422	 	0.999275	 	0	 	0.00157657	 	0.0234862	 	
964000	-1.99716	 	1595.48	 	0.999275	 	399.422	 	0.999275	 	0	 	0.00157654	 	0.0234851	 	
965000	-1.99716	 	1595.48	 	0.999275	 	399.422	 	0.999275	 	0	 	0.00157656	 	0.0234865	 	
966000	-1.99716	 	1595.48	 	0.999275	 	399.422	 	0.999275	 	0	 	0.001577	 	0.023488	 	
967000	-1.99716	 	1595.48	 	0.999275	 	399.422	 	0.999275	 	3	 	0.00157686	 	0.0234861	 	
968000	-1.99716	 	1595.48	 	0.999275	 	399.422	 	0.999275	 	2	 	0.00157692	 	0.0234876	 	
969000	-1.99716	 	1595.48	 	0.999275	 	399.422	 	0.999275	 	0	 	0.0015772	 	0.0234922	 	
970000	-1.99716	 	1595.48	 	0.999275	 	399.422	 	0.999275	 	0	 	0.00157686	 	0.0234882	 	
971000	-1.99716	 	1595.48	 	0.999275	 	399.422	 	0.999275	 	0	 	0.00157688	 	0.0234883	 	
972000	-1.99716	 	1595.48	 	0.999275	 	399.422	 	0.999275	 	0	 	0.00157657	 	0.0234847	 	
973000	-1.99716	 	1595.48	 	0.999275	 	399.422	 	0.999275	 	1	 	0.00157666	 	0.0234862	 	
974000	-1.99716	 	1595.48	 	0.999275	 	399.422	 	0.999275	 	0	 	0.00157675	 	0.0234876	 	
975000	-1.99716	 	1595.48	 	0.999275	 	399.422	 	0.999275	 	0	 	0.00157656	 	0.0234853	 	
976000	-1.99716	 	1595.48	 	0.999275	 	399.422	 	0.999275	 	0	 	0.00157654	 	0.0234852	 	
977000	-1.99716	 	1595.48	 	0.999275	 	399.422	 	0.999275	 	2	 	0.00157701	 	0.0234897	 	
978000	-1.99716	 	1595.48	 	0.999275	 	399.422	 	0.999275	 	0	 	0.001577	 	0.0234893	 	
979000	-1.99716	 	1595.48	 	0.999275	 	399.422	 	0.999275	 	1	 	0.0015769	 	0.0234882	 	
980000	-1.99716	 	1595.48	 	0.999275	 	399.422	 	0.999275	 	0	 	0.00157679	 	0.0234878	 	
981000	-1.99716	 	1595.48	 	0.999275	 	399.422	 	0.999275	 	0	 	0.00157677	 	0.0234873	 	
982000	-1.99716	 	1595.48	 	0.999275	 	399.422	 	0.999275	 	0	 	0.00157718	 	0.0234929	 	
983000	-1.99716	 	1595.48	 	0.999275	 	399.422	 	0.999275	 	0	 	0.00157699	 	0.0234906	 	
984000	-1.99716	 	1595.48	 	0.999275	 	399.422	 	0.999275	 	0	 	0.00157662	 	0.0234864	 	
985000	-1.99716	 	1595.48	 	0.999275	 	399.422	 	0.999275	 	1	 	0.00157656	 	0.0234864	 	
986000	-1.99716	 	1595.48	 	0.999275	 	399.422	 	0.999275	 	1	 	0.0015763	 	0.0234835	 	
987000	-1.99716	 	1595.48	 	0.999275	 	399.422	 	0.999275	 	2	 	0.00157645	 	0.0234857	 	
988000	-1.99716	 	1595.48	 	0.999275	 	399.422	 	0.999275	 	0	 	0.00157619	 	0.0234808	 	
989000	-1.99716	 	1595.48	 	0.999275	 	399.422	 	0.999275	 	0	 	0.00157645	 	0.0234847	 	
990000	-1.99716	 	1595.48	 	0.999275	 	399.422	 	0.999275	 	0	 	0.00157602	 	0.0234787	 	
991000	-1.99716	 	1595.48	 	0.999275	 	399.422	 	0.999275	 	0	 	0.00157585	 	0.0234773	 	
992000	-1.99716	 	1595.48	 	0.999275	 	399.422	 	0.999275	 	0	 	0.00157659	 	0.0234877	 	
993000	-1.99716	 	1595.48	 	0.999275	 	399.422	 	0.999275	 	1	 	0.00157651	 	0.0234871	 	
994000	-1.99716	 	1595.48	 	0.999275	 	399.422	 	0.999275	 	0	 	0.00157656	 	0.023488	 	
995000	-1.99716	 	1595.48	 	0.999275	 	399.422	 	0.999275	 	0	 	0.0015772	 	0.0234942	 	
996000	-1.99716	 	1595.48	 	0.999275	 	399.422	 	0.999275	 	0	 	0.00157734	 	0.023497	 	
997000	-1.99716	 	1595.48	 	0.999275	 	399.422	 	0.999275	 	0	 	0.00157741	 	0.0234968	 	
998000	-1.99716	 	1595.48	 	0.999275	 	399.422	 	0.999275	 	0	 	0.0015772	 	0.0234947	 	
999000	-1.99716	 	1595.48	 	0.999275	 	399.422	 	0.999275	 	0	 	0.00157736	 	0.023496	 	
