MCcycles: 500000	 L = 20	 T = 2.4	 Randomstart = 0
MCcycles 	 E 		 E2 		 M 		 M2 		 Mabs 		 accepted		 X 		 Cv
2	-1.765	 	1247.3	 	0.9275	 	344.225	 	0.9275	 	25	 	0.0510417	 	0.210069	 	
1000	-1.18964	 	575.397	 	0.176515	 	61.5724	 	0.321565	 	123	 	8.42114	 	1.6145	 	
2000	-1.20341	 	587.802	 	0.0390625	 	70.2557	 	0.352458	 	114	 	8.56883	 	1.48057	 	
3000	-1.22321	 	607.189	 	-0.0288317	 	89.9124	 	0.410988	 	136	 	9.31159	 	1.50904	 	
4000	-1.23704	 	620.846	 	-0.010985	 	101.373	 	0.444862	 	65	 	9.25498	 	1.51751	 	
5000	-1.25216	 	636.206	 	0.106456	 	114.302	 	0.480576	 	72	 	9.13377	 	1.57082	 	
6000	-1.25167	 	635.382	 	0.114722	 	115.108	 	0.485578	 	119	 	8.66375	 	1.51314	 	
7000	-1.25072	 	634.326	 	0.155538	 	113.882	 	0.480664	 	122	 	8.94455	 	1.49457	 	
8000	-1.24464	 	628.182	 	0.165964	 	110.493	 	0.470484	 	108	 	9.14633	 	1.48148	 	
9000	-1.2456	 	629.037	 	0.106746	 	110.272	 	0.471425	 	72	 	8.90623	 	1.46348	 	
10000	-1.24018	 	623.567	 	0.109534	 	105.513	 	0.456816	 	145	 	9.18352	 	1.44889	 	
11000	-1.23791	 	621.232	 	0.065155	 	103.804	 	0.452734	 	102	 	9.09043	 	1.43436	 	
12000	-1.24078	 	624.259	 	0.0974125	 	105.249	 	0.455387	 	104	 	9.29089	 	1.46566	 	
13000	-1.23644	 	619.806	 	0.0976292	 	101.328	 	0.443995	 	107	 	9.36471	 	1.43972	 	
14000	-1.23581	 	619.13	 	0.103401	 	100.958	 	0.443886	 	93	 	9.22662	 	1.42986	 	
15000	-1.23425	 	617.63	 	0.0873943	 	99.6823	 	0.439364	 	71	 	9.36089	 	1.4381	 	
16000	-1.23302	 	616.396	 	0.0774153	 	98.4095	 	0.436352	 	59	 	9.27009	 	1.43395	 	
17000	-1.23708	 	620.584	 	0.066065	 	101.575	 	0.444612	 	104	 	9.37648	 	1.46456	 	
18000	-1.23717	 	620.58	 	0.0455033	 	101.702	 	0.445303	 	114	 	9.32686	 	1.4484	 	
19000	-1.23726	 	620.596	 	0.0474345	 	101.807	 	0.446328	 	89	 	9.21812	 	1.43678	 	
20000	-1.2375	 	620.801	 	0.0519557	 	101.65	 	0.446183	 	116	 	9.17444	 	1.42962	 	
21000	-1.23901	 	622.374	 	0.0743955	 	103.071	 	0.450173	 	79	 	9.17049	 	1.44425	 	
22000	-1.23734	 	620.666	 	0.0652359	 	101.885	 	0.44694	 	136	 	9.1595	 	1.43527	 	
23000	-1.23928	 	622.64	 	0.0418815	 	103.406	 	0.450658	 	59	 	9.23695	 	1.44329	 	
24000	-1.23757	 	620.945	 	0.0339563	 	102.275	 	0.447233	 	97	 	9.27832	 	1.44301	 	
25000	-1.23949	 	622.938	 	0.0336892	 	103.921	 	0.451972	 	111	 	9.25397	 	1.45932	 	
26000	-1.23995	 	623.402	 	0.0477906	 	104.35	 	0.453293	 	85	 	9.23344	 	1.46043	 	
27000	-1.24263	 	626.122	 	0.0382176	 	106.111	 	0.458038	 	71	 	9.24631	 	1.47006	 	
28000	-1.2425	 	625.992	 	0.0328239	 	106.049	 	0.457758	 	97	 	9.26361	 	1.47039	 	
29000	-1.24373	 	627.262	 	0.0318124	 	106.997	 	0.460001	 	124	 	9.31517	 	1.47886	 	
30000	-1.24376	 	627.215	 	0.040591	 	107.224	 	0.461143	 	150	 	9.23454	 	1.46558	 	
31000	-1.24249	 	625.869	 	0.0455698	 	106.182	 	0.458832	 	114	 	9.15449	 	1.45017	 	
32000	-1.24299	 	626.339	 	0.0332847	 	106.303	 	0.45926	 	133	 	9.13978	 	1.44586	 	
33000	-1.24371	 	627.091	 	0.0293685	 	107.054	 	0.461119	 	136	 	9.16743	 	1.45201	 	
34000	-1.24313	 	626.465	 	0.0276069	 	106.793	 	0.460947	 	113	 	9.08516	 	1.44301	 	
35000	-1.2423	 	625.627	 	0.0197269	 	106.452	 	0.460416	 	110	 	9.02462	 	1.44202	 	
36000	-1.24437	 	627.76	 	0.0197876	 	107.895	 	0.464433	 	98	 	9.00668	 	1.45364	 	
37000	-1.24503	 	628.369	 	0.0158143	 	108.567	 	0.466617	 	114	 	8.94783	 	1.44628	 	
38000	-1.24432	 	627.669	 	0.00894684	 	108.396	 	0.466415	 	103	 	8.908	 	1.44681	 	
39000	-1.2436	 	626.88	 	0.0159599	 	107.368	 	0.464003	 	88	 	8.85337	 	1.4344	 	
40000	-1.2428	 	626.071	 	0.0240152	 	106.618	 	0.461463	 	83	 	8.9329	 	1.43204	 	
41000	-1.24325	 	626.58	 	0.0276402	 	107.216	 	0.462955	 	108	 	8.95227	 	1.44374	 	
42000	-1.2429	 	626.209	 	0.0259645	 	106.734	 	0.461535	 	122	 	8.97032	 	1.43922	 	
43000	-1.24253	 	625.869	 	0.0234003	 	106.553	 	0.461024	 	90	 	8.9731	 	1.44363	 	
44000	-1.24345	 	626.801	 	0.010021	 	107.394	 	0.463397	 	118	 	8.95804	 	1.44735	 	
45000	-1.24416	 	627.537	 	0.00499367	 	108.041	 	0.465115	 	126	 	8.96173	 	1.45139	 	
46000	-1.24363	 	627.026	 	0.00574337	 	107.6	 	0.463371	 	72	 	9.04807	 	1.4552	 	
47000	-1.24395	 	627.32	 	0.0094466	 	107.674	 	0.463591	 	122	 	9.04489	 	1.45125	 	
48000	-1.24426	 	627.578	 	0.00941417	 	107.724	 	0.464316	 	105	 	8.95338	 	1.44248	 	
49000	-1.24441	 	627.707	 	0.0112248	 	107.89	 	0.464927	 	147	 	8.92802	 	1.43821	 	
50000	-1.24523	 	628.57	 	0.0209247	 	108.516	 	0.466319	 	114	 	8.9729	 	1.44554	 	
51000	-1.24577	 	629.098	 	0.0233566	 	108.913	 	0.467549	 	69	 	8.94698	 	1.44422	 	
52000	-1.24548	 	628.776	 	0.0239304	 	108.654	 	0.466917	 	136	 	8.93744	 	1.43809	 	
53000	-1.24441	 	627.709	 	0.0227908	 	107.792	 	0.464573	 	80	 	8.94186	 	1.43802	 	
54000	-1.24443	 	627.709	 	0.0174364	 	107.816	 	0.464615	 	139	 	8.94538	 	1.43577	 	
55000	-1.24362	 	626.903	 	0.0220678	 	107.248	 	0.463026	 	90	 	8.95435	 	1.43428	 	
56000	-1.24288	 	626.162	 	0.0209626	 	106.772	 	0.461677	 	133	 	8.96411	 	1.43498	 	
57000	-1.24275	 	626.002	 	0.0207401	 	106.697	 	0.461844	 	96	 	8.90716	 	1.42978	 	
58000	-1.24303	 	626.277	 	0.0252014	 	106.837	 	0.462371	 	89	 	8.88438	 	1.42919	 	
59000	-1.2431	 	626.359	 	0.0160431	 	107.123	 	0.463341	 	118	 	8.85374	 	1.4302	 	
60000	-1.24304	 	626.294	 	0.00824983	 	107.126	 	0.463429	 	117	 	8.84141	 	1.43023	 	
61000	-1.24292	 	626.159	 	0.00314172	 	107.079	 	0.463534	 	123	 	8.80565	 	1.4275	 	
62000	-1.24204	 	625.269	 	0.00316637	 	106.514	 	0.462186	 	123	 	8.77838	 	1.42358	 	
63000	-1.24173	 	624.934	 	-0.00276921	 	106.286	 	0.461707	 	113	 	8.75709	 	1.42014	 	
64000	-1.24235	 	625.55	 	-0.0115409	 	106.78	 	0.463307	 	88	 	8.71592	 	1.41949	 	
65000	-1.24196	 	625.174	 	-0.0152797	 	106.459	 	0.46219	 	130	 	8.75457	 	1.42208	 	
66000	-1.24184	 	625.046	 	-0.0194177	 	106.359	 	0.461928	 	93	 	8.75316	 	1.42054	 	
67000	-1.2422	 	625.407	 	-0.0255758	 	106.551	 	0.462538	 	88	 	8.73911	 	1.42103	 	
68000	-1.24208	 	625.262	 	-0.0322002	 	106.561	 	0.462785	 	137	 	8.70533	 	1.41632	 	
69000	-1.24235	 	625.519	 	-0.0357284	 	106.683	 	0.463243	 	143	 	8.68543	 	1.41389	 	
70000	-1.24248	 	625.641	 	-0.0356659	 	106.784	 	0.463522	 	67	 	8.68463	 	1.41321	 	
71000	-1.24267	 	625.824	 	-0.0345544	 	106.786	 	0.463428	 	90	 	8.6997	 	1.41255	 	
72000	-1.24279	 	625.945	 	-0.0342271	 	107.129	 	0.464556	 	108	 	8.66851	 	1.41278	 	
73000	-1.24222	 	625.366	 	-0.0354546	 	106.83	 	0.463903	 	93	 	8.64503	 	1.41047	 	
74000	-1.242	 	625.126	 	-0.0303909	 	106.59	 	0.463271	 	123	 	8.64234	 	1.40689	 	
75000	-1.24193	 	625.058	 	-0.0263902	 	106.456	 	0.462854	 	123	 	8.65096	 	1.406	 	
76000	-1.24135	 	624.486	 	-0.0234437	 	105.992	 	0.461332	 	100	 	8.69198	 	1.40722	 	
77000	-1.24064	 	623.764	 	-0.0215998	 	105.28	 	0.459129	 	98	 	8.73341	 	1.40359	 	
78000	-1.24018	 	623.269	 	-0.0245625	 	104.89	 	0.458109	 	89	 	8.72693	 	1.39785	 	
79000	-1.23995	 	623.027	 	-0.0279856	 	104.738	 	0.457843	 	69	 	8.70433	 	1.39572	 	
80000	-1.23964	 	622.705	 	-0.0250666	 	104.61	 	0.457516	 	98	 	8.70057	 	1.3931	 	
81000	-1.23973	 	622.8	 	-0.0194236	 	104.668	 	0.45759	 	97	 	8.71345	 	1.394	 	
82000	-1.23948	 	622.543	 	-0.014424	 	104.456	 	0.45698	 	132	 	8.71811	 	1.39249	 	
83000	-1.23881	 	621.876	 	-0.011469	 	103.986	 	0.455494	 	92	 	8.74851	 	1.3912	 	
84000	-1.23881	 	621.866	 	-0.0113617	 	104.078	 	0.45583	 	85	 	8.73546	 	1.39044	 	
85000	-1.2387	 	621.756	 	-0.0142478	 	104.073	 	0.455872	 	122	 	8.72737	 	1.38979	 	
86000	-1.23848	 	621.538	 	-0.0138325	 	103.975	 	0.455659	 	91	 	8.71867	 	1.38897	 	
87000	-1.23824	 	621.295	 	-0.0165788	 	103.843	 	0.455213	 	82	 	8.73157	 	1.38883	 	
88000	-1.23832	 	621.348	 	-0.0143353	 	103.908	 	0.455451	 	108	 	8.72222	 	1.38507	 	
89000	-1.23811	 	621.144	 	-0.0117181	 	103.882	 	0.455466	 	111	 	8.7092	 	1.38517	 	
90000	-1.23865	 	621.702	 	-0.00576428	 	104.329	 	0.456598	 	91	 	8.72333	 	1.38954	 	
91000	-1.23909	 	622.173	 	-0.000284011	 	104.666	 	0.457363	 	139	 	8.74729	 	1.39506	 	
92000	-1.23879	 	621.877	 	-0.000391033	 	104.466	 	0.45684	 	136	 	8.74391	 	1.39567	 	
93000	-1.23851	 	621.601	 	-0.00229586	 	104.339	 	0.456403	 	127	 	8.75747	 	1.39556	 	
94000	-1.23781	 	620.899	 	-0.000300904	 	103.714	 	0.454586	 	133	 	8.77291	 	1.39346	 	
95000	-1.23742	 	620.501	 	0.002345	 	103.467	 	0.453944	 	107	 	8.76721	 	1.39141	 	
96000	-1.23682	 	619.907	 	0.000613958	 	103.054	 	0.452711	 	181	 	8.78143	 	1.39158	 	
97000	-1.23699	 	620.086	 	-0.00458845	 	103.287	 	0.453309	 	65	 	8.78813	 	1.39329	 	
98000	-1.23654	 	619.637	 	-0.00560816	 	102.998	 	0.452479	 	130	 	8.79294	 	1.39358	 	
99000	-1.23665	 	619.73	 	-0.00765672	 	103.022	 	0.45265	 	88	 	8.77732	 	1.39036	 	
100000	-1.23646	 	619.526	 	-0.0081965	 	102.848	 	0.452227	 	127	 	8.76839	 	1.38837	 	
101000	-1.2361	 	619.163	 	-0.00752134	 	102.458	 	0.451028	 	88	 	8.78635	 	1.38635	 	
102000	-1.2364	 	619.463	 	-0.00275578	 	102.718	 	0.451763	 	81	 	8.78428	 	1.38658	 	
103000	-1.23707	 	620.145	 	-0.00287073	 	103.187	 	0.452983	 	79	 	8.79567	 	1.38971	 	
104000	-1.23686	 	619.921	 	-0.00446625	 	102.822	 	0.45189	 	118	 	8.80849	 	1.38788	 	
105000	-1.23678	 	619.85	 	-0.00473267	 	102.749	 	0.451644	 	111	 	8.81487	 	1.38884	 	
106000	-1.23651	 	619.569	 	-0.00226882	 	102.52	 	0.451116	 	109	 	8.79918	 	1.38626	 	
107000	-1.23608	 	619.141	 	-0.00235439	 	102.219	 	0.450254	 	106	 	8.8034	 	1.38536	 	
108000	-1.23668	 	619.741	 	-0.00785556	 	102.723	 	0.451681	 	110	 	8.79848	 	1.38763	 	
109000	-1.23647	 	619.52	 	-0.00749261	 	102.516	 	0.451229	 	90	 	8.78018	 	1.38434	 	
110000	-1.23684	 	619.871	 	-0.00797645	 	102.857	 	0.452313	 	84	 	8.75921	 	1.3827	 	
111000	-1.23662	 	619.666	 	-0.00807541	 	102.692	 	0.451827	 	111	 	8.76364	 	1.38426	 	
112000	-1.23652	 	619.551	 	-0.00835031	 	102.518	 	0.451316	 	87	 	8.76803	 	1.38231	 	
113000	-1.23617	 	619.199	 	-0.0107006	 	102.141	 	0.450136	 	129	 	8.78849	 	1.38063	 	
114000	-1.23598	 	619.01	 	-0.011023	 	101.957	 	0.449482	 	84	 	8.80961	 	1.38048	 	
115000	-1.23622	 	619.257	 	-0.00854648	 	102.041	 	0.449708	 	74	 	8.81069	 	1.38231	 	
116000	-1.23626	 	619.298	 	-0.00725116	 	102.034	 	0.449718	 	87	 	8.80649	 	1.38248	 	
117000	-1.23622	 	619.245	 	-0.00608145	 	102.022	 	0.449793	 	130	 	8.79042	 	1.38039	 	
118000	-1.23608	 	619.094	 	-0.00315653	 	101.971	 	0.449795	 	125	 	8.76845	 	1.3777	 	
119000	-1.23589	 	618.897	 	-0.00415366	 	101.856	 	0.449588	 	129	 	8.75171	 	1.37657	 	
120000	-1.23581	 	618.819	 	-0.00572654	 	101.914	 	0.449811	 	103	 	8.74267	 	1.37656	 	
121000	-1.236	 	619.026	 	-0.00809029	 	102.118	 	0.45041	 	54	 	8.73752	 	1.3793	 	
122000	-1.23632	 	619.35	 	-0.0123005	 	102.361	 	0.451146	 	131	 	8.72835	 	1.38095	 	
123000	-1.23673	 	619.768	 	-0.0165297	 	102.641	 	0.451842	 	99	 	8.7403	 	1.38364	 	
124000	-1.23723	 	620.272	 	-0.0176029	 	103.005	 	0.452868	 	96	 	8.73704	 	1.38511	 	
125000	-1.23723	 	620.263	 	-0.0151078	 	102.976	 	0.452863	 	101	 	8.72601	 	1.3839	 	
126000	-1.23736	 	620.409	 	-0.0129707	 	103.095	 	0.453154	 	79	 	8.73144	 	1.38589	 	
127000	-1.23746	 	620.502	 	-0.0137858	 	103.137	 	0.453175	 	133	 	8.7458	 	1.38571	 	
128000	-1.23771	 	620.758	 	-0.0104647	 	103.316	 	0.453672	 	103	 	8.74524	 	1.38606	 	
129000	-1.23755	 	620.586	 	-0.0127973	 	103.202	 	0.453356	 	98	 	8.74545	 	1.38474	 	
130000	-1.23731	 	620.352	 	-0.0147787	 	103.059	 	0.452939	 	119	 	8.74891	 	1.38556	 	
131000	-1.23736	 	620.422	 	-0.0179787	 	103.177	 	0.453316	 	82	 	8.74116	 	1.38819	 	
132000	-1.23738	 	620.444	 	-0.0205016	 	103.11	 	0.453098	 	116	 	8.74632	 	1.38817	 	
133000	-1.23726	 	620.316	 	-0.0216613	 	102.958	 	0.452545	 	75	 	8.76627	 	1.38776	 	
134000	-1.2372	 	620.276	 	-0.021977	 	102.974	 	0.452528	 	100	 	8.77542	 	1.39113	 	
135000	-1.23697	 	620.057	 	-0.0189801	 	102.876	 	0.452257	 	108	 	8.77564	 	1.39215	 	
136000	-1.2373	 	620.387	 	-0.0191439	 	103.115	 	0.452906	 	109	 	8.77716	 	1.39327	 	
137000	-1.23716	 	620.251	 	-0.0217659	 	103.055	 	0.452785	 	99	 	8.77053	 	1.39306	 	
138000	-1.23691	 	619.992	 	-0.0211442	 	102.829	 	0.452105	 	103	 	8.77896	 	1.39204	 	
139000	-1.23678	 	619.866	 	-0.0217787	 	102.834	 	0.452225	 	104	 	8.76305	 	1.39161	 	
140000	-1.23669	 	619.776	 	-0.0235373	 	102.702	 	0.45168	 	127	 	8.79019	 	1.39093	 	
141000	-1.23711	 	620.195	 	-0.0253082	 	103.041	 	0.452627	 	77	 	8.78862	 	1.39225	 	
142000	-1.23686	 	619.946	 	-0.0273723	 	102.779	 	0.451809	 	121	 	8.80262	 	1.39229	 	
143000	-1.23695	 	620.042	 	-0.0292673	 	102.797	 	0.451764	 	91	 	8.81715	 	1.39389	 	
144000	-1.23712	 	620.22	 	-0.0292872	 	102.956	 	0.452256	 	120	 	8.8092	 	1.39484	 	
145000	-1.23714	 	620.244	 	-0.0323219	 	103.013	 	0.452428	 	65	 	8.80665	 	1.39628	 	
146000	-1.23676	 	619.877	 	-0.0339946	 	102.719	 	0.4515	 	131	 	8.8241	 	1.39741	 	
147000	-1.23658	 	619.696	 	-0.0319712	 	102.662	 	0.451392	 	139	 	8.81662	 	1.39683	 	
148000	-1.23678	 	619.9	 	-0.0318427	 	102.831	 	0.451867	 	98	 	8.81565	 	1.39707	 	
149000	-1.23696	 	620.079	 	-0.0312036	 	102.981	 	0.452291	 	84	 	8.8142	 	1.39844	 	
150000	-1.23705	 	620.166	 	-0.0302525	 	103.044	 	0.452519	 	132	 	8.80593	 	1.39813	 	
151000	-1.23704	 	620.164	 	-0.0297998	 	103.055	 	0.452553	 	91	 	8.80559	 	1.3993	 	
152000	-1.23684	 	619.961	 	-0.0288976	 	102.91	 	0.452187	 	109	 	8.8003	 	1.39842	 	
153000	-1.23706	 	620.187	 	-0.0323948	 	103.151	 	0.452917	 	115	 	8.79052	 	1.39863	 	
154000	-1.23704	 	620.168	 	-0.0325552	 	103.074	 	0.452677	 	99	 	8.79479	 	1.39859	 	
155000	-1.23665	 	619.764	 	-0.0317766	 	102.737	 	0.451629	 	90	 	8.81253	 	1.39674	 	
156000	-1.23637	 	619.488	 	-0.0332129	 	102.521	 	0.451049	 	142	 	8.80955	 	1.39563	 	
157000	-1.23647	 	619.584	 	-0.0353979	 	102.568	 	0.451151	 	123	 	8.81367	 	1.39623	 	
158000	-1.23641	 	619.528	 	-0.0375474	 	102.514	 	0.450971	 	108	 	8.81832	 	1.39683	 	
159000	-1.23668	 	619.802	 	-0.040454	 	102.683	 	0.451389	 	139	 	8.82605	 	1.39825	 	
160000	-1.23668	 	619.797	 	-0.0407012	 	102.643	 	0.451337	 	124	 	8.8172	 	1.39688	 	
161000	-1.23653	 	619.652	 	-0.038947	 	102.497	 	0.450816	 	87	 	8.83448	 	1.39818	 	
162000	-1.23678	 	619.906	 	-0.0378924	 	102.724	 	0.451481	 	107	 	8.82913	 	1.39879	 	
163000	-1.23666	 	619.795	 	-0.0373254	 	102.66	 	0.451246	 	115	 	8.83774	 	1.39911	 	
164000	-1.23653	 	619.662	 	-0.0378066	 	102.519	 	0.450764	 	118	 	8.85166	 	1.39845	 	
165000	-1.23643	 	619.565	 	-0.039754	 	102.426	 	0.450477	 	84	 	8.85574	 	1.39887	 	
166000	-1.23645	 	619.588	 	-0.0422415	 	102.448	 	0.450564	 	106	 	8.85186	 	1.40011	 	
167000	-1.23658	 	619.719	 	-0.0451326	 	102.586	 	0.451011	 	98	 	8.84222	 	1.40068	 	
168000	-1.23639	 	619.526	 	-0.0441924	 	102.445	 	0.450655	 	87	 	8.83713	 	1.39958	 	
169000	-1.23659	 	619.723	 	-0.043843	 	102.608	 	0.451118	 	140	 	8.83524	 	1.40022	 	
170000	-1.23664	 	619.776	 	-0.0456852	 	102.593	 	0.451076	 	115	 	8.83573	 	1.40056	 	
171000	-1.23655	 	619.68	 	-0.0452318	 	102.49	 	0.450829	 	106	 	8.82956	 	1.39937	 	
172000	-1.23638	 	619.517	 	-0.0442767	 	102.453	 	0.450791	 	89	 	8.81991	 	1.39986	 	
173000	-1.23676	 	619.895	 	-0.0441202	 	102.743	 	0.451624	 	101	 	8.81555	 	1.40104	 	
174000	-1.23681	 	619.948	 	-0.041717	 	102.819	 	0.451877	 	65	 	8.80888	 	1.40085	 	
175000	-1.23678	 	619.921	 	-0.0398396	 	102.81	 	0.451821	 	126	 	8.8139	 	1.40148	 	
176000	-1.23634	 	619.489	 	-0.0395188	 	102.466	 	0.450769	 	125	 	8.82866	 	1.40158	 	
177000	-1.2362	 	619.345	 	-0.0398116	 	102.343	 	0.450472	 	118	 	8.82188	 	1.4004	 	
178000	-1.2361	 	619.255	 	-0.0405467	 	102.313	 	0.45039	 	98	 	8.82204	 	1.40178	 	
179000	-1.23605	 	619.202	 	-0.0389846	 	102.224	 	0.450061	 	101	 	8.83415	 	1.4015	 	
180000	-1.23603	 	619.178	 	-0.0374539	 	102.212	 	0.450005	 	113	 	8.83763	 	1.40171	 	
181000	-1.23629	 	619.446	 	-0.0350252	 	102.371	 	0.450441	 	110	 	8.83838	 	1.40311	 	
182000	-1.23634	 	619.493	 	-0.0337181	 	102.409	 	0.450628	 	114	 	8.82594	 	1.40236	 	
183000	-1.23631	 	619.461	 	-0.0339395	 	102.407	 	0.45065	 	87	 	8.82227	 	1.40124	 	
184000	-1.23625	 	619.386	 	-0.0352838	 	102.338	 	0.450454	 	115	 	8.82281	 	1.39997	 	
185000	-1.23579	 	618.926	 	-0.0349993	 	101.946	 	0.449193	 	82	 	8.84834	 	1.39903	 	
186000	-1.23561	 	618.751	 	-0.034803	 	101.839	 	0.448898	 	129	 	8.8479	 	1.39821	 	
187000	-1.23557	 	618.706	 	-0.0351904	 	101.825	 	0.44886	 	121	 	8.84766	 	1.39844	 	
188000	-1.23569	 	618.835	 	-0.0327799	 	101.927	 	0.449152	 	123	 	8.84681	 	1.39921	 	
189000	-1.23576	 	618.891	 	-0.0340501	 	101.958	 	0.449302	 	100	 	8.83704	 	1.39739	 	
190000	-1.23579	 	618.922	 	-0.0358653	 	101.958	 	0.449243	 	60	 	8.84585	 	1.39764	 	
191000	-1.23607	 	619.215	 	-0.0373622	 	102.173	 	0.449753	 	125	 	8.85917	 	1.40095	 	
192000	-1.23591	 	619.056	 	-0.0384046	 	102.089	 	0.449471	 	115	 	8.86632	 	1.40073	 	
193000	-1.23585	 	619.004	 	-0.0367055	 	101.979	 	0.449037	 	101	 	8.88553	 	1.40122	 	
194000	-1.23587	 	619.018	 	-0.0387478	 	101.976	 	0.449052	 	76	 	8.88205	 	1.40082	 	
195000	-1.23598	 	619.131	 	-0.0392127	 	102.08	 	0.4494	 	86	 	8.8732	 	1.4012	 	
196000	-1.236	 	619.144	 	-0.0376817	 	102.131	 	0.449566	 	58	 	8.86968	 	1.40113	 	
197000	-1.23591	 	619.07	 	-0.0365655	 	102.073	 	0.449323	 	137	 	8.88188	 	1.40265	 	
198000	-1.23606	 	619.225	 	-0.0392497	 	102.266	 	0.449922	 	154	 	8.87258	 	1.40336	 	
199000	-1.23599	 	619.148	 	-0.039898	 	102.183	 	0.449717	 	125	 	8.86867	 	1.40234	 	
200000	-1.23589	 	619.049	 	-0.038018	 	102.093	 	0.449463	 	126	 	8.86936	 	1.4025	 	
201000	-1.23603	 	619.201	 	-0.0391913	 	102.203	 	0.449731	 	80	 	8.87497	 	1.40504	 	
202000	-1.23597	 	619.136	 	-0.0408325	 	102.129	 	0.449574	 	138	 	8.86762	 	1.40345	 	
203000	-1.23605	 	619.215	 	-0.0429694	 	102.207	 	0.449803	 	87	 	8.86583	 	1.40429	 	
204000	-1.23637	 	619.537	 	-0.0400171	 	102.41	 	0.450359	 	96	 	8.86683	 	1.40565	 	
205000	-1.23643	 	619.6	 	-0.0373953	 	102.489	 	0.450608	 	118	 	8.86253	 	1.40543	 	
206000	-1.23648	 	619.649	 	-0.0362369	 	102.506	 	0.450597	 	128	 	8.87138	 	1.40551	 	
207000	-1.23661	 	619.774	 	-0.0349207	 	102.583	 	0.450845	 	77	 	8.86592	 	1.40466	 	
208000	-1.23669	 	619.846	 	-0.0343303	 	102.645	 	0.451076	 	111	 	8.8574	 	1.40419	 	
209000	-1.23685	 	620.006	 	-0.0364471	 	102.743	 	0.451327	 	123	 	8.86026	 	1.40434	 	
210000	-1.23669	 	619.843	 	-0.0373893	 	102.592	 	0.450808	 	128	 	8.87521	 	1.40379	 	
211000	-1.23654	 	619.701	 	-0.0376307	 	102.535	 	0.450649	 	129	 	8.8756	 	1.40391	 	
212000	-1.23659	 	619.759	 	-0.0396672	 	102.567	 	0.450749	 	153	 	8.87394	 	1.40533	 	
213000	-1.23654	 	619.699	 	-0.0403788	 	102.541	 	0.450713	 	93	 	8.86831	 	1.40416	 	
214000	-1.23671	 	619.875	 	-0.0409704	 	102.648	 	0.450971	 	58	 	8.87428	 	1.40465	 	
215000	-1.237	 	620.169	 	-0.0432271	 	102.854	 	0.451495	 	120	 	8.88144	 	1.40659	 	
216000	-1.23719	 	620.354	 	-0.0435168	 	102.984	 	0.451845	 	128	 	8.88264	 	1.40619	 	
217000	-1.23726	 	620.423	 	-0.0443693	 	102.992	 	0.451863	 	124	 	8.88342	 	1.40546	 	
218000	-1.23739	 	620.553	 	-0.0431525	 	103.043	 	0.451948	 	88	 	8.89165	 	1.40607	 	
219000	-1.23736	 	620.509	 	-0.0434142	 	102.961	 	0.451779	 	102	 	8.88281	 	1.40392	 	
220000	-1.2377	 	620.857	 	-0.0436771	 	103.229	 	0.452477	 	90	 	8.88956	 	1.40546	 	
221000	-1.23776	 	620.917	 	-0.0436758	 	103.313	 	0.452718	 	108	 	8.88816	 	1.40564	 	
222000	-1.23789	 	621.045	 	-0.0425398	 	103.415	 	0.452999	 	61	 	8.88813	 	1.40651	 	
223000	-1.23774	 	620.894	 	-0.04391	 	103.321	 	0.452759	 	121	 	8.88517	 	1.40533	 	
224000	-1.23781	 	620.971	 	-0.0457852	 	103.378	 	0.452852	 	122	 	8.89512	 	1.40714	 	
225000	-1.23795	 	621.125	 	-0.0452075	 	103.496	 	0.453142	 	71	 	8.90028	 	1.4088	 	
226000	-1.23816	 	621.341	 	-0.0444754	 	103.668	 	0.453576	 	117	 	8.90663	 	1.41002	 	
227000	-1.23799	 	621.164	 	-0.0444683	 	103.537	 	0.45317	 	121	 	8.91317	 	1.40981	 	
228000	-1.23814	 	621.315	 	-0.0433524	 	103.684	 	0.453603	 	91	 	8.90897	 	1.40986	 	
229000	-1.2383	 	621.479	 	-0.0422864	 	103.837	 	0.454062	 	88	 	8.90335	 	1.41079	 	
230000	-1.23844	 	621.624	 	-0.0419245	 	103.913	 	0.4543	 	109	 	8.89896	 	1.41082	 	
231000	-1.2386	 	621.784	 	-0.0421912	 	104.068	 	0.454715	 	131	 	8.90069	 	1.41234	 	
232000	-1.23868	 	621.864	 	-0.0428102	 	104.124	 	0.454871	 	101	 	8.90025	 	1.41232	 	
233000	-1.23875	 	621.935	 	-0.043252	 	104.157	 	0.454917	 	139	 	8.90721	 	1.41273	 	
234000	-1.23861	 	621.803	 	-0.0418741	 	104.055	 	0.454567	 	93	 	8.91772	 	1.41327	 	
235000	-1.2387	 	621.898	 	-0.0414016	 	104.115	 	0.454667	 	123	 	8.92744	 	1.41521	 	
236000	-1.23899	 	622.203	 	-0.0410651	 	104.335	 	0.455292	 	137	 	8.9244	 	1.41695	 	
237000	-1.23909	 	622.302	 	-0.0418729	 	104.46	 	0.455684	 	91	 	8.91725	 	1.41694	 	
238000	-1.23916	 	622.369	 	-0.0432346	 	104.5	 	0.455814	 	117	 	8.91406	 	1.41649	 	
239000	-1.23916	 	622.378	 	-0.0446803	 	104.551	 	0.455946	 	116	 	8.91513	 	1.41804	 	
240000	-1.23921	 	622.43	 	-0.045172	 	104.627	 	0.456112	 	100	 	8.92151	 	1.41911	 	
241000	-1.23924	 	622.468	 	-0.043041	 	104.702	 	0.45636	 	91	 	8.91495	 	1.41953	 	
242000	-1.23925	 	622.486	 	-0.0420164	 	104.735	 	0.456365	 	139	 	8.92809	 	1.42173	 	
243000	-1.23913	 	622.371	 	-0.0408082	 	104.615	 	0.455985	 	78	 	8.93588	 	1.42176	 	
244000	-1.23917	 	622.408	 	-0.041162	 	104.638	 	0.456013	 	119	 	8.94104	 	1.42254	 	
245000	-1.23933	 	622.567	 	-0.0403046	 	104.792	 	0.456453	 	97	 	8.93862	 	1.42248	 	
246000	-1.23929	 	622.521	 	-0.0393074	 	104.733	 	0.456277	 	87	 	8.94077	 	1.4214	 	
247000	-1.2394	 	622.637	 	-0.0379697	 	104.82	 	0.456505	 	120	 	8.94232	 	1.42176	 	
248000	-1.23936	 	622.593	 	-0.0366719	 	104.796	 	0.456441	 	99	 	8.9419	 	1.42135	 	
249000	-1.23907	 	622.307	 	-0.0360893	 	104.552	 	0.455637	 	99	 	8.96248	 	1.42146	 	
250000	-1.23888	 	622.116	 	-0.035888	 	104.372	 	0.455078	 	134	 	8.97245	 	1.42122	 	
251000	-1.23877	 	622.005	 	-0.0371844	 	104.283	 	0.454854	 	86	 	8.96939	 	1.42077	 	
252000	-1.23887	 	622.097	 	-0.0387835	 	104.331	 	0.455016	 	111	 	8.96469	 	1.42048	 	
253000	-1.23892	 	622.149	 	-0.03774	 	104.386	 	0.45519	 	97	 	8.96102	 	1.42019	 	
254000	-1.23895	 	622.175	 	-0.035801	 	104.4	 	0.455232	 	64	 	8.96042	 	1.41971	 	
255000	-1.23894	 	622.169	 	-0.0341367	 	104.39	 	0.455202	 	137	 	8.96107	 	1.41938	 	
256000	-1.23901	 	622.238	 	-0.0332586	 	104.456	 	0.455396	 	69	 	8.95897	 	1.41931	 	
257000	-1.23882	 	622.046	 	-0.0338103	 	104.34	 	0.455088	 	82	 	8.9574	 	1.41902	 	
258000	-1.23881	 	622.026	 	-0.0353725	 	104.352	 	0.455127	 	90	 	8.95665	 	1.41787	 	
259000	-1.23895	 	622.161	 	-0.0353314	 	104.478	 	0.455535	 	113	 	8.94736	 	1.41689	 	
260000	-1.23888	 	622.092	 	-0.0355625	 	104.399	 	0.455292	 	89	 	8.95087	 	1.41651	 	
261000	-1.23893	 	622.139	 	-0.0344197	 	104.462	 	0.455516	 	93	 	8.94343	 	1.41599	 	
262000	-1.23867	 	621.876	 	-0.0335805	 	104.305	 	0.455068	 	96	 	8.94605	 	1.41601	 	
263000	-1.23842	 	621.631	 	-0.0334461	 	104.129	 	0.454539	 	96	 	8.95277	 	1.41612	 	
264000	-1.23825	 	621.457	 	-0.0326622	 	103.958	 	0.454025	 	110	 	8.95956	 	1.41521	 	
265000	-1.23801	 	621.216	 	-0.0326184	 	103.776	 	0.453458	 	136	 	8.96911	 	1.41508	 	
266000	-1.2379	 	621.107	 	-0.0324759	 	103.681	 	0.453186	 	106	 	8.97071	 	1.41444	 	
267000	-1.23789	 	621.092	 	-0.0322654	 	103.694	 	0.453218	 	118	 	8.97134	 	1.41432	 	
268000	-1.23789	 	621.092	 	-0.0315906	 	103.701	 	0.453252	 	79	 	8.96905	 	1.41391	 	
269000	-1.23803	 	621.228	 	-0.0293972	 	103.828	 	0.453645	 	86	 	8.96263	 	1.41422	 	
270000	-1.23792	 	621.119	 	-0.0277948	 	103.754	 	0.453469	 	122	 	8.95845	 	1.4129	 	
271000	-1.23809	 	621.283	 	-0.0255328	 	103.918	 	0.453955	 	92	 	8.95318	 	1.41337	 	
272000	-1.23815	 	621.348	 	-0.0242145	 	103.974	 	0.454122	 	95	 	8.9513	 	1.41376	 	
273000	-1.23807	 	621.281	 	-0.0242237	 	103.907	 	0.453833	 	87	 	8.96736	 	1.41496	 	
274000	-1.23814	 	621.353	 	-0.0239578	 	103.916	 	0.453857	 	123	 	8.96734	 	1.41536	 	
275000	-1.2381	 	621.306	 	-0.0227012	 	103.906	 	0.453872	 	110	 	8.96103	 	1.41419	 	
276000	-1.2381	 	621.298	 	-0.0216394	 	103.91	 	0.453922	 	102	 	8.95515	 	1.414	 	
277000	-1.2379	 	621.095	 	-0.0221173	 	103.73	 	0.453343	 	111	 	8.96732	 	1.41289	 	
278000	-1.23792	 	621.119	 	-0.0235718	 	103.759	 	0.45341	 	95	 	8.96962	 	1.41292	 	
279000	-1.23796	 	621.158	 	-0.0244227	 	103.801	 	0.453499	 	155	 	8.97366	 	1.41281	 	
280000	-1.23798	 	621.17	 	-0.0258688	 	103.804	 	0.453532	 	92	 	8.96955	 	1.4121	 	
281000	-1.23809	 	621.288	 	-0.0261844	 	103.933	 	0.453899	 	114	 	8.96798	 	1.41278	 	
282000	-1.23805	 	621.246	 	-0.027409	 	103.921	 	0.453926	 	146	 	8.95915	 	1.41233	 	
283000	-1.2381	 	621.301	 	-0.0280186	 	103.989	 	0.454134	 	80	 	8.95592	 	1.41373	 	
284000	-1.23819	 	621.381	 	-0.0267527	 	104.043	 	0.45435	 	134	 	8.94546	 	1.41277	 	
285000	-1.23824	 	621.444	 	-0.0270201	 	104.114	 	0.454545	 	84	 	8.94564	 	1.41394	 	
286000	-1.23818	 	621.382	 	-0.028336	 	104.063	 	0.454395	 	117	 	8.94696	 	1.41373	 	
287000	-1.23807	 	621.272	 	-0.028706	 	103.973	 	0.454115	 	126	 	8.95224	 	1.41366	 	
288000	-1.23799	 	621.185	 	-0.0286986	 	103.924	 	0.454084	 	112	 	8.93647	 	1.41202	 	
289000	-1.23816	 	621.357	 	-0.028906	 	104.054	 	0.454384	 	119	 	8.94508	 	1.41324	 	
290000	-1.23832	 	621.507	 	-0.0278456	 	104.178	 	0.454776	 	124	 	8.93743	 	1.41243	 	
291000	-1.23836	 	621.546	 	-0.0291213	 	104.204	 	0.454867	 	103	 	8.9342	 	1.41204	 	
292000	-1.23835	 	621.54	 	-0.0300581	 	104.195	 	0.454825	 	118	 	8.9372	 	1.41179	 	
293000	-1.2384	 	621.581	 	-0.0311906	 	104.235	 	0.454953	 	94	 	8.93442	 	1.41152	 	
294000	-1.23851	 	621.691	 	-0.0327878	 	104.344	 	0.455289	 	117	 	8.92856	 	1.41144	 	
295000	-1.23821	 	621.394	 	-0.032797	 	104.11	 	0.454586	 	109	 	8.93776	 	1.41103	 	
296000	-1.23829	 	621.471	 	-0.0312949	 	104.193	 	0.454868	 	98	 	8.92941	 	1.41061	 	
297000	-1.23825	 	621.438	 	-0.0316446	 	104.175	 	0.454743	 	104	 	8.94109	 	1.41156	 	
298000	-1.23827	 	621.455	 	-0.032245	 	104.195	 	0.454797	 	74	 	8.941	 	1.41112	 	
299000	-1.23808	 	621.258	 	-0.0313286	 	104.027	 	0.454286	 	103	 	8.94851	 	1.41074	 	
300000	-1.238	 	621.183	 	-0.0324931	 	103.995	 	0.454241	 	99	 	8.9421	 	1.41051	 	
301000	-1.23801	 	621.196	 	-0.0328654	 	104	 	0.454245	 	124	 	8.94359	 	1.41043	 	
302000	-1.23781	 	620.995	 	-0.0330179	 	103.846	 	0.453806	 	97	 	8.9458	 	1.41027	 	
303000	-1.23786	 	621.041	 	-0.0328403	 	103.858	 	0.453808	 	100	 	8.95067	 	1.41058	 	
304000	-1.23784	 	621.024	 	-0.031931	 	103.81	 	0.453609	 	122	 	8.9607	 	1.41062	 	
305000	-1.23777	 	620.948	 	-0.0310487	 	103.749	 	0.453456	 	99	 	8.95844	 	1.41026	 	
306000	-1.23762	 	620.808	 	-0.0310686	 	103.646	 	0.453137	 	99	 	8.96353	 	1.41108	 	
307000	-1.23739	 	620.584	 	-0.0309282	 	103.498	 	0.452729	 	109	 	8.96359	 	1.41106	 	
308000	-1.23728	 	620.467	 	-0.0296918	 	103.391	 	0.452451	 	110	 	8.96097	 	1.41011	 	
309000	-1.23709	 	620.279	 	-0.0292867	 	103.202	 	0.451833	 	102	 	8.97523	 	1.40936	 	
310000	-1.23715	 	620.325	 	-0.0301503	 	103.244	 	0.451986	 	120	 	8.96958	 	1.40828	 	
311000	-1.23706	 	620.235	 	-0.0306956	 	103.185	 	0.451827	 	92	 	8.96931	 	1.4079	 	
312000	-1.23712	 	620.291	 	-0.0319752	 	103.23	 	0.452004	 	119	 	8.9612	 	1.40714	 	
313000	-1.23713	 	620.302	 	-0.033449	 	103.264	 	0.452136	 	114	 	8.95559	 	1.40735	 	
314000	-1.23721	 	620.388	 	-0.0344068	 	103.346	 	0.452374	 	99	 	8.95391	 	1.40781	 	
315000	-1.23733	 	620.505	 	-0.0332793	 	103.423	 	0.452588	 	86	 	8.95372	 	1.40783	 	
316000	-1.23733	 	620.507	 	-0.0325558	 	103.427	 	0.452588	 	85	 	8.95544	 	1.40803	 	
317000	-1.23742	 	620.602	 	-0.0308642	 	103.491	 	0.452753	 	127	 	8.95687	 	1.40883	 	
318000	-1.2375	 	620.681	 	-0.030526	 	103.539	 	0.452849	 	95	 	8.96251	 	1.40958	 	
319000	-1.23757	 	620.759	 	-0.0307301	 	103.609	 	0.453011	 	110	 	8.9672	 	1.41065	 	
320000	-1.23761	 	620.798	 	-0.0304547	 	103.639	 	0.453106	 	147	 	8.96553	 	1.41099	 	
321000	-1.23764	 	620.827	 	-0.0303007	 	103.653	 	0.453164	 	111	 	8.96249	 	1.41061	 	
322000	-1.23766	 	620.845	 	-0.0314632	 	103.636	 	0.453136	 	96	 	8.95986	 	1.41053	 	
323000	-1.23782	 	621.007	 	-0.0306987	 	103.749	 	0.453463	 	103	 	8.95733	 	1.41063	 	
324000	-1.23775	 	620.933	 	-0.029454	 	103.695	 	0.453331	 	109	 	8.95473	 	1.41029	 	
325000	-1.23791	 	621.096	 	-0.0276792	 	103.829	 	0.453726	 	131	 	8.9508	 	1.41085	 	
326000	-1.23773	 	620.915	 	-0.0281323	 	103.683	 	0.453346	 	140	 	8.94738	 	1.40976	 	
327000	-1.23757	 	620.75	 	-0.0282754	 	103.547	 	0.452933	 	133	 	8.95326	 	1.40963	 	
328000	-1.23761	 	620.799	 	-0.0296418	 	103.579	 	0.453018	 	121	 	8.95376	 	1.4103	 	
329000	-1.23766	 	620.839	 	-0.0292106	 	103.579	 	0.453027	 	88	 	8.95237	 	1.41022	 	
330000	-1.23767	 	620.859	 	-0.0276967	 	103.605	 	0.453105	 	89	 	8.95151	 	1.41044	 	
331000	-1.23762	 	620.801	 	-0.0266863	 	103.55	 	0.452943	 	105	 	8.95282	 	1.40971	 	
332000	-1.23776	 	620.948	 	-0.0259426	 	103.682	 	0.453295	 	74	 	8.95466	 	1.41065	 	
333000	-1.2379	 	621.086	 	-0.0241528	 	103.795	 	0.453646	 	107	 	8.94883	 	1.41081	 	
334000	-1.238	 	621.189	 	-0.02254	 	103.878	 	0.45386	 	116	 	8.95092	 	1.41141	 	
335000	-1.23787	 	621.058	 	-0.0224537	 	103.791	 	0.453679	 	127	 	8.94213	 	1.41058	 	
336000	-1.23791	 	621.095	 	-0.0209626	 	103.815	 	0.453759	 	109	 	8.94001	 	1.41096	 	
337000	-1.23798	 	621.171	 	-0.0197105	 	103.829	 	0.453752	 	123	 	8.94675	 	1.41125	 	
338000	-1.23783	 	621.012	 	-0.0188203	 	103.678	 	0.453354	 	115	 	8.94414	 	1.4102	 	
339000	-1.23785	 	621.033	 	-0.0184931	 	103.692	 	0.453399	 	99	 	8.94316	 	1.41078	 	
340000	-1.23791	 	621.099	 	-0.0173512	 	103.733	 	0.453468	 	114	 	8.94979	 	1.41246	 	
341000	-1.23801	 	621.207	 	-0.0171132	 	103.781	 	0.453558	 	104	 	8.95633	 	1.41359	 	
342000	-1.2383	 	621.509	 	-0.0177183	 	103.988	 	0.454107	 	93	 	8.95954	 	1.41522	 	
343000	-1.23827	 	621.473	 	-0.0185958	 	103.981	 	0.454123	 	96	 	8.95404	 	1.41498	 	
344000	-1.23837	 	621.575	 	-0.0172588	 	104.056	 	0.45437	 	80	 	8.94793	 	1.41451	 	
345000	-1.23837	 	621.574	 	-0.0160385	 	104.055	 	0.454355	 	109	 	8.94983	 	1.41443	 	
346000	-1.23827	 	621.471	 	-0.0153595	 	103.957	 	0.454055	 	97	 	8.95422	 	1.41432	 	
347000	-1.23806	 	621.261	 	-0.0155046	 	103.779	 	0.453525	 	117	 	8.96043	 	1.41387	 	
348000	-1.23803	 	621.23	 	-0.0145703	 	103.753	 	0.453434	 	80	 	8.96328	 	1.4136	 	
349000	-1.23803	 	621.24	 	-0.013843	 	103.77	 	0.453435	 	124	 	8.97025	 	1.41449	 	
350000	-1.238	 	621.208	 	-0.0126434	 	103.754	 	0.45339	 	100	 	8.97034	 	1.41454	 	
351000	-1.23815	 	621.362	 	-0.0112861	 	103.862	 	0.453672	 	143	 	8.97277	 	1.41525	 	
352000	-1.23816	 	621.368	 	-0.0109015	 	103.875	 	0.453729	 	93	 	8.96966	 	1.41488	 	
353000	-1.23819	 	621.396	 	-0.0107161	 	103.929	 	0.453915	 	99	 	8.96374	 	1.41475	 	
354000	-1.23829	 	621.487	 	-0.00922441	 	103.979	 	0.454108	 	136	 	8.95544	 	1.41367	 	
355000	-1.23825	 	621.453	 	-0.00811563	 	103.971	 	0.454108	 	116	 	8.95227	 	1.4138	 	
356000	-1.23827	 	621.465	 	-0.00697138	 	103.952	 	0.454069	 	59	 	8.95033	 	1.41368	 	
357000	-1.23817	 	621.369	 	-0.00712105	 	103.871	 	0.453796	 	96	 	8.9578	 	1.41372	 	
358000	-1.23821	 	621.403	 	-0.00730582	 	103.907	 	0.453928	 	101	 	8.95263	 	1.4133	 	
359000	-1.23824	 	621.433	 	-0.00827713	 	103.964	 	0.454125	 	101	 	8.94686	 	1.41288	 	
360000	-1.23825	 	621.44	 	-0.00904219	 	103.996	 	0.454242	 	101	 	8.94241	 	1.41238	 	
361000	-1.23838	 	621.576	 	-0.0090504	 	104.082	 	0.454463	 	128	 	8.94448	 	1.41353	 	
362000	-1.23848	 	621.674	 	-0.0100177	 	104.166	 	0.454738	 	116	 	8.93789	 	1.4141	 	
363000	-1.2384	 	621.593	 	-0.0106841	 	104.104	 	0.454575	 	92	 	8.93691	 	1.41384	 	
364000	-1.23837	 	621.566	 	-0.010716	 	104.085	 	0.454537	 	81	 	8.93498	 	1.41354	 	
365000	-1.23839	 	621.588	 	-0.00950137	 	104.095	 	0.454538	 	109	 	8.93896	 	1.41402	 	
366000	-1.23832	 	621.515	 	-0.00927026	 	104.078	 	0.454506	 	63	 	8.93636	 	1.41398	 	
367000	-1.23835	 	621.554	 	-0.00796544	 	104.122	 	0.454628	 	109	 	8.93624	 	1.41429	 	
368000	-1.23836	 	621.564	 	-0.00716917	 	104.127	 	0.454645	 	81	 	8.93603	 	1.41418	 	
369000	-1.23845	 	621.654	 	-0.00838351	 	104.176	 	0.454725	 	132	 	8.9443	 	1.41509	 	
370000	-1.2383	 	621.508	 	-0.00859491	 	104.058	 	0.454383	 	85	 	8.94667	 	1.41472	 	
371000	-1.23846	 	621.667	 	-0.00969117	 	104.181	 	0.454724	 	95	 	8.94625	 	1.41564	 	
372000	-1.23852	 	621.732	 	-0.0105371	 	104.253	 	0.45494	 	93	 	8.94381	 	1.41593	 	
373000	-1.2386	 	621.812	 	-0.0105088	 	104.337	 	0.455193	 	123	 	8.94036	 	1.41626	 	
374000	-1.23853	 	621.734	 	-0.00951961	 	104.298	 	0.455107	 	124	 	8.93723	 	1.41573	 	
375000	-1.23845	 	621.654	 	-0.00862577	 	104.245	 	0.454968	 	123	 	8.93597	 	1.41552	 	
376000	-1.23836	 	621.568	 	-0.00835257	 	104.178	 	0.454753	 	80	 	8.9407	 	1.41556	 	
377000	-1.23838	 	621.592	 	-0.00760724	 	104.181	 	0.454721	 	106	 	8.9468	 	1.41634	 	
378000	-1.2384	 	621.613	 	-0.00694653	 	104.231	 	0.454891	 	109	 	8.94192	 	1.41597	 	
379000	-1.2385	 	621.705	 	-0.00669836	 	104.304	 	0.455131	 	129	 	8.93602	 	1.4157	 	
380000	-1.23853	 	621.739	 	-0.00570488	 	104.344	 	0.455238	 	133	 	8.93636	 	1.41656	 	
381000	-1.2385	 	621.709	 	-0.00652323	 	104.345	 	0.455243	 	77	 	8.9361	 	1.41652	 	
382000	-1.23857	 	621.779	 	-0.00778334	 	104.394	 	0.455384	 	128	 	8.93507	 	1.41635	 	
383000	-1.23851	 	621.717	 	-0.00852993	 	104.312	 	0.455112	 	81	 	8.94209	 	1.41587	 	
384000	-1.23844	 	621.644	 	-0.00913951	 	104.248	 	0.454921	 	131	 	8.9445	 	1.41535	 	
385000	-1.23849	 	621.695	 	-0.0104239	 	104.294	 	0.45505	 	101	 	8.94417	 	1.41595	 	
386000	-1.23859	 	621.793	 	-0.0117645	 	104.355	 	0.45524	 	101	 	8.94083	 	1.41596	 	
387000	-1.2385	 	621.714	 	-0.0125545	 	104.312	 	0.455067	 	114	 	8.949	 	1.41608	 	
388000	-1.23852	 	621.731	 	-0.0132263	 	104.311	 	0.455046	 	87	 	8.95159	 	1.41635	 	
389000	-1.23847	 	621.68	 	-0.0125421	 	104.265	 	0.4549	 	106	 	8.95473	 	1.41616	 	
390000	-1.23848	 	621.688	 	-0.011623	 	104.274	 	0.454953	 	114	 	8.95034	 	1.41578	 	
391000	-1.23856	 	621.771	 	-0.0103717	 	104.334	 	0.455104	 	115	 	8.95248	 	1.41631	 	
392000	-1.23857	 	621.788	 	-0.00939327	 	104.348	 	0.455123	 	131	 	8.95555	 	1.41712	 	
393000	-1.2385	 	621.716	 	-0.00934902	 	104.315	 	0.455077	 	115	 	8.94866	 	1.41681	 	
394000	-1.23858	 	621.793	 	-0.00955237	 	104.385	 	0.455303	 	109	 	8.94357	 	1.41733	 	
395000	-1.23851	 	621.731	 	-0.00929242	 	104.353	 	0.455249	 	109	 	8.93864	 	1.41762	 	
396000	-1.23837	 	621.586	 	-0.00898633	 	104.264	 	0.454996	 	141	 	8.93978	 	1.41748	 	
397000	-1.23836	 	621.576	 	-0.00948775	 	104.235	 	0.454884	 	122	 	8.94456	 	1.4176	 	
398000	-1.23846	 	621.677	 	-0.0101237	 	104.294	 	0.455067	 	93	 	8.94131	 	1.41742	 	
399000	-1.23844	 	621.653	 	-0.0110794	 	104.277	 	0.455068	 	132	 	8.93443	 	1.41642	 	
400000	-1.23845	 	621.655	 	-0.0115285	 	104.275	 	0.455095	 	87	 	8.92955	 	1.41589	 	
401000	-1.23844	 	621.649	 	-0.0126521	 	104.271	 	0.455125	 	110	 	8.92291	 	1.41536	 	
402000	-1.23845	 	621.661	 	-0.0137511	 	104.286	 	0.455159	 	119	 	8.92434	 	1.41556	 	
403000	-1.23854	 	621.748	 	-0.0144428	 	104.349	 	0.455352	 	83	 	8.92117	 	1.41515	 	
404000	-1.23848	 	621.689	 	-0.0141177	 	104.314	 	0.455233	 	123	 	8.92479	 	1.41547	 	
405000	-1.23858	 	621.79	 	-0.0135574	 	104.374	 	0.455417	 	118	 	8.92198	 	1.41599	 	
406000	-1.23856	 	621.765	 	-0.0133103	 	104.354	 	0.455381	 	103	 	8.91887	 	1.41522	 	
407000	-1.23866	 	621.868	 	-0.0121688	 	104.436	 	0.455621	 	107	 	8.91673	 	1.41584	 	
408000	-1.23875	 	621.956	 	-0.0121208	 	104.51	 	0.455847	 	126	 	8.91316	 	1.41586	 	
409000	-1.23873	 	621.937	 	-0.0116194	 	104.505	 	0.455832	 	124	 	8.91325	 	1.41585	 	
410000	-1.23871	 	621.914	 	-0.010452	 	104.501	 	0.455863	 	90	 	8.90691	 	1.41517	 	
411000	-1.23869	 	621.896	 	-0.0098626	 	104.525	 	0.45594	 	117	 	8.90509	 	1.41559	 	
412000	-1.23875	 	621.952	 	-0.00999705	 	104.567	 	0.456072	 	70	 	8.90254	 	1.41551	 	
413000	-1.23885	 	622.056	 	-0.00995516	 	104.638	 	0.456281	 	109	 	8.90038	 	1.41561	 	
414000	-1.23897	 	622.177	 	-0.00868553	 	104.715	 	0.456453	 	113	 	8.90635	 	1.41668	 	
415000	-1.23896	 	622.165	 	-0.00766305	 	104.733	 	0.456488	 	121	 	8.9085	 	1.4166	 	
416000	-1.23896	 	622.158	 	-0.0087547	 	104.714	 	0.456502	 	140	 	8.89856	 	1.41571	 	
417000	-1.23904	 	622.242	 	-0.00859229	 	104.775	 	0.456671	 	88	 	8.89819	 	1.41554	 	
418000	-1.23897	 	622.174	 	-0.00949648	 	104.726	 	0.456523	 	134	 	8.90039	 	1.41563	 	
419000	-1.23885	 	622.049	 	-0.00960727	 	104.616	 	0.456207	 	99	 	8.9026	 	1.41528	 	
420000	-1.2389	 	622.101	 	-0.0102583	 	104.648	 	0.456283	 	128	 	8.90425	 	1.416	 	
421000	-1.23889	 	622.1	 	-0.0113228	 	104.664	 	0.456355	 	100	 	8.89989	 	1.41613	 	
422000	-1.23892	 	622.118	 	-0.0124958	 	104.69	 	0.456474	 	91	 	8.89288	 	1.41543	 	
423000	-1.23898	 	622.183	 	-0.0130587	 	104.73	 	0.456572	 	131	 	8.8944	 	1.41554	 	
424000	-1.239	 	622.2	 	-0.0127112	 	104.735	 	0.456582	 	106	 	8.89486	 	1.41578	 	
425000	-1.23895	 	622.15	 	-0.0124325	 	104.703	 	0.45653	 	91	 	8.88953	 	1.41556	 	
426000	-1.23905	 	622.244	 	-0.0118397	 	104.767	 	0.456733	 	113	 	8.8854	 	1.41508	 	
427000	-1.23917	 	622.365	 	-0.0105534	 	104.835	 	0.456931	 	124	 	8.88368	 	1.41519	 	
428000	-1.23922	 	622.42	 	-0.0101898	 	104.862	 	0.457006	 	124	 	8.88345	 	1.4153	 	
429000	-1.23922	 	622.415	 	-0.0112559	 	104.858	 	0.457039	 	130	 	8.87682	 	1.41454	 	
430000	-1.23915	 	622.343	 	-0.0120445	 	104.818	 	0.456925	 	145	 	8.87738	 	1.41421	 	
431000	-1.23916	 	622.355	 	-0.0128175	 	104.824	 	0.456945	 	140	 	8.87668	 	1.41404	 	
432000	-1.23919	 	622.385	 	-0.0117649	 	104.841	 	0.457013	 	148	 	8.87349	 	1.41391	 	
433000	-1.23917	 	622.359	 	-0.0120682	 	104.829	 	0.457	 	112	 	8.87041	 	1.41339	 	
434000	-1.23905	 	622.234	 	-0.0121268	 	104.744	 	0.456754	 	133	 	8.87259	 	1.41323	 	
435000	-1.23914	 	622.332	 	-0.0119313	 	104.829	 	0.457012	 	83	 	8.86883	 	1.41333	 	
436000	-1.23914	 	622.331	 	-0.0108129	 	104.838	 	0.457061	 	79	 	8.86514	 	1.41352	 	
437000	-1.23914	 	622.329	 	-0.00977814	 	104.819	 	0.457039	 	108	 	8.86061	 	1.41269	 	
438000	-1.23914	 	622.322	 	-0.00870503	 	104.818	 	0.457055	 	95	 	8.8575	 	1.4121	 	
439000	-1.23908	 	622.258	 	-0.008237	 	104.783	 	0.456968	 	138	 	8.8563	 	1.41201	 	
440000	-1.23905	 	622.234	 	-0.00749024	 	104.764	 	0.456928	 	106	 	8.85465	 	1.41195	 	
441000	-1.23913	 	622.31	 	-0.00748136	 	104.799	 	0.457041	 	79	 	8.85203	 	1.41219	 	
442000	-1.23927	 	622.448	 	-0.0074607	 	104.909	 	0.457357	 	106	 	8.84952	 	1.41243	 	
443000	-1.23919	 	622.374	 	-0.00754904	 	104.86	 	0.457229	 	111	 	8.84855	 	1.41262	 	
444000	-1.23907	 	622.252	 	-0.00823061	 	104.781	 	0.457004	 	103	 	8.84977	 	1.41243	 	
445000	-1.2391	 	622.284	 	-0.00808273	 	104.804	 	0.457078	 	141	 	8.84822	 	1.41239	 	
446000	-1.23909	 	622.277	 	-0.00883325	 	104.775	 	0.456956	 	113	 	8.85487	 	1.41324	 	
447000	-1.23894	 	622.132	 	-0.00907295	 	104.668	 	0.456613	 	116	 	8.86255	 	1.41312	 	
448000	-1.23892	 	622.109	 	-0.00880232	 	104.652	 	0.456595	 	109	 	8.85844	 	1.41257	 	
449000	-1.239	 	622.185	 	-0.00884066	 	104.717	 	0.456789	 	95	 	8.85595	 	1.41254	 	
450000	-1.2391	 	622.285	 	-0.00888741	 	104.809	 	0.457076	 	127	 	8.85059	 	1.41237	 	
451000	-1.23903	 	622.218	 	-0.00908799	 	104.749	 	0.4569	 	154	 	8.85225	 	1.41249	 	
452000	-1.23907	 	622.25	 	-0.00890362	 	104.773	 	0.456971	 	85	 	8.85163	 	1.41254	 	
453000	-1.23904	 	622.224	 	-0.00898214	 	104.718	 	0.456779	 	127	 	8.85783	 	1.41214	 	
454000	-1.23898	 	622.163	 	-0.00858322	 	104.656	 	0.456568	 	82	 	8.86411	 	1.41216	 	
455000	-1.23902	 	622.203	 	-0.00855985	 	104.692	 	0.45669	 	90	 	8.86075	 	1.41213	 	
456000	-1.23901	 	622.193	 	-0.00776893	 	104.697	 	0.456731	 	142	 	8.85663	 	1.41156	 	
457000	-1.23901	 	622.187	 	-0.00809514	 	104.698	 	0.456729	 	111	 	8.85709	 	1.41119	 	
458000	-1.23885	 	622.022	 	-0.00809143	 	104.563	 	0.456313	 	108	 	8.86417	 	1.41072	 	
459000	-1.23883	 	622.008	 	-0.00802328	 	104.539	 	0.456242	 	110	 	8.86498	 	1.41057	 	
460000	-1.23886	 	622.038	 	-0.00835704	 	104.54	 	0.456222	 	69	 	8.8685	 	1.41096	 	
461000	-1.23886	 	622.035	 	-0.00822832	 	104.559	 	0.456315	 	67	 	8.86244	 	1.4108	 	
462000	-1.23893	 	622.106	 	-0.00753209	 	104.596	 	0.456424	 	107	 	8.86104	 	1.41055	 	
463000	-1.23889	 	622.065	 	-0.00729965	 	104.55	 	0.456274	 	78	 	8.86475	 	1.41039	 	
464000	-1.23884	 	622.005	 	-0.00682749	 	104.494	 	0.456124	 	77	 	8.86411	 	1.40975	 	
465000	-1.23872	 	621.887	 	-0.00616283	 	104.414	 	0.455904	 	144	 	8.86439	 	1.4095	 	
466000	-1.23878	 	621.951	 	-0.00602143	 	104.472	 	0.456067	 	72	 	8.86365	 	1.40999	 	
467000	-1.2388	 	621.975	 	-0.00646927	 	104.489	 	0.456114	 	139	 	8.86359	 	1.4099	 	
468000	-1.23864	 	621.811	 	-0.00664572	 	104.348	 	0.455683	 	108	 	8.87046	 	1.40958	 	
469000	-1.23864	 	621.814	 	-0.00690956	 	104.362	 	0.455717	 	84	 	8.8713	 	1.40993	 	
470000	-1.23866	 	621.836	 	-0.00660882	 	104.368	 	0.455709	 	111	 	8.87484	 	1.40995	 	
471000	-1.23858	 	621.753	 	-0.00698832	 	104.31	 	0.455537	 	138	 	8.87693	 	1.41015	 	
472000	-1.23861	 	621.784	 	-0.00666293	 	104.342	 	0.455638	 	115	 	8.87486	 	1.40986	 	
473000	-1.23866	 	621.835	 	-0.00630319	 	104.356	 	0.455687	 	69	 	8.87311	 	1.40982	 	
474000	-1.23854	 	621.717	 	-0.00635645	 	104.266	 	0.455414	 	101	 	8.87708	 	1.40968	 	
475000	-1.23842	 	621.595	 	-0.00632007	 	104.188	 	0.455226	 	86	 	8.87299	 	1.40912	 	
476000	-1.23838	 	621.55	 	-0.00690587	 	104.164	 	0.455159	 	132	 	8.87362	 	1.40882	 	
477000	-1.23837	 	621.543	 	-0.00607313	 	104.159	 	0.455144	 	107	 	8.87354	 	1.40909	 	
478000	-1.2384	 	621.567	 	-0.00666766	 	104.163	 	0.455159	 	110	 	8.87318	 	1.40886	 	
479000	-1.23845	 	621.616	 	-0.00717157	 	104.219	 	0.455316	 	107	 	8.87238	 	1.40915	 	
480000	-1.23841	 	621.575	 	-0.00727711	 	104.187	 	0.455222	 	106	 	8.87335	 	1.4088	 	
481000	-1.23838	 	621.545	 	-0.00793863	 	104.172	 	0.455196	 	102	 	8.87102	 	1.40852	 	
482000	-1.23839	 	621.556	 	-0.00877306	 	104.18	 	0.455214	 	150	 	8.87162	 	1.40896	 	
483000	-1.23847	 	621.636	 	-0.00788645	 	104.235	 	0.455372	 	93	 	8.87071	 	1.40913	 	
484000	-1.23857	 	621.742	 	-0.0077164	 	104.31	 	0.455568	 	132	 	8.87222	 	1.40969	 	
485000	-1.23852	 	621.689	 	-0.00792351	 	104.27	 	0.455454	 	111	 	8.87289	 	1.4094	 	
486000	-1.23845	 	621.625	 	-0.00778795	 	104.214	 	0.455295	 	115	 	8.87368	 	1.40932	 	
487000	-1.23841	 	621.575	 	-0.00693625	 	104.194	 	0.455266	 	99	 	8.86947	 	1.40907	 	
488000	-1.23834	 	621.508	 	-0.00678356	 	104.155	 	0.455171	 	132	 	8.86796	 	1.4086	 	
489000	-1.23832	 	621.484	 	-0.00766003	 	104.142	 	0.455136	 	110	 	8.86778	 	1.40862	 	
490000	-1.23829	 	621.461	 	-0.00845038	 	104.124	 	0.455101	 	103	 	8.86563	 	1.40845	 	
491000	-1.2383	 	621.465	 	-0.0085847	 	104.117	 	0.45509	 	122	 	8.8644	 	1.40774	 	
492000	-1.23827	 	621.437	 	-0.00822316	 	104.102	 	0.455037	 	97	 	8.8659	 	1.40765	 	
493000	-1.23809	 	621.26	 	-0.00787626	 	103.99	 	0.454706	 	97	 	8.86949	 	1.40786	 	
494000	-1.23807	 	621.234	 	-0.00769426	 	103.97	 	0.454668	 	93	 	8.86678	 	1.40792	 	
495000	-1.23805	 	621.21	 	-0.00684353	 	103.957	 	0.454661	 	77	 	8.86273	 	1.40755	 	
496000	-1.23793	 	621.09	 	-0.00619718	 	103.872	 	0.454436	 	106	 	8.86132	 	1.4072	 	
497000	-1.2379	 	621.063	 	-0.0056805	 	103.852	 	0.454395	 	126	 	8.85913	 	1.4068	 	
498000	-1.23789	 	621.046	 	-0.00521877	 	103.82	 	0.454312	 	103	 	8.85851	 	1.40619	 	
499000	-1.23791	 	621.065	 	-0.00497409	 	103.842	 	0.454385	 	98	 	8.85664	 	1.40625	 	
500000	-1.23791	 	621.07	 	-0.00399327	 	103.86	 	0.454448	 	100	 	8.85469	 	1.40571	 	
501000	-1.23786	 	621.015	 	-0.0032942	 	103.817	 	0.45427	 	103	 	8.8635	 	1.40578	 	
502000	-1.23795	 	621.11	 	-0.00240176	 	103.858	 	0.454381	 	102	 	8.86392	 	1.40602	 	
503000	-1.23787	 	621.032	 	-0.00300298	 	103.796	 	0.454213	 	112	 	8.86321	 	1.40601	 	
504000	-1.23793	 	621.081	 	-0.0030704	 	103.846	 	0.45438	 	153	 	8.85882	 	1.40585	 	
505000	-1.2379	 	621.059	 	-0.00288435	 	103.827	 	0.454337	 	116	 	8.85771	 	1.40562	 	
506000	-1.23789	 	621.04	 	-0.00339412	 	103.803	 	0.45426	 	107	 	8.8594	 	1.40539	 	
507000	-1.23794	 	621.098	 	-0.00369286	 	103.841	 	0.454344	 	116	 	8.86231	 	1.40623	 	
508000	-1.23806	 	621.216	 	-0.00319256	 	103.944	 	0.45462	 	94	 	8.86349	 	1.40683	 	
509000	-1.23807	 	621.233	 	-0.00346268	 	103.948	 	0.454627	 	136	 	8.86397	 	1.40665	 	
510000	-1.23806	 	621.219	 	-0.00400228	 	103.948	 	0.454637	 	113	 	8.86259	 	1.40653	 	
511000	-1.23807	 	621.223	 	-0.00407564	 	103.952	 	0.454648	 	73	 	8.86271	 	1.40635	 	
512000	-1.23808	 	621.242	 	-0.00400435	 	103.962	 	0.454689	 	140	 	8.86032	 	1.40638	 	
513000	-1.23806	 	621.217	 	-0.00317857	 	103.946	 	0.45465	 	87	 	8.85975	 	1.40646	 	
514000	-1.2382	 	621.359	 	-0.00303039	 	104.051	 	0.45494	 	119	 	8.85944	 	1.40707	 	
515000	-1.23816	 	621.315	 	-0.00335583	 	104.035	 	0.454927	 	106	 	8.85483	 	1.40688	 	
516000	-1.23812	 	621.277	 	-0.0031844	 	104.024	 	0.45493	 	111	 	8.84984	 	1.40667	 	
517000	-1.23813	 	621.286	 	-0.00242673	 	104.03	 	0.454933	 	91	 	8.85172	 	1.40681	 	
518000	-1.23814	 	621.303	 	-0.00222289	 	104.057	 	0.455013	 	82	 	8.85075	 	1.40737	 	
519000	-1.23826	 	621.429	 	-0.00111003	 	104.146	 	0.455254	 	149	 	8.85165	 	1.40836	 	
520000	-1.23826	 	621.428	 	-0.000349808	 	104.134	 	0.455227	 	137	 	8.85059	 	1.40819	 	
521000	-1.23827	 	621.43	 	-0.000219184	 	104.134	 	0.455249	 	110	 	8.84713	 	1.40798	 	
522000	-1.23825	 	621.416	 	-0.00027909	 	104.136	 	0.455272	 	107	 	8.84448	 	1.40771	 	
523000	-1.23831	 	621.471	 	0.000757189	 	104.197	 	0.455446	 	115	 	8.8434	 	1.4078	 	
524000	-1.23834	 	621.509	 	0.00130178	 	104.231	 	0.455531	 	110	 	8.84473	 	1.40846	 	
525000	-1.23825	 	621.417	 	0.00111643	 	104.172	 	0.455371	 	110	 	8.84463	 	1.40819	 	
526000	-1.23825	 	621.416	 	0.00102189	 	104.163	 	0.455362	 	132	 	8.842	 	1.40776	 	
527000	-1.23821	 	621.367	 	0.000571689	 	104.126	 	0.455279	 	104	 	8.83915	 	1.4072	 	
528000	-1.23817	 	621.33	 	0.000553731	 	104.092	 	0.455159	 	116	 	8.84331	 	1.4075	 	
529000	-1.23822	 	621.389	 	0.00151206	 	104.131	 	0.45526	 	80	 	8.84457	 	1.40788	 	
530000	-1.23822	 	621.386	 	0.00212343	 	104.136	 	0.455284	 	81	 	8.84277	 	1.40807	 	
531000	-1.23835	 	621.523	 	0.00315593	 	104.227	 	0.455501	 	111	 	8.84753	 	1.40933	 	
532000	-1.23842	 	621.591	 	0.00416733	 	104.287	 	0.455667	 	133	 	8.84729	 	1.40962	 	
533000	-1.23835	 	621.523	 	0.00475679	 	104.235	 	0.45551	 	133	 	8.84983	 	1.40967	 	
534000	-1.23837	 	621.543	 	0.00488535	 	104.239	 	0.45551	 	111	 	8.85131	 	1.40981	 	
535000	-1.23824	 	621.419	 	0.00510024	 	104.129	 	0.455154	 	128	 	8.85942	 	1.40951	 	
536000	-1.23816	 	621.334	 	0.00537292	 	104.065	 	0.454979	 	101	 	8.85926	 	1.4092	 	
537000	-1.23813	 	621.296	 	0.00520593	 	104.038	 	0.454909	 	141	 	8.85882	 	1.40865	 	
538000	-1.23814	 	621.304	 	0.00512217	 	104.053	 	0.454963	 	127	 	8.85675	 	1.4084	 	
539000	-1.23824	 	621.411	 	0.00494149	 	104.128	 	0.45518	 	132	 	8.85545	 	1.40853	 	
540000	-1.23834	 	621.508	 	0.00394606	 	104.196	 	0.455358	 	102	 	8.85641	 	1.40926	 	
541000	-1.23828	 	621.446	 	0.00399402	 	104.155	 	0.45523	 	120	 	8.8588	 	1.40896	 	
542000	-1.23831	 	621.484	 	0.00454627	 	104.183	 	0.455312	 	143	 	8.85801	 	1.40885	 	
543000	-1.23833	 	621.499	 	0.00448076	 	104.184	 	0.455311	 	123	 	8.8587	 	1.40895	 	
544000	-1.23829	 	621.465	 	0.00372666	 	104.158	 	0.455248	 	130	 	8.85728	 	1.40906	 	
545000	-1.23829	 	621.457	 	0.00387347	 	104.132	 	0.455178	 	114	 	8.85727	 	1.40906	 	
546000	-1.23823	 	621.401	 	0.00356763	 	104.096	 	0.455055	 	109	 	8.86097	 	1.4091	 	
547000	-1.2381	 	621.274	 	0.00330601	 	104.002	 	0.454752	 	116	 	8.86765	 	1.40908	 	
548000	-1.23818	 	621.351	 	0.00315374	 	104.064	 	0.454925	 	97	 	8.86719	 	1.40967	 	
549000	-1.23825	 	621.423	 	0.00325109	 	104.122	 	0.455105	 	105	 	8.86404	 	1.40964	 	
550000	-1.23823	 	621.403	 	0.00361001	 	104.119	 	0.455106	 	91	 	8.86269	 	1.40981	 	
551000	-1.2382	 	621.377	 	0.00344054	 	104.103	 	0.455075	 	108	 	8.86093	 	1.40953	 	
552000	-1.23819	 	621.364	 	0.0030362	 	104.095	 	0.45506	 	79	 	8.85953	 	1.40941	 	
553000	-1.23821	 	621.388	 	0.00395599	 	104.128	 	0.455171	 	117	 	8.85674	 	1.40944	 	
554000	-1.23827	 	621.439	 	0.00390431	 	104.161	 	0.455276	 	105	 	8.85428	 	1.40905	 	
555000	-1.23832	 	621.485	 	0.00395569	 	104.213	 	0.455429	 	122	 	8.85279	 	1.40886	 	
556000	-1.23817	 	621.336	 	0.00371441	 	104.085	 	0.455042	 	116	 	8.85828	 	1.4084	 	
557000	-1.23823	 	621.397	 	0.00321111	 	104.136	 	0.455203	 	113	 	8.85494	 	1.40822	 	
558000	-1.23828	 	621.45	 	0.00310177	 	104.194	 	0.455379	 	116	 	8.85249	 	1.40822	 	
559000	-1.23832	 	621.479	 	0.00286115	 	104.221	 	0.455485	 	100	 	8.8478	 	1.40752	 	
560000	-1.23827	 	621.429	 	0.00274366	 	104.173	 	0.455331	 	154	 	8.8511	 	1.40729	 	
561000	-1.23818	 	621.34	 	0.0025276	 	104.121	 	0.455194	 	120	 	8.8501	 	1.40695	 	
562000	-1.23818	 	621.346	 	0.00236589	 	104.144	 	0.455255	 	116	 	8.85069	 	1.40739	 	
563000	-1.23824	 	621.401	 	0.002718	 	104.178	 	0.455341	 	123	 	8.85174	 	1.40762	 	
564000	-1.23824	 	621.406	 	0.00205503	 	104.206	 	0.455413	 	97	 	8.85247	 	1.40786	 	
565000	-1.23823	 	621.396	 	0.00228763	 	104.209	 	0.455441	 	81	 	8.84947	 	1.40782	 	
566000	-1.23828	 	621.44	 	0.00312651	 	104.245	 	0.455556	 	114	 	8.84707	 	1.40789	 	
567000	-1.23828	 	621.45	 	0.00235859	 	104.259	 	0.455585	 	102	 	8.8484	 	1.40822	 	
568000	-1.23821	 	621.378	 	0.00218472	 	104.217	 	0.455474	 	114	 	8.84747	 	1.40792	 	
569000	-1.2382	 	621.364	 	0.00224676	 	104.214	 	0.455474	 	54	 	8.84642	 	1.40795	 	
570000	-1.23831	 	621.48	 	0.00262678	 	104.281	 	0.455658	 	46	 	8.8465	 	1.40842	 	
571000	-1.23823	 	621.402	 	0.002547	 	104.222	 	0.455472	 	113	 	8.84994	 	1.40865	 	
572000	-1.23831	 	621.48	 	0.00256883	 	104.285	 	0.455685	 	94	 	8.84388	 	1.40834	 	
573000	-1.23841	 	621.58	 	0.00252419	 	104.36	 	0.455909	 	103	 	8.84095	 	1.40901	 	
574000	-1.23843	 	621.599	 	0.00221154	 	104.373	 	0.455929	 	100	 	8.84379	 	1.40876	 	
575000	-1.23838	 	621.553	 	0.00198624	 	104.34	 	0.455818	 	108	 	8.84643	 	1.40888	 	
576000	-1.23841	 	621.578	 	0.00175119	 	104.351	 	0.455851	 	126	 	8.84633	 	1.40866	 	
577000	-1.23838	 	621.547	 	0.00200157	 	104.317	 	0.455739	 	66	 	8.84908	 	1.40846	 	
578000	-1.23841	 	621.579	 	0.00120638	 	104.353	 	0.455847	 	148	 	8.84784	 	1.4091	 	
579000	-1.23842	 	621.59	 	0.00107592	 	104.377	 	0.45595	 	129	 	8.84206	 	1.40859	 	
580000	-1.23847	 	621.645	 	0.000215431	 	104.425	 	0.456075	 	74	 	8.84316	 	1.4093	 	
581000	-1.23855	 	621.72	 	-0.000728468	 	104.48	 	0.456236	 	80	 	8.84159	 	1.40969	 	
582000	-1.23862	 	621.795	 	-0.00114594	 	104.539	 	0.456391	 	97	 	8.84254	 	1.41	 	
583000	-1.23858	 	621.748	 	-0.000706827	 	104.513	 	0.456334	 	143	 	8.84031	 	1.40971	 	
584000	-1.23854	 	621.711	 	-0.00136196	 	104.482	 	0.456234	 	130	 	8.84254	 	1.40951	 	
585000	-1.23849	 	621.662	 	-0.00109553	 	104.436	 	0.456079	 	106	 	8.84711	 	1.40961	 	
586000	-1.23855	 	621.718	 	-0.00123864	 	104.489	 	0.456243	 	119	 	8.84436	 	1.40968	 	
587000	-1.23862	 	621.794	 	-0.00198491	 	104.554	 	0.456428	 	109	 	8.84317	 	1.4102	 	
588000	-1.23865	 	621.825	 	-0.00277472	 	104.589	 	0.456532	 	97	 	8.84172	 	1.41004	 	
589000	-1.23865	 	621.821	 	-0.00305239	 	104.584	 	0.456527	 	122	 	8.84052	 	1.40967	 	
590000	-1.23874	 	621.91	 	-0.002033	 	104.668	 	0.456768	 	132	 	8.8386	 	1.40997	 	
591000	-1.23868	 	621.848	 	-0.00214083	 	104.638	 	0.456708	 	97	 	8.8354	 	1.40995	 	
592000	-1.23863	 	621.808	 	-0.00213864	 	104.618	 	0.456657	 	136	 	8.83503	 	1.40997	 	
593000	-1.23854	 	621.719	 	-0.00210793	 	104.557	 	0.456477	 	126	 	8.83673	 	1.41001	 	
594000	-1.23851	 	621.683	 	-0.00209253	 	104.536	 	0.456405	 	51	 	8.83892	 	1.41024	 	
595000	-1.23853	 	621.703	 	-0.00227326	 	104.544	 	0.456428	 	108	 	8.83898	 	1.40998	 	
596000	-1.2385	 	621.676	 	-0.00165684	 	104.536	 	0.456409	 	118	 	8.83831	 	1.40968	 	
597000	-1.2385	 	621.67	 	-0.00184449	 	104.538	 	0.45643	 	125	 	8.83613	 	1.40913	 	
598000	-1.23851	 	621.682	 	-0.00162182	 	104.554	 	0.456485	 	56	 	8.83453	 	1.40917	 	
599000	-1.23846	 	621.634	 	-0.0010323	 	104.529	 	0.456398	 	127	 	8.8373	 	1.40922	 	
600000	-1.2384	 	621.567	 	-0.000465308	 	104.475	 	0.456233	 	113	 	8.83977	 	1.40909	 	
601000	-1.23845	 	621.624	 	-0.000166988	 	104.515	 	0.45635	 	125	 	8.83881	 	1.40931	 	
602000	-1.23846	 	621.63	 	-0.000477924	 	104.516	 	0.456359	 	82	 	8.83758	 	1.40919	 	
603000	-1.2384	 	621.569	 	1.59619e-05	 	104.479	 	0.456284	 	106	 	8.83371	 	1.40902	 	
604000	-1.2384	 	621.569	 	2.43874e-05	 	104.479	 	0.456302	 	128	 	8.83114	 	1.40899	 	
605000	-1.23847	 	621.636	 	-0.00084795	 	104.523	 	0.456424	 	107	 	8.83066	 	1.40891	 	
606000	-1.23849	 	621.658	 	-0.0012974	 	104.538	 	0.456464	 	131	 	8.83096	 	1.40917	 	
607000	-1.23837	 	621.539	 	-0.00109329	 	104.463	 	0.45626	 	123	 	8.83079	 	1.40915	 	
608000	-1.23839	 	621.56	 	-0.00165893	 	104.478	 	0.456272	 	170	 	8.83501	 	1.40987	 	
609000	-1.23835	 	621.526	 	-0.00110204	 	104.456	 	0.456227	 	141	 	8.83272	 	1.40972	 	
610000	-1.23831	 	621.482	 	-0.00108492	 	104.416	 	0.456118	 	93	 	8.8328	 	1.4096	 	
611000	-1.23831	 	621.487	 	-0.00120853	 	104.425	 	0.456136	 	105	 	8.83391	 	1.41011	 	
612000	-1.23823	 	621.409	 	-0.00114159	 	104.358	 	0.45595	 	104	 	8.83421	 	1.4098	 	
613000	-1.23833	 	621.503	 	-0.00128287	 	104.43	 	0.456137	 	113	 	8.83546	 	1.41009	 	
614000	-1.23834	 	621.514	 	-0.00106224	 	104.435	 	0.456171	 	134	 	8.83249	 	1.40953	 	
615000	-1.23834	 	621.512	 	-0.00117508	 	104.43	 	0.456159	 	116	 	8.8324	 	1.40954	 	
616000	-1.23833	 	621.503	 	-0.0016594	 	104.43	 	0.456158	 	103	 	8.83242	 	1.40959	 	
617000	-1.2383	 	621.476	 	-0.00180057	 	104.398	 	0.456057	 	120	 	8.83441	 	1.40954	 	
618000	-1.23835	 	621.524	 	-0.00169328	 	104.415	 	0.456096	 	75	 	8.83572	 	1.41005	 	
619000	-1.23837	 	621.548	 	-0.0014726	 	104.411	 	0.456071	 	64	 	8.83804	 	1.41014	 	
620000	-1.2383	 	621.476	 	-0.00143427	 	104.377	 	0.455964	 	101	 	8.83967	 	1.41036	 	
621000	-1.23824	 	621.418	 	-0.0019831	 	104.339	 	0.455844	 	103	 	8.84238	 	1.41058	 	
622000	-1.2382	 	621.382	 	-0.00226423	 	104.318	 	0.455794	 	83	 	8.84095	 	1.41079	 	
623000	-1.23824	 	621.425	 	-0.00226919	 	104.339	 	0.455827	 	126	 	8.8447	 	1.41124	 	
624000	-1.23826	 	621.442	 	-0.00281586	 	104.358	 	0.455887	 	133	 	8.84369	 	1.41148	 	
625000	-1.23822	 	621.407	 	-0.00252171	 	104.326	 	0.455782	 	102	 	8.84614	 	1.41141	 	
626000	-1.23828	 	621.471	 	-0.00283629	 	104.369	 	0.455901	 	115	 	8.84631	 	1.41173	 	
627000	-1.23828	 	621.46	 	-0.00272211	 	104.378	 	0.455948	 	137	 	8.84281	 	1.41131	 	
628000	-1.23822	 	621.403	 	-0.00243733	 	104.332	 	0.455848	 	59	 	8.83882	 	1.41073	 	
629000	-1.23819	 	621.367	 	-0.00297242	 	104.308	 	0.455813	 	146	 	8.83416	 	1.41055	 	
630000	-1.23815	 	621.33	 	-0.00280921	 	104.289	 	0.455775	 	111	 	8.8322	 	1.41044	 	
631000	-1.23809	 	621.268	 	-0.00256151	 	104.249	 	0.455683	 	144	 	8.82906	 	1.41006	 	
632000	-1.2381	 	621.28	 	-0.00198958	 	104.254	 	0.455698	 	125	 	8.82903	 	1.41003	 	
633000	-1.23805	 	621.228	 	-0.00167405	 	104.228	 	0.455615	 	65	 	8.8309	 	1.41007	 	
634000	-1.23813	 	621.312	 	-0.00147101	 	104.285	 	0.455761	 	120	 	8.83227	 	1.4101	 	
635000	-1.2381	 	621.283	 	-0.00179428	 	104.26	 	0.455665	 	117	 	8.83674	 	1.41055	 	
636000	-1.23814	 	621.324	 	-0.00150897	 	104.271	 	0.455673	 	107	 	8.8397	 	1.41081	 	
637000	-1.23803	 	621.213	 	-0.00144123	 	104.186	 	0.455405	 	146	 	8.84539	 	1.4108	 	
638000	-1.23813	 	621.31	 	-0.00140032	 	104.263	 	0.455628	 	143	 	8.84326	 	1.41112	 	
639000	-1.23812	 	621.304	 	-0.00216234	 	104.285	 	0.455708	 	84	 	8.84042	 	1.41079	 	
640000	-1.23809	 	621.273	 	-0.00225555	 	104.265	 	0.455664	 	95	 	8.8387	 	1.41062	 	
641000	-1.23806	 	621.238	 	-0.0023759	 	104.244	 	0.455632	 	115	 	8.83496	 	1.41058	 	
642000	-1.238	 	621.185	 	-0.00261379	 	104.192	 	0.455476	 	121	 	8.83689	 	1.41049	 	
643000	-1.23792	 	621.099	 	-0.00265708	 	104.115	 	0.455265	 	108	 	8.83689	 	1.41001	 	
644000	-1.23791	 	621.086	 	-0.00295946	 	104.099	 	0.455225	 	131	 	8.83645	 	1.41006	 	
645000	-1.23782	 	620.997	 	-0.00270975	 	104.029	 	0.455	 	85	 	8.84116	 	1.41004	 	
646000	-1.23779	 	620.972	 	-0.00222725	 	104.027	 	0.455019	 	130	 	8.83765	 	1.40961	 	
647000	-1.23774	 	620.922	 	-0.00202774	 	103.996	 	0.454952	 	158	 	8.83456	 	1.40957	 	
648000	-1.23777	 	620.955	 	-0.00133961	 	104.013	 	0.454988	 	67	 	8.83652	 	1.40995	 	
649000	-1.23776	 	620.938	 	-0.000804438	 	104.006	 	0.45496	 	102	 	8.83785	 	1.41015	 	
650000	-1.23776	 	620.94	 	-0.0004987	 	104.008	 	0.454984	 	111	 	8.83495	 	1.40995	 	
651000	-1.2378	 	620.982	 	0.000321129	 	104.051	 	0.455111	 	101	 	8.83357	 	1.41006	 	
652000	-1.23785	 	621.035	 	0.000424463	 	104.077	 	0.455165	 	108	 	8.8361	 	1.41033	 	
653000	-1.23779	 	620.971	 	0.00034173	 	104.009	 	0.45497	 	125	 	8.83738	 	1.41001	 	
654000	-1.23773	 	620.907	 	-2.86697e-06	 	103.941	 	0.454745	 	105	 	8.84311	 	1.40992	 	
655000	-1.23776	 	620.944	 	-0.000210382	 	103.957	 	0.45478	 	74	 	8.84467	 	1.41009	 	
656000	-1.23776	 	620.946	 	-0.000699276	 	103.95	 	0.454738	 	89	 	8.84824	 	1.4099	 	
657000	-1.23777	 	620.946	 	-6.54642e-05	 	103.952	 	0.454754	 	98	 	8.84638	 	1.40939	 	
658000	-1.23767	 	620.844	 	0.000103351	 	103.875	 	0.454517	 	125	 	8.8505	 	1.40928	 	
659000	-1.2377	 	620.874	 	0.000716275	 	103.89	 	0.454555	 	111	 	8.85067	 	1.40917	 	
660000	-1.23768	 	620.856	 	0.00142148	 	103.89	 	0.454579	 	74	 	8.84699	 	1.40901	 	
661000	-1.2377	 	620.881	 	0.00146071	 	103.909	 	0.454601	 	103	 	8.85169	 	1.40918	 	
662000	-1.2377	 	620.879	 	0.000973708	 	103.918	 	0.454604	 	96	 	8.85491	 	1.40966	 	
663000	-1.23772	 	620.908	 	0.000277081	 	103.94	 	0.454638	 	88	 	8.85911	 	1.41027	 	
664000	-1.23763	 	620.812	 	-5.09413e-05	 	103.877	 	0.454461	 	157	 	8.8597	 	1.40994	 	
665000	-1.23756	 	620.739	 	0.000312955	 	103.83	 	0.454322	 	122	 	8.86089	 	1.40978	 	
666000	-1.23754	 	620.728	 	0.000707035	 	103.827	 	0.454302	 	111	 	8.86273	 	1.41042	 	
667000	-1.23755	 	620.739	 	0.00146685	 	103.852	 	0.454382	 	137	 	8.86104	 	1.4105	 	
668000	-1.23756	 	620.746	 	0.00146074	 	103.85	 	0.454382	 	93	 	8.86035	 	1.41053	 	
669000	-1.2375	 	620.692	 	0.000937683	 	103.809	 	0.454256	 	98	 	8.8624	 	1.41057	 	
670000	-1.23744	 	620.633	 	0.000493575	 	103.758	 	0.454094	 	73	 	8.86538	 	1.41056	 	
671000	-1.2374	 	620.584	 	0.000537697	 	103.742	 	0.454074	 	110	 	8.86198	 	1.41048	 	
672000	-1.23738	 	620.567	 	0.000195074	 	103.741	 	0.454049	 	141	 	8.86525	 	1.4104	 	
673000	-1.23742	 	620.607	 	0.000195579	 	103.781	 	0.454179	 	97	 	8.86221	 	1.41014	 	
674000	-1.23749	 	620.678	 	0.000330304	 	103.839	 	0.454342	 	108	 	8.86178	 	1.41005	 	
675000	-1.23754	 	620.726	 	0.000466096	 	103.873	 	0.45447	 	101	 	8.85665	 	1.40958	 	
676000	-1.23747	 	620.651	 	0.000464763	 	103.827	 	0.454328	 	127	 	8.85909	 	1.40961	 	
677000	-1.23747	 	620.648	 	0.000301123	 	103.811	 	0.454283	 	120	 	8.85884	 	1.40931	 	
678000	-1.23741	 	620.586	 	0.000713001	 	103.747	 	0.454118	 	96	 	8.85753	 	1.40874	 	
679000	-1.23738	 	620.559	 	0.000958954	 	103.727	 	0.454066	 	127	 	8.85668	 	1.40861	 	
680000	-1.23741	 	620.591	 	0.000564029	 	103.748	 	0.454135	 	117	 	8.85532	 	1.40867	 	
681000	-1.23742	 	620.6	 	0.000831799	 	103.763	 	0.454181	 	99	 	8.85449	 	1.40855	 	
682000	-1.23745	 	620.63	 	0.000457067	 	103.79	 	0.45425	 	111	 	8.85543	 	1.4089	 	
683000	-1.23745	 	620.624	 	0.000443631	 	103.783	 	0.45422	 	68	 	8.8569	 	1.4089	 	
684000	-1.23742	 	620.597	 	0.000212566	 	103.768	 	0.454194	 	120	 	8.8545	 	1.40881	 	
685000	-1.2374	 	620.581	 	-0.000283956	 	103.747	 	0.454161	 	126	 	8.85073	 	1.40853	 	
686000	-1.2374	 	620.577	 	-0.000386786	 	103.743	 	0.454148	 	117	 	8.85124	 	1.40872	 	
687000	-1.23735	 	620.526	 	-0.000450218	 	103.698	 	0.454001	 	95	 	8.85473	 	1.40878	 	
688000	-1.23726	 	620.442	 	-0.000696432	 	103.637	 	0.453847	 	120	 	8.85252	 	1.40843	 	
689000	-1.23725	 	620.43	 	-0.000852003	 	103.627	 	0.453825	 	145	 	8.85178	 	1.40829	 	
690000	-1.23726	 	620.434	 	-0.000557399	 	103.633	 	0.453851	 	152	 	8.85039	 	1.40831	 	
691000	-1.23728	 	620.457	 	0.000114146	 	103.651	 	0.453889	 	91	 	8.85184	 	1.4088	 	
692000	-1.2373	 	620.477	 	0.000605477	 	103.663	 	0.453933	 	109	 	8.85053	 	1.40897	 	
693000	-1.23734	 	620.517	 	0.00128535	 	103.708	 	0.454065	 	122	 	8.84929	 	1.40905	 	
694000	-1.2373	 	620.475	 	0.00182831	 	103.681	 	0.453995	 	107	 	8.84831	 	1.40875	 	
695000	-1.23726	 	620.437	 	0.00195615	 	103.658	 	0.453946	 	72	 	8.84622	 	1.40881	 	
696000	-1.23726	 	620.444	 	0.00128945	 	103.661	 	0.453959	 	75	 	8.84549	 	1.40897	 	
697000	-1.23727	 	620.452	 	0.000593314	 	103.674	 	0.454013	 	75	 	8.84302	 	1.40868	 	
698000	-1.23726	 	620.442	 	2.44556e-05	 	103.667	 	0.453986	 	134	 	8.84392	 	1.40893	 	
699000	-1.23722	 	620.397	 	-3.96423e-05	 	103.617	 	0.453834	 	125	 	8.84616	 	1.40875	 	
700000	-1.23714	 	620.318	 	0.000342086	 	103.563	 	0.453676	 	136	 	8.84762	 	1.40861	 	
701000	-1.23716	 	620.342	 	9.69757e-05	 	103.574	 	0.453708	 	81	 	8.84712	 	1.40846	 	
702000	-1.23714	 	620.322	 	1.78063e-07	 	103.56	 	0.453674	 	94	 	8.84666	 	1.40848	 	
703000	-1.2371	 	620.281	 	-0.000464239	 	103.522	 	0.453549	 	102	 	8.84959	 	1.40852	 	
704000	-1.23708	 	620.26	 	-0.000786413	 	103.495	 	0.453474	 	108	 	8.8497	 	1.40841	 	
705000	-1.23707	 	620.249	 	-0.000332035	 	103.499	 	0.453513	 	83	 	8.84544	 	1.40796	 	
706000	-1.23703	 	620.209	 	-0.000326601	 	103.464	 	0.453433	 	128	 	8.84322	 	1.40772	 	
707000	-1.23701	 	620.182	 	0.000188345	 	103.439	 	0.453349	 	109	 	8.84516	 	1.4076	 	
708000	-1.237	 	620.174	 	0.000685516	 	103.426	 	0.453316	 	108	 	8.84516	 	1.40747	 	
709000	-1.237	 	620.173	 	0.000533293	 	103.427	 	0.453323	 	103	 	8.84432	 	1.40723	 	
710000	-1.23698	 	620.158	 	2.82394e-06	 	103.415	 	0.453269	 	116	 	8.84742	 	1.40728	 	
711000	-1.23697	 	620.14	 	0.000203854	 	103.408	 	0.453247	 	118	 	8.84772	 	1.40738	 	
712000	-1.23694	 	620.116	 	0.000221369	 	103.385	 	0.453184	 	137	 	8.84788	 	1.40736	 	
713000	-1.23697	 	620.149	 	-0.000303633	 	103.413	 	0.453265	 	123	 	8.84713	 	1.40756	 	
714000	-1.23692	 	620.093	 	-0.000655035	 	103.377	 	0.453171	 	143	 	8.84625	 	1.40727	 	
715000	-1.23689	 	620.069	 	-0.000738825	 	103.374	 	0.453174	 	118	 	8.84477	 	1.40722	 	
716000	-1.23688	 	620.056	 	-0.000672954	 	103.372	 	0.453175	 	98	 	8.84362	 	1.40686	 	
717000	-1.23691	 	620.082	 	-0.000776423	 	103.372	 	0.453171	 	92	 	8.84435	 	1.40677	 	
718000	-1.23689	 	620.06	 	-0.000919387	 	103.351	 	0.453134	 	94	 	8.84123	 	1.40666	 	
719000	-1.23699	 	620.162	 	-0.000623943	 	103.424	 	0.453324	 	161	 	8.84285	 	1.40715	 	
720000	-1.23698	 	620.149	 	-0.00047159	 	103.418	 	0.453309	 	114	 	8.84284	 	1.40689	 	
721000	-1.23697	 	620.144	 	-0.000250347	 	103.425	 	0.453323	 	113	 	8.84319	 	1.40694	 	
722000	-1.23689	 	620.061	 	-0.000474737	 	103.375	 	0.453201	 	73	 	8.84083	 	1.40659	 	
723000	-1.23685	 	620.02	 	-0.000935387	 	103.35	 	0.453134	 	92	 	8.8406	 	1.40626	 	
724000	-1.23687	 	620.037	 	-0.00154485	 	103.361	 	0.453153	 	135	 	8.84242	 	1.40643	 	
725000	-1.23696	 	620.127	 	-0.00107092	 	103.432	 	0.453344	 	109	 	8.84337	 	1.4067	 	
726000	-1.23698	 	620.145	 	-0.000405496	 	103.444	 	0.453387	 	57	 	8.84153	 	1.40643	 	
727000	-1.237	 	620.172	 	-0.000214409	 	103.47	 	0.453466	 	86	 	8.84064	 	1.40651	 	
728000	-1.23698	 	620.147	 	0.00028331	 	103.446	 	0.453407	 	98	 	8.83935	 	1.40633	 	
729000	-1.237	 	620.172	 	4.00343e-05	 	103.471	 	0.453484	 	102	 	8.83836	 	1.40656	 	
730000	-1.23698	 	620.149	 	-0.000226815	 	103.456	 	0.453458	 	109	 	8.83605	 	1.40621	 	
731000	-1.23698	 	620.141	 	-6.55951e-05	 	103.449	 	0.45345	 	100	 	8.83445	 	1.40586	 	
732000	-1.237	 	620.165	 	-0.000421072	 	103.48	 	0.453537	 	116	 	8.83384	 	1.40573	 	
733000	-1.23704	 	620.207	 	-0.000935525	 	103.508	 	0.45362	 	122	 	8.83321	 	1.40573	 	
734000	-1.23702	 	620.187	 	-0.00134087	 	103.482	 	0.453517	 	128	 	8.83799	 	1.40559	 	
735000	-1.23701	 	620.176	 	-0.00175464	 	103.476	 	0.453511	 	108	 	8.83613	 	1.40524	 	
736000	-1.23704	 	620.202	 	-0.0015097	 	103.488	 	0.453549	 	112	 	8.83538	 	1.40502	 	
737000	-1.23702	 	620.181	 	-0.000888311	 	103.481	 	0.453554	 	132	 	8.83212	 	1.40478	 	
738000	-1.23704	 	620.204	 	-0.000273259	 	103.5	 	0.453605	 	91	 	8.83187	 	1.40492	 	
739000	-1.23704	 	620.206	 	0.000241942	 	103.497	 	0.453574	 	135	 	8.83565	 	1.40532	 	
740000	-1.23705	 	620.213	 	0.000901642	 	103.508	 	0.453622	 	132	 	8.83292	 	1.40539	 	
741000	-1.23705	 	620.215	 	0.00128789	 	103.527	 	0.453694	 	128	 	8.82976	 	1.40536	 	
742000	-1.23704	 	620.202	 	0.0016578	 	103.524	 	0.453684	 	125	 	8.83008	 	1.40554	 	
743000	-1.23701	 	620.172	 	0.00197343	 	103.502	 	0.453636	 	117	 	8.82817	 	1.40556	 	
744000	-1.23691	 	620.069	 	0.00217634	 	103.414	 	0.453354	 	97	 	8.83394	 	1.40535	 	
745000	-1.23694	 	620.099	 	0.00271713	 	103.42	 	0.453406	 	93	 	8.82906	 	1.40496	 	
746000	-1.2369	 	620.059	 	0.00260771	 	103.389	 	0.453322	 	81	 	8.82881	 	1.40465	 	
747000	-1.23687	 	620.024	 	0.00271902	 	103.365	 	0.45325	 	93	 	8.82945	 	1.40442	 	
748000	-1.23682	 	619.981	 	0.00258184	 	103.324	 	0.453132	 	116	 	8.83024	 	1.40406	 	
749000	-1.23682	 	619.972	 	0.00228503	 	103.332	 	0.453166	 	120	 	8.82843	 	1.40382	 	
750000	-1.2368	 	619.958	 	0.00281543	 	103.316	 	0.453111	 	64	 	8.83016	 	1.40398	 	
751000	-1.23689	 	620.046	 	0.0036274	 	103.394	 	0.453323	 	108	 	8.83069	 	1.40424	 	
752000	-1.2369	 	620.059	 	0.00361135	 	103.407	 	0.45336	 	95	 	8.83053	 	1.40439	 	
753000	-1.23685	 	620.007	 	0.00384322	 	103.369	 	0.453248	 	119	 	8.83138	 	1.40416	 	
754000	-1.23689	 	620.048	 	0.00441258	 	103.408	 	0.45336	 	63	 	8.83087	 	1.40443	 	
755000	-1.23687	 	620.03	 	0.00483429	 	103.387	 	0.453318	 	105	 	8.82818	 	1.40425	 	
756000	-1.23688	 	620.042	 	0.00506483	 	103.404	 	0.453364	 	112	 	8.82864	 	1.40466	 	
757000	-1.23682	 	619.976	 	0.0052493	 	103.357	 	0.453213	 	90	 	8.83167	 	1.40474	 	
758000	-1.23677	 	619.932	 	0.00518453	 	103.325	 	0.453116	 	120	 	8.83315	 	1.40454	 	
759000	-1.23675	 	619.913	 	0.00506341	 	103.298	 	0.453041	 	124	 	8.83317	 	1.40454	 	
760000	-1.23682	 	619.986	 	0.00501547	 	103.345	 	0.453149	 	86	 	8.83665	 	1.40532	 	
761000	-1.23677	 	619.929	 	0.00529489	 	103.295	 	0.453007	 	96	 	8.83703	 	1.40509	 	
762000	-1.23679	 	619.956	 	0.00542465	 	103.314	 	0.453064	 	88	 	8.8363	 	1.4051	 	
763000	-1.23685	 	620.019	 	0.00586989	 	103.348	 	0.453153	 	96	 	8.83684	 	1.4055	 	
764000	-1.23688	 	620.048	 	0.00635122	 	103.379	 	0.453235	 	91	 	8.83734	 	1.40579	 	
765000	-1.23692	 	620.083	 	0.00701242	 	103.408	 	0.45332	 	133	 	8.83699	 	1.40572	 	
766000	-1.23691	 	620.075	 	0.00687629	 	103.408	 	0.453321	 	90	 	8.83679	 	1.40553	 	
767000	-1.23687	 	620.031	 	0.00691829	 	103.369	 	0.453191	 	101	 	8.83996	 	1.40561	 	
768000	-1.23681	 	619.982	 	0.00653332	 	103.329	 	0.453073	 	160	 	8.84122	 	1.40582	 	
769000	-1.23683	 	619.994	 	0.00704594	 	103.338	 	0.453095	 	94	 	8.84168	 	1.4059	 	
770000	-1.23676	 	619.932	 	0.00705721	 	103.291	 	0.452963	 	87	 	8.842	 	1.40596	 	
771000	-1.23676	 	619.933	 	0.00668582	 	103.291	 	0.452955	 	109	 	8.84312	 	1.40613	 	
772000	-1.23678	 	619.951	 	0.00602196	 	103.31	 	0.453024	 	130	 	8.8405	 	1.4061	 	
773000	-1.23678	 	619.946	 	0.0057371	 	103.307	 	0.453046	 	87	 	8.83605	 	1.4057	 	
774000	-1.23675	 	619.915	 	0.00601184	 	103.284	 	0.45299	 	91	 	8.8348	 	1.40534	 	
775000	-1.23673	 	619.89	 	0.0059335	 	103.266	 	0.452947	 	132	 	8.83384	 	1.40523	 	
776000	-1.23665	 	619.812	 	0.00568048	 	103.217	 	0.452787	 	143	 	8.83769	 	1.40538	 	
777000	-1.23663	 	619.8	 	0.00553302	 	103.209	 	0.452766	 	119	 	8.83767	 	1.40539	 	
778000	-1.23664	 	619.812	 	0.00547442	 	103.209	 	0.452761	 	96	 	8.8384	 	1.40566	 	
779000	-1.23675	 	619.92	 	0.00628177	 	103.293	 	0.452995	 	86	 	8.83817	 	1.4061	 	
780000	-1.23676	 	619.927	 	0.00674701	 	103.295	 	0.452991	 	127	 	8.8395	 	1.40643	 	
781000	-1.23677	 	619.94	 	0.0064875	 	103.292	 	0.452991	 	126	 	8.83817	 	1.40605	 	
782000	-1.23683	 	619.994	 	0.00713064	 	103.334	 	0.453114	 	87	 	8.83702	 	1.40608	 	
783000	-1.23679	 	619.957	 	0.00743723	 	103.311	 	0.453052	 	99	 	8.83686	 	1.40612	 	
784000	-1.23685	 	620.017	 	0.0080521	 	103.344	 	0.453136	 	110	 	8.83783	 	1.40655	 	
785000	-1.23685	 	620.022	 	0.00822989	 	103.346	 	0.453144	 	118	 	8.83735	 	1.40662	 	
786000	-1.23691	 	620.078	 	0.00887041	 	103.39	 	0.453272	 	110	 	8.8366	 	1.40689	 	
787000	-1.23689	 	620.062	 	0.00890033	 	103.381	 	0.453251	 	105	 	8.83606	 	1.40676	 	
788000	-1.23694	 	620.111	 	0.00855779	 	103.419	 	0.453367	 	110	 	8.83417	 	1.40718	 	
789000	-1.23688	 	620.051	 	0.00873494	 	103.362	 	0.453193	 	123	 	8.83694	 	1.40699	 	
790000	-1.23699	 	620.167	 	0.00953623	 	103.451	 	0.453432	 	113	 	8.83771	 	1.40758	 	
791000	-1.23692	 	620.095	 	0.00984692	 	103.416	 	0.453321	 	90	 	8.83988	 	1.40783	 	
792000	-1.23687	 	620.042	 	0.0101818	 	103.384	 	0.453233	 	119	 	8.84004	 	1.40751	 	
793000	-1.23684	 	620.01	 	0.0107111	 	103.369	 	0.453213	 	115	 	8.83683	 	1.40703	 	
794000	-1.23683	 	620.003	 	0.0108368	 	103.361	 	0.453177	 	83	 	8.83876	 	1.40715	 	
795000	-1.23685	 	620.029	 	0.0105501	 	103.379	 	0.453219	 	71	 	8.83987	 	1.40738	 	
796000	-1.23687	 	620.045	 	0.0108916	 	103.388	 	0.453252	 	123	 	8.83878	 	1.40718	 	
797000	-1.23684	 	620.016	 	0.0106659	 	103.368	 	0.453198	 	108	 	8.83862	 	1.40729	 	
798000	-1.23688	 	620.054	 	0.0100017	 	103.396	 	0.453289	 	84	 	8.83667	 	1.40732	 	
799000	-1.23683	 	620.007	 	0.0101086	 	103.36	 	0.453167	 	113	 	8.83981	 	1.40729	 	
800000	-1.2368	 	619.981	 	0.0100147	 	103.348	 	0.453112	 	100	 	8.8431	 	1.40765	 	
801000	-1.23681	 	619.985	 	0.00977948	 	103.354	 	0.45313	 	105	 	8.84294	 	1.40759	 	
802000	-1.23678	 	619.952	 	0.0100148	 	103.328	 	0.453065	 	114	 	8.84181	 	1.40725	 	
803000	-1.23678	 	619.955	 	0.0105915	 	103.338	 	0.453105	 	80	 	8.84026	 	1.40707	 	
804000	-1.23682	 	619.993	 	0.010757	 	103.368	 	0.453188	 	55	 	8.83993	 	1.40715	 	
805000	-1.2368	 	619.975	 	0.0109638	 	103.354	 	0.453141	 	80	 	8.84132	 	1.40717	 	
806000	-1.23679	 	619.967	 	0.0113235	 	103.347	 	0.453111	 	122	 	8.8431	 	1.40726	 	
807000	-1.2368	 	619.973	 	0.011379	 	103.35	 	0.453099	 	76	 	8.84609	 	1.40749	 	
808000	-1.23678	 	619.953	 	0.011377	 	103.331	 	0.453048	 	114	 	8.84585	 	1.40751	 	
809000	-1.23675	 	619.924	 	0.0110762	 	103.32	 	0.453029	 	128	 	8.84408	 	1.40761	 	
810000	-1.23674	 	619.921	 	0.0106643	 	103.324	 	0.45304	 	112	 	8.84433	 	1.40746	 	
811000	-1.23667	 	619.849	 	0.0108334	 	103.282	 	0.452923	 	110	 	8.84444	 	1.40729	 	
812000	-1.2367	 	619.882	 	0.0110206	 	103.307	 	0.452983	 	120	 	8.84564	 	1.40754	 	
813000	-1.23674	 	619.917	 	0.0113488	 	103.348	 	0.45312	 	92	 	8.84197	 	1.40749	 	
814000	-1.23676	 	619.94	 	0.0115673	 	103.361	 	0.453142	 	133	 	8.84437	 	1.40768	 	
815000	-1.23678	 	619.958	 	0.0113874	 	103.373	 	0.453151	 	122	 	8.84763	 	1.40789	 	
816000	-1.23677	 	619.951	 	0.0113222	 	103.365	 	0.453133	 	119	 	8.84707	 	1.40806	 	
817000	-1.23672	 	619.901	 	0.0109995	 	103.332	 	0.453037	 	97	 	8.84798	 	1.40814	 	
818000	-1.23667	 	619.847	 	0.0106396	 	103.29	 	0.452892	 	127	 	8.85226	 	1.40814	 	
819000	-1.23657	 	619.758	 	0.0106055	 	103.227	 	0.452692	 	122	 	8.85616	 	1.40829	 	
820000	-1.23659	 	619.774	 	0.0111078	 	103.231	 	0.452696	 	84	 	8.85748	 	1.40866	 	
821000	-1.23659	 	619.774	 	0.0115589	 	103.233	 	0.452702	 	113	 	8.85725	 	1.40861	 	
822000	-1.23665	 	619.836	 	0.0122034	 	103.275	 	0.452818	 	112	 	8.85719	 	1.40894	 	
823000	-1.23668	 	619.865	 	0.0121926	 	103.297	 	0.452879	 	116	 	8.85721	 	1.40894	 	
824000	-1.23664	 	619.829	 	0.0120794	 	103.265	 	0.452782	 	152	 	8.85863	 	1.40904	 	
825000	-1.23665	 	619.836	 	0.0115646	 	103.268	 	0.452774	 	139	 	8.86107	 	1.40945	 	
826000	-1.23661	 	619.802	 	0.011738	 	103.245	 	0.452693	 	125	 	8.86357	 	1.40943	 	
827000	-1.23657	 	619.765	 	0.0115242	 	103.212	 	0.452592	 	129	 	8.86497	 	1.40946	 	
828000	-1.23659	 	619.774	 	0.0109609	 	103.217	 	0.452611	 	135	 	8.86416	 	1.40916	 	
829000	-1.23655	 	619.742	 	0.0110149	 	103.193	 	0.452537	 	107	 	8.86539	 	1.40926	 	
830000	-1.23652	 	619.711	 	0.0108967	 	103.168	 	0.452452	 	129	 	8.86779	 	1.40927	 	
831000	-1.23657	 	619.76	 	0.0113741	 	103.198	 	0.452538	 	112	 	8.8673	 	1.4095	 	
832000	-1.23652	 	619.706	 	0.0112074	 	103.161	 	0.45243	 	129	 	8.86852	 	1.40929	 	
833000	-1.23655	 	619.742	 	0.011232	 	103.188	 	0.45249	 	79	 	8.87032	 	1.40972	 	
834000	-1.23661	 	619.804	 	0.0111391	 	103.236	 	0.452619	 	87	 	8.87089	 	1.40983	 	
835000	-1.23662	 	619.81	 	0.0112807	 	103.241	 	0.452632	 	112	 	8.87129	 	1.40979	 	
836000	-1.23655	 	619.74	 	0.0113728	 	103.197	 	0.452504	 	111	 	8.872	 	1.4097	 	
837000	-1.23651	 	619.704	 	0.0112682	 	103.175	 	0.45244	 	124	 	8.87257	 	1.40962	 	
838000	-1.23648	 	619.671	 	0.0108744	 	103.153	 	0.452366	 	98	 	8.8748	 	1.40965	 	
839000	-1.23648	 	619.679	 	0.0109061	 	103.171	 	0.452394	 	107	 	8.87801	 	1.41006	 	
840000	-1.23643	 	619.628	 	0.0112109	 	103.136	 	0.452299	 	94	 	8.87744	 	1.40976	 	
841000	-1.23643	 	619.629	 	0.0110713	 	103.137	 	0.452283	 	113	 	8.8803	 	1.41022	 	
842000	-1.23644	 	619.631	 	0.0116022	 	103.142	 	0.452299	 	117	 	8.88022	 	1.41007	 	
843000	-1.23646	 	619.659	 	0.0121158	 	103.154	 	0.452333	 	97	 	8.87989	 	1.41015	 	
844000	-1.23646	 	619.657	 	0.0126066	 	103.161	 	0.452356	 	148	 	8.87919	 	1.41014	 	
845000	-1.23641	 	619.61	 	0.0122067	 	103.129	 	0.452262	 	96	 	8.88	 	1.41005	 	
846000	-1.23641	 	619.607	 	0.0116376	 	103.136	 	0.452289	 	81	 	8.87923	 	1.40996	 	
847000	-1.23645	 	619.644	 	0.0115755	 	103.159	 	0.452342	 	111	 	8.88056	 	1.41045	 	
848000	-1.23648	 	619.68	 	0.0118972	 	103.181	 	0.452407	 	104	 	8.88008	 	1.41049	 	
849000	-1.23645	 	619.642	 	0.0121094	 	103.152	 	0.452343	 	126	 	8.87785	 	1.41027	 	
850000	-1.23639	 	619.586	 	0.0123126	 	103.099	 	0.452175	 	113	 	8.88097	 	1.4103	 	
851000	-1.23633	 	619.528	 	0.0122012	 	103.047	 	0.452029	 	133	 	8.88135	 	1.40986	 	
852000	-1.23633	 	619.529	 	0.0119237	 	103.054	 	0.452039	 	101	 	8.88283	 	1.41016	 	
853000	-1.23635	 	619.55	 	0.0116193	 	103.062	 	0.452062	 	120	 	8.88253	 	1.40983	 	
854000	-1.23635	 	619.544	 	0.0121381	 	103.074	 	0.452113	 	130	 	8.87972	 	1.40971	 	
855000	-1.23638	 	619.574	 	0.0121253	 	103.101	 	0.452201	 	81	 	8.87791	 	1.40981	 	
856000	-1.23643	 	619.629	 	0.0124811	 	103.152	 	0.452345	 	90	 	8.87732	 	1.40991	 	
857000	-1.23646	 	619.66	 	0.0130796	 	103.181	 	0.452431	 	100	 	8.87662	 	1.41011	 	
858000	-1.23645	 	619.649	 	0.0127456	 	103.177	 	0.452423	 	110	 	8.87591	 	1.40995	 	
859000	-1.23646	 	619.658	 	0.0132294	 	103.19	 	0.452474	 	73	 	8.8736	 	1.41	 	
860000	-1.2365	 	619.694	 	0.0138242	 	103.217	 	0.45256	 	96	 	8.87203	 	1.40972	 	
861000	-1.23654	 	619.73	 	0.0144213	 	103.243	 	0.452648	 	112	 	8.86962	 	1.40938	 	
862000	-1.23657	 	619.76	 	0.0145541	 	103.267	 	0.452719	 	123	 	8.86881	 	1.40955	 	
863000	-1.2366	 	619.79	 	0.0143295	 	103.298	 	0.452827	 	128	 	8.86548	 	1.40951	 	
864000	-1.23659	 	619.775	 	0.0142397	 	103.291	 	0.452818	 	114	 	8.86374	 	1.40932	 	
865000	-1.23654	 	619.728	 	0.0144157	 	103.255	 	0.452733	 	116	 	8.86175	 	1.40903	 	
866000	-1.23654	 	619.729	 	0.0144443	 	103.254	 	0.452723	 	106	 	8.86267	 	1.40908	 	
867000	-1.23653	 	619.715	 	0.0145262	 	103.234	 	0.452659	 	95	 	8.86412	 	1.40906	 	
868000	-1.23652	 	619.705	 	0.0145002	 	103.243	 	0.452688	 	143	 	8.86352	 	1.40907	 	
869000	-1.2365	 	619.685	 	0.014689	 	103.225	 	0.452633	 	93	 	8.86425	 	1.40906	 	
870000	-1.23655	 	619.735	 	0.0149976	 	103.261	 	0.45275	 	117	 	8.86176	 	1.40908	 	
871000	-1.23652	 	619.71	 	0.0147947	 	103.239	 	0.452698	 	94	 	8.86042	 	1.40878	 	
872000	-1.2365	 	619.685	 	0.0148094	 	103.204	 	0.452586	 	111	 	8.86256	 	1.40857	 	
873000	-1.2365	 	619.688	 	0.0147224	 	103.199	 	0.452564	 	85	 	8.86394	 	1.40842	 	
874000	-1.23655	 	619.737	 	0.0140481	 	103.245	 	0.452704	 	73	 	8.86189	 	1.40858	 	
875000	-1.23658	 	619.768	 	0.0134744	 	103.274	 	0.452786	 	86	 	8.86169	 	1.40861	 	
876000	-1.23658	 	619.764	 	0.0131897	 	103.263	 	0.452768	 	91	 	8.85981	 	1.40849	 	
877000	-1.23658	 	619.769	 	0.0129447	 	103.266	 	0.452776	 	124	 	8.85956	 	1.40838	 	
878000	-1.23659	 	619.77	 	0.0129645	 	103.265	 	0.452777	 	79	 	8.85932	 	1.40834	 	
879000	-1.2366	 	619.782	 	0.0130882	 	103.269	 	0.452769	 	109	 	8.86202	 	1.40859	 	
880000	-1.23665	 	619.84	 	0.0131645	 	103.309	 	0.45286	 	85	 	8.86521	 	1.4092	 	
881000	-1.23661	 	619.795	 	0.0134499	 	103.272	 	0.452747	 	96	 	8.86677	 	1.409	 	
882000	-1.23667	 	619.859	 	0.0133498	 	103.32	 	0.45288	 	115	 	8.86675	 	1.40927	 	
883000	-1.23666	 	619.846	 	0.013054	 	103.317	 	0.452889	 	110	 	8.86408	 	1.40889	 	
884000	-1.23661	 	619.795	 	0.0129942	 	103.274	 	0.452742	 	106	 	8.86828	 	1.40902	 	
885000	-1.23662	 	619.803	 	0.0124397	 	103.283	 	0.452773	 	125	 	8.86737	 	1.40896	 	
886000	-1.23662	 	619.807	 	0.0119198	 	103.289	 	0.452785	 	117	 	8.86796	 	1.40891	 	
887000	-1.23663	 	619.82	 	0.0117859	 	103.312	 	0.452862	 	113	 	8.86613	 	1.40896	 	
888000	-1.23665	 	619.837	 	0.0115939	 	103.317	 	0.45286	 	123	 	8.86824	 	1.40892	 	
889000	-1.23668	 	619.868	 	0.0109961	 	103.344	 	0.452939	 	118	 	8.8676	 	1.40911	 	
890000	-1.23669	 	619.879	 	0.010853	 	103.347	 	0.452942	 	108	 	8.86842	 	1.40936	 	
891000	-1.23664	 	619.826	 	0.0110093	 	103.305	 	0.452829	 	117	 	8.86813	 	1.40911	 	
892000	-1.23663	 	619.824	 	0.0111361	 	103.296	 	0.452778	 	120	 	8.8719	 	1.40962	 	
893000	-1.23666	 	619.846	 	0.0109698	 	103.313	 	0.45283	 	72	 	8.87107	 	1.40962	 	
894000	-1.23668	 	619.867	 	0.0110654	 	103.33	 	0.452887	 	148	 	8.86954	 	1.40966	 	
895000	-1.23665	 	619.836	 	0.0107312	 	103.303	 	0.452815	 	92	 	8.86923	 	1.40961	 	
896000	-1.23668	 	619.868	 	0.0113182	 	103.332	 	0.45291	 	92	 	8.867	 	1.40967	 	
897000	-1.23671	 	619.899	 	0.0112007	 	103.354	 	0.452972	 	142	 	8.86689	 	1.41006	 	
898000	-1.2367	 	619.89	 	0.011292	 	103.356	 	0.45298	 	125	 	8.86668	 	1.41015	 	
899000	-1.23667	 	619.859	 	0.0115413	 	103.328	 	0.4529	 	120	 	8.86674	 	1.41001	 	
900000	-1.23663	 	619.821	 	0.0112103	 	103.303	 	0.452828	 	131	 	8.86715	 	1.40992	 	
901000	-1.23664	 	619.834	 	0.0107536	 	103.32	 	0.452858	 	120	 	8.86975	 	1.41011	 	
902000	-1.23672	 	619.912	 	0.0113397	 	103.379	 	0.453008	 	131	 	8.87171	 	1.41071	 	
903000	-1.23671	 	619.906	 	0.0116921	 	103.374	 	0.453015	 	95	 	8.86871	 	1.41046	 	
904000	-1.23672	 	619.911	 	0.0112799	 	103.377	 	0.453019	 	118	 	8.86936	 	1.41069	 	
905000	-1.23675	 	619.951	 	0.0107281	 	103.397	 	0.45307	 	114	 	8.86977	 	1.41079	 	
906000	-1.23673	 	619.926	 	0.0103451	 	103.372	 	0.452995	 	88	 	8.87077	 	1.4107	 	
907000	-1.23677	 	619.965	 	0.00986236	 	103.392	 	0.453037	 	122	 	8.87313	 	1.41104	 	
908000	-1.2367	 	619.901	 	0.00977833	 	103.341	 	0.452901	 	127	 	8.87227	 	1.41072	 	
909000	-1.23668	 	619.88	 	0.00941075	 	103.319	 	0.452844	 	89	 	8.87163	 	1.41049	 	
910000	-1.23674	 	619.933	 	0.00940214	 	103.366	 	0.45299	 	99	 	8.86923	 	1.41039	 	
911000	-1.23673	 	619.924	 	0.00971257	 	103.358	 	0.452985	 	141	 	8.86677	 	1.41037	 	
912000	-1.23671	 	619.907	 	0.0097179	 	103.335	 	0.452917	 	100	 	8.86743	 	1.41022	 	
913000	-1.23669	 	619.883	 	0.00944089	 	103.31	 	0.452839	 	73	 	8.86864	 	1.41031	 	
914000	-1.23669	 	619.883	 	0.00949096	 	103.308	 	0.452827	 	137	 	8.86954	 	1.41052	 	
915000	-1.2367	 	619.9	 	0.00990513	 	103.32	 	0.452854	 	107	 	8.87052	 	1.41065	 	
916000	-1.23672	 	619.915	 	0.00984733	 	103.332	 	0.452895	 	96	 	8.8693	 	1.41044	 	
917000	-1.2367	 	619.888	 	0.00987011	 	103.307	 	0.452839	 	111	 	8.86757	 	1.41	 	
918000	-1.23672	 	619.915	 	0.0100026	 	103.334	 	0.452917	 	107	 	8.86687	 	1.4101	 	
919000	-1.23671	 	619.899	 	0.0100242	 	103.316	 	0.452878	 	99	 	8.8652	 	1.40999	 	
920000	-1.2367	 	619.894	 	0.00999221	 	103.317	 	0.452905	 	98	 	8.86155	 	1.40956	 	
921000	-1.23675	 	619.938	 	0.0100124	 	103.357	 	0.453031	 	103	 	8.85912	 	1.40947	 	
922000	-1.23671	 	619.897	 	0.0102611	 	103.32	 	0.452905	 	115	 	8.86306	 	1.40935	 	
923000	-1.23672	 	619.912	 	0.0100745	 	103.333	 	0.452935	 	114	 	8.86363	 	1.40929	 	
924000	-1.23666	 	619.851	 	0.0103615	 	103.29	 	0.452818	 	121	 	8.86347	 	1.40904	 	
925000	-1.23662	 	619.81	 	0.010417	 	103.252	 	0.452701	 	120	 	8.86549	 	1.40904	 	
926000	-1.23665	 	619.841	 	0.0103046	 	103.275	 	0.452763	 	101	 	8.86557	 	1.40909	 	
927000	-1.2366	 	619.784	 	0.0104947	 	103.238	 	0.452664	 	137	 	8.86497	 	1.40877	 	
928000	-1.23657	 	619.756	 	0.01085	 	103.223	 	0.452619	 	95	 	8.86557	 	1.40879	 	
929000	-1.23658	 	619.763	 	0.0105465	 	103.234	 	0.45265	 	121	 	8.8653	 	1.40869	 	
930000	-1.23659	 	619.776	 	0.0102372	 	103.246	 	0.452674	 	94	 	8.86698	 	1.40878	 	
931000	-1.23657	 	619.754	 	0.00979071	 	103.236	 	0.452647	 	123	 	8.8668	 	1.40876	 	
932000	-1.23654	 	619.727	 	0.010153	 	103.211	 	0.452588	 	150	 	8.86509	 	1.40835	 	
933000	-1.2365	 	619.686	 	0.00985331	 	103.18	 	0.45251	 	108	 	8.86402	 	1.40818	 	
934000	-1.23646	 	619.644	 	0.00981123	 	103.147	 	0.45241	 	131	 	8.86545	 	1.40815	 	
935000	-1.23652	 	619.703	 	0.0096582	 	103.185	 	0.452508	 	58	 	8.8664	 	1.40847	 	
936000	-1.23654	 	619.724	 	0.00934851	 	103.196	 	0.452533	 	79	 	8.86716	 	1.4088	 	
937000	-1.23652	 	619.707	 	0.00903485	 	103.177	 	0.45248	 	130	 	8.86761	 	1.40854	 	
938000	-1.23652	 	619.704	 	0.00938314	 	103.174	 	0.45248	 	123	 	8.86634	 	1.40831	 	
939000	-1.23651	 	619.69	 	0.008948	 	103.162	 	0.452455	 	135	 	8.86485	 	1.40804	 	
940000	-1.23652	 	619.697	 	0.00942307	 	103.174	 	0.452513	 	119	 	8.86119	 	1.40771	 	
941000	-1.23657	 	619.754	 	0.0098595	 	103.205	 	0.452595	 	127	 	8.86173	 	1.40785	 	
942000	-1.23661	 	619.787	 	0.0101792	 	103.237	 	0.45269	 	82	 	8.86073	 	1.40793	 	
943000	-1.23666	 	619.842	 	0.0107293	 	103.284	 	0.452818	 	92	 	8.86108	 	1.408	 	
944000	-1.2367	 	619.886	 	0.0109089	 	103.318	 	0.452922	 	73	 	8.85969	 	1.40804	 	
945000	-1.23672	 	619.904	 	0.0109786	 	103.33	 	0.452937	 	86	 	8.86199	 	1.40852	 	
946000	-1.23672	 	619.905	 	0.0105786	 	103.33	 	0.452947	 	122	 	8.86081	 	1.40828	 	
947000	-1.23668	 	619.861	 	0.0108122	 	103.292	 	0.452833	 	153	 	8.86219	 	1.40838	 	
948000	-1.23669	 	619.873	 	0.0107793	 	103.298	 	0.45286	 	111	 	8.86056	 	1.40843	 	
949000	-1.2367	 	619.881	 	0.0108303	 	103.305	 	0.452891	 	95	 	8.85868	 	1.40829	 	
950000	-1.23665	 	619.834	 	0.010801	 	103.266	 	0.452792	 	76	 	8.85755	 	1.40784	 	
951000	-1.23669	 	619.874	 	0.010309	 	103.295	 	0.452872	 	173	 	8.85733	 	1.40812	 	
952000	-1.23671	 	619.898	 	0.0102559	 	103.313	 	0.452915	 	123	 	8.85821	 	1.40845	 	
953000	-1.23671	 	619.89	 	0.00997815	 	103.308	 	0.452901	 	72	 	8.85824	 	1.40838	 	
954000	-1.23675	 	619.932	 	0.00946124	 	103.343	 	0.453	 	144	 	8.85798	 	1.40858	 	
955000	-1.2368	 	619.98	 	0.0089534	 	103.369	 	0.453082	 	80	 	8.85635	 	1.40875	 	
956000	-1.23677	 	619.955	 	0.00919026	 	103.361	 	0.453073	 	124	 	8.8547	 	1.40889	 	
957000	-1.23679	 	619.976	 	0.00908688	 	103.384	 	0.453135	 	157	 	8.85467	 	1.4089	 	
958000	-1.2368	 	619.982	 	0.0087278	 	103.365	 	0.453067	 	134	 	8.85737	 	1.40889	 	
959000	-1.23676	 	619.948	 	0.00888114	 	103.336	 	0.45297	 	88	 	8.8597	 	1.40893	 	
960000	-1.23679	 	619.981	 	0.00893794	 	103.355	 	0.453013	 	132	 	8.861	 	1.4091	 	
961000	-1.23682	 	620.01	 	0.00900233	 	103.389	 	0.453117	 	122	 	8.85952	 	1.40916	 	
962000	-1.23686	 	620.046	 	0.00952695	 	103.412	 	0.453194	 	114	 	8.85748	 	1.40903	 	
963000	-1.23686	 	620.045	 	0.00931412	 	103.422	 	0.453225	 	88	 	8.85717	 	1.40927	 	
964000	-1.23688	 	620.068	 	0.0096011	 	103.444	 	0.453279	 	148	 	8.8579	 	1.40954	 	
965000	-1.23685	 	620.038	 	0.00954642	 	103.42	 	0.453209	 	113	 	8.85854	 	1.40949	 	
966000	-1.23684	 	620.03	 	0.009205	 	103.413	 	0.453187	 	94	 	8.85913	 	1.40965	 	
967000	-1.2368	 	619.993	 	0.00902458	 	103.384	 	0.453103	 	121	 	8.85969	 	1.40957	 	
968000	-1.23685	 	620.038	 	0.00867146	 	103.413	 	0.453183	 	88	 	8.85962	 	1.40979	 	
969000	-1.23685	 	620.042	 	0.00818972	 	103.419	 	0.4532	 	110	 	8.85962	 	1.40977	 	
970000	-1.23689	 	620.081	 	0.00760219	 	103.457	 	0.453312	 	114	 	8.85848	 	1.40986	 	
971000	-1.23692	 	620.11	 	0.00721781	 	103.481	 	0.453387	 	102	 	8.85703	 	1.40987	 	
972000	-1.2369	 	620.086	 	0.00746666	 	103.456	 	0.453322	 	131	 	8.85666	 	1.40966	 	
973000	-1.23686	 	620.045	 	0.00746183	 	103.428	 	0.45323	 	124	 	8.85883	 	1.40977	 	
974000	-1.23684	 	620.033	 	0.00733844	 	103.423	 	0.453215	 	123	 	8.8587	 	1.40972	 	
975000	-1.23688	 	620.074	 	0.00756938	 	103.438	 	0.453262	 	99	 	8.85793	 	1.40984	 	
976000	-1.23692	 	620.108	 	0.00764607	 	103.457	 	0.453327	 	55	 	8.85603	 	1.40991	 	
977000	-1.23689	 	620.084	 	0.00759462	 	103.445	 	0.453285	 	105	 	8.85755	 	1.41018	 	
978000	-1.23691	 	620.1	 	0.00753763	 	103.456	 	0.453311	 	87	 	8.85805	 	1.41019	 	
979000	-1.23693	 	620.121	 	0.00761582	 	103.475	 	0.453364	 	85	 	8.85817	 	1.41018	 	
980000	-1.23701	 	620.201	 	0.00758692	 	103.534	 	0.453526	 	97	 	8.85816	 	1.41049	 	
981000	-1.23698	 	620.17	 	0.00727413	 	103.51	 	0.453442	 	72	 	8.86062	 	1.4105	 	
982000	-1.23694	 	620.13	 	0.00712395	 	103.473	 	0.453342	 	111	 	8.8608	 	1.41018	 	
983000	-1.23694	 	620.127	 	0.00709166	 	103.472	 	0.453334	 	60	 	8.86141	 	1.41014	 	
984000	-1.23695	 	620.14	 	0.00690639	 	103.48	 	0.453347	 	114	 	8.86264	 	1.41042	 	
985000	-1.23695	 	620.14	 	0.00684728	 	103.486	 	0.453379	 	133	 	8.86032	 	1.41039	 	
986000	-1.23697	 	620.157	 	0.00644771	 	103.501	 	0.453413	 	94	 	8.86137	 	1.41033	 	
987000	-1.23701	 	620.204	 	0.00588189	 	103.533	 	0.453513	 	78	 	8.85973	 	1.41056	 	
988000	-1.23701	 	620.207	 	0.00543571	 	103.536	 	0.453517	 	163	 	8.86041	 	1.41061	 	
989000	-1.237	 	620.19	 	0.00523221	 	103.525	 	0.453495	 	125	 	8.85914	 	1.41059	 	
990000	-1.237	 	620.192	 	0.00502307	 	103.525	 	0.453494	 	102	 	8.85915	 	1.4106	 	
991000	-1.23703	 	620.22	 	0.00464779	 	103.541	 	0.453543	 	104	 	8.85868	 	1.4108	 	
992000	-1.23698	 	620.175	 	0.00461802	 	103.513	 	0.453464	 	116	 	8.85907	 	1.41061	 	
993000	-1.23699	 	620.182	 	0.00438343	 	103.522	 	0.453493	 	127	 	8.85802	 	1.41057	 	
994000	-1.237	 	620.197	 	0.00404703	 	103.547	 	0.453567	 	106	 	8.85739	 	1.41078	 	
995000	-1.237	 	620.198	 	0.00366168	 	103.551	 	0.453567	 	81	 	8.85883	 	1.41096	 	
996000	-1.237	 	620.191	 	0.00400357	 	103.542	 	0.453541	 	110	 	8.85947	 	1.41093	 	
997000	-1.23699	 	620.183	 	0.00403442	 	103.537	 	0.453534	 	109	 	8.85827	 	1.41063	 	
998000	-1.23701	 	620.203	 	0.00447832	 	103.548	 	0.45357	 	121	 	8.85736	 	1.4105	 	
999000	-1.23707	 	620.257	 	0.00480583	 	103.594	 	0.453707	 	111	 	8.8559	 	1.41058	 	
