MCcycles: 1000000	 L = 20	 T = 1	 Randomstart = 1
MCcycles 	 E 		 E2 		 M 		 M2 		 Mabs 		 accepted		 X 		 Cv
1	-0.75	 	225	 	-0.06	 	1.44	 	0.06	 	0.52	 	0	 	0	 	
1000	-1.75873	 	1239.91	 	0.34848	 	75.2198	 	0.36581	 	0	 	21.693	 	2.65659	 	
2000	-1.8781	 	1417.93	 	0.673915	 	237.351	 	0.68258	 	0	 	50.9845	 	7.03769	 	
3000	-1.91788	 	1477.26	 	0.782395	 	291.396	 	0.788172	 	0	 	42.9098	 	5.96453	 	
4000	-1.93741	 	1506.36	 	0.836544	 	318.345	 	0.840876	 	0	 	35.5161	 	4.9388	 	
5000	-1.94937	 	1524.2	 	0.869096	 	334.565	 	0.872562	 	0.0025	 	30.0196	 	4.18419	 	
6000	-1.95735	 	1536.11	 	0.890796	 	345.377	 	0.893684	 	0	 	25.9089	 	3.61809	 	
7000	-1.963	 	1544.52	 	0.90628	 	353.088	 	0.908756	 	0	 	22.753	 	3.18145	 	
8000	-1.96728	 	1550.91	 	0.917907	 	358.882	 	0.920074	 	0	 	20.2678	 	2.83782	 	
9000	-1.97058	 	1555.83	 	0.926943	 	363.382	 	0.928869	 	0	 	18.2635	 	2.55986	 	
10000	-1.97323	 	1559.79	 	0.934176	 	366.986	 	0.935909	 	0	 	16.6157	 	2.33172	 	
11000	-1.97541	 	1563.04	 	0.940094	 	369.934	 	0.941669	 	0	 	15.2381	 	2.14062	 	
12000	-1.97716	 	1565.65	 	0.945011	 	372.38	 	0.946455	 	0	 	14.0692	 	1.97814	 	
13000	-1.97871	 	1567.96	 	0.949188	 	374.462	 	0.950521	 	0	 	13.0664	 	1.83911	 	
14000	-1.98002	 	1569.92	 	0.952765	 	376.245	 	0.954003	 	0.005	 	12.1962	 	1.71838	 	
15000	-1.98113	 	1571.57	 	0.955858	 	377.784	 	0.957013	 	0	 	11.434	 	1.61241	 	
16000	-1.98216	 	1573.1	 	0.958578	 	379.141	 	0.959661	 	0	 	10.7615	 	1.5191	 	
17000	-1.98303	 	1574.4	 	0.960969	 	380.332	 	0.961989	 	0	 	10.1632	 	1.43597	 	
18000	-1.98384	 	1575.61	 	0.963103	 	381.397	 	0.964066	 	0	 	9.62803	 	1.36175	 	
19000	-1.98451	 	1576.61	 	0.965	 	382.34	 	0.965912	 	0	 	9.14593	 	1.29489	 	
20000	-1.98513	 	1577.53	 	0.96671	 	383.191	 	0.967576	 	0	 	8.70978	 	1.23431	 	
21000	-1.98571	 	1578.4	 	0.968262	 	383.966	 	0.969087	 	0	 	8.31336	 	1.17923	 	
22000	-1.98623	 	1579.18	 	0.969672	 	384.668	 	0.970459	 	0	 	7.95137	 	1.12906	 	
23000	-1.98671	 	1579.89	 	0.970959	 	385.31	 	0.971712	 	0	 	7.61955	 	1.08295	 	
24000	-1.98714	 	1580.53	 	0.972136	 	385.896	 	0.972858	 	0.0025	 	7.31422	 	1.04059	 	
25000	-1.98754	 	1581.13	 	0.973223	 	386.438	 	0.973916	 	0	 	7.03246	 	1.00144	 	
26000	-1.98789	 	1581.65	 	0.97422	 	386.933	 	0.974887	 	0.005	 	6.77146	 	0.965116	 	
27000	-1.98823	 	1582.15	 	0.975146	 	387.394	 	0.975788	 	0	 	6.52918	 	0.931545	 	
28000	-1.98851	 	1582.56	 	0.975997	 	387.815	 	0.976616	 	0	 	6.30348	 	0.900275	 	
29000	-1.98882	 	1583.03	 	0.976803	 	388.218	 	0.977401	 	0	 	6.09306	 	0.870997	 	
30000	-1.98908	 	1583.42	 	0.977548	 	388.588	 	0.978126	 	0	 	5.89613	 	0.843756	 	
31000	-1.98934	 	1583.81	 	0.978249	 	388.938	 	0.978808	 	0	 	5.71157	 	0.818112	 	
32000	-1.98958	 	1584.17	 	0.978906	 	389.265	 	0.979447	 	0	 	5.53819	 	0.794045	 	
33000	-1.9898	 	1584.5	 	0.979521	 	389.571	 	0.980047	 	0.0025	 	5.37502	 	0.771459	 	
34000	-1.99004	 	1584.85	 	0.980107	 	389.865	 	0.980617	 	0	 	5.22126	 	0.750081	 	
35000	-1.99024	 	1585.16	 	0.980655	 	390.138	 	0.98115	 	0	 	5.07599	 	0.729817	 	
36000	-1.99044	 	1585.45	 	0.981173	 	390.396	 	0.981654	 	0	 	4.93859	 	0.710718	 	
37000	-1.99062	 	1585.72	 	0.981662	 	390.641	 	0.982131	 	0	 	4.80843	 	0.692572	 	
38000	-1.99078	 	1585.96	 	0.982123	 	390.87	 	0.982579	 	0	 	4.68491	 	0.675421	 	
39000	-1.99094	 	1586.2	 	0.982563	 	391.089	 	0.983007	 	0	 	4.56761	 	0.659095	 	
40000	-1.9911	 	1586.43	 	0.98298	 	391.296	 	0.983413	 	0	 	4.45603	 	0.643554	 	
41000	-1.99125	 	1586.66	 	0.98338	 	391.497	 	0.983802	 	0	 	4.3498	 	0.628748	 	
42000	-1.99141	 	1586.89	 	0.983761	 	391.688	 	0.984174	 	0	 	4.24853	 	0.614607	 	
43000	-1.99154	 	1587.09	 	0.984121	 	391.867	 	0.984524	 	0	 	4.15183	 	0.601203	 	
44000	-1.99168	 	1587.3	 	0.984468	 	392.041	 	0.984862	 	0	 	4.05947	 	0.588327	 	
45000	-1.9918	 	1587.48	 	0.984797	 	392.205	 	0.985182	 	0	 	3.9711	 	0.576012	 	
46000	-1.99192	 	1587.66	 	0.985112	 	392.362	 	0.985489	 	0	 	3.88649	 	0.564228	 	
47000	-1.99202	 	1587.81	 	0.985412	 	392.511	 	0.98578	 	0.005	 	3.8054	 	0.553016	 	
48000	-1.99212	 	1587.96	 	0.985699	 	392.654	 	0.98606	 	0	 	3.72763	 	0.542215	 	
49000	-1.99222	 	1588.12	 	0.985976	 	392.791	 	0.98633	 	0	 	3.65298	 	0.531808	 	
50000	-1.99233	 	1588.27	 	0.986243	 	392.925	 	0.98659	 	0	 	3.58128	 	0.521821	 	
51000	-1.99242	 	1588.4	 	0.986497	 	393.051	 	0.986837	 	0.0025	 	3.51231	 	0.512258	 	
52000	-1.99251	 	1588.54	 	0.986743	 	393.173	 	0.987076	 	0	 	3.44597	 	0.503035	 	
53000	-1.99258	 	1588.64	 	0.986974	 	393.287	 	0.987301	 	0	 	3.38204	 	0.494284	 	
54000	-1.99264	 	1588.74	 	0.987198	 	393.398	 	0.987519	 	0	 	3.32046	 	0.485748	 	
55000	-1.99273	 	1588.86	 	0.987417	 	393.507	 	0.987732	 	0	 	3.2611	 	0.477492	 	
56000	-1.9928	 	1588.97	 	0.987628	 	393.612	 	0.987938	 	0	 	3.20382	 	0.469523	 	
57000	-1.99286	 	1589.07	 	0.987829	 	393.711	 	0.988133	 	0.0025	 	3.1485	 	0.461921	 	
58000	-1.99294	 	1589.17	 	0.988025	 	393.809	 	0.988324	 	0	 	3.09509	 	0.45452	 	
59000	-1.99301	 	1589.28	 	0.988216	 	393.904	 	0.98851	 	0	 	3.04345	 	0.447346	 	
60000	-1.99308	 	1589.38	 	0.988401	 	393.996	 	0.988689	 	0	 	2.99352	 	0.440365	 	
61000	-1.99314	 	1589.48	 	0.988578	 	394.084	 	0.988862	 	0.0025	 	2.94518	 	0.433636	 	
62000	-1.9932	 	1589.57	 	0.988749	 	394.17	 	0.989029	 	0	 	2.89838	 	0.427123	 	
63000	-1.99327	 	1589.67	 	0.988917	 	394.254	 	0.989192	 	0	 	2.85306	 	0.42077	 	
64000	-1.99333	 	1589.76	 	0.989079	 	394.335	 	0.98935	 	0	 	2.80913	 	0.414621	 	
65000	-1.9934	 	1589.86	 	0.989238	 	394.415	 	0.989505	 	0.0025	 	2.76655	 	0.408644	 	
66000	-1.99344	 	1589.93	 	0.989388	 	394.489	 	0.989651	 	0	 	2.72521	 	0.402936	 	
67000	-1.99351	 	1590.03	 	0.989538	 	394.564	 	0.989797	 	0	 	2.68512	 	0.397321	 	
68000	-1.99357	 	1590.12	 	0.989683	 	394.637	 	0.989938	 	0	 	2.64618	 	0.391842	 	
69000	-1.99362	 	1590.2	 	0.989821	 	394.706	 	0.990073	 	0	 	2.60835	 	0.386605	 	
70000	-1.99367	 	1590.27	 	0.989957	 	394.773	 	0.990204	 	0.005	 	2.57159	 	0.38149	 	
71000	-1.99372	 	1590.35	 	0.990089	 	394.839	 	0.990333	 	0.0025	 	2.53586	 	0.376499	 	
72000	-1.99376	 	1590.41	 	0.990215	 	394.902	 	0.990455	 	0	 	2.50109	 	0.371677	 	
73000	-1.9938	 	1590.47	 	0.990336	 	394.962	 	0.990574	 	0.005	 	2.46726	 	0.367051	 	
74000	-1.99385	 	1590.54	 	0.990459	 	395.023	 	0.990693	 	0	 	2.43435	 	0.362447	 	
75000	-1.99389	 	1590.6	 	0.990575	 	395.081	 	0.990806	 	0	 	2.40229	 	0.357984	 	
76000	-1.99393	 	1590.66	 	0.990689	 	395.138	 	0.990917	 	0.0025	 	2.37107	 	0.353668	 	
77000	-1.99398	 	1590.73	 	0.990802	 	395.195	 	0.991027	 	0	 	2.34067	 	0.349393	 	
78000	-1.99403	 	1590.81	 	0.990913	 	395.251	 	0.991135	 	0	 	2.31103	 	0.345212	 	
79000	-1.99407	 	1590.87	 	0.991019	 	395.304	 	0.991239	 	0	 	2.28213	 	0.341164	 	
80000	-1.99411	 	1590.92	 	0.991122	 	395.355	 	0.991339	 	0	 	2.25394	 	0.337283	 	
81000	-1.99414	 	1590.97	 	0.991222	 	395.405	 	0.991436	 	0.005	 	2.22644	 	0.333462	 	
82000	-1.99417	 	1591.02	 	0.991319	 	395.452	 	0.99153	 	0	 	2.19959	 	0.32974	 	
83000	-1.99421	 	1591.07	 	0.991414	 	395.5	 	0.991623	 	0	 	2.17339	 	0.326108	 	
84000	-1.99425	 	1591.14	 	0.99151	 	395.548	 	0.991716	 	0	 	2.14782	 	0.322489	 	
85000	-1.99428	 	1591.18	 	0.991601	 	395.593	 	0.991804	 	0.005	 	2.12283	 	0.319002	 	
86000	-1.99432	 	1591.24	 	0.991691	 	395.639	 	0.991892	 	0	 	2.09843	 	0.315589	 	
87000	-1.99435	 	1591.28	 	0.991777	 	395.682	 	0.991977	 	0.0025	 	2.07457	 	0.312271	 	
88000	-1.99438	 	1591.33	 	0.991863	 	395.724	 	0.99206	 	0.0025	 	2.05125	 	0.309026	 	
89000	-1.99441	 	1591.38	 	0.991945	 	395.765	 	0.99214	 	0	 	2.02845	 	0.305858	 	
90000	-1.99444	 	1591.42	 	0.992027	 	395.806	 	0.99222	 	0	 	2.00616	 	0.302766	 	
91000	-1.99447	 	1591.46	 	0.992106	 	395.845	 	0.992296	 	0	 	1.98435	 	0.299756	 	
92000	-1.9945	 	1591.51	 	0.992185	 	395.885	 	0.992373	 	0	 	1.96301	 	0.296775	 	
93000	-1.99453	 	1591.56	 	0.992261	 	395.923	 	0.992448	 	0	 	1.94212	 	0.293861	 	
94000	-1.99456	 	1591.59	 	0.992335	 	395.96	 	0.99252	 	0	 	1.92167	 	0.291005	 	
95000	-1.99458	 	1591.63	 	0.992408	 	395.996	 	0.99259	 	0	 	1.90164	 	0.288214	 	
96000	-1.9946	 	1591.66	 	0.992478	 	396.031	 	0.992659	 	0.005	 	1.88203	 	0.285523	 	
97000	-1.99463	 	1591.7	 	0.992548	 	396.065	 	0.992727	 	0	 	1.86283	 	0.282855	 	
98000	-1.99466	 	1591.74	 	0.992617	 	396.099	 	0.992793	 	0.0025	 	1.84401	 	0.280243	 	
99000	-1.99468	 	1591.77	 	0.992682	 	396.132	 	0.992857	 	0	 	1.82556	 	0.277716	 	
100000	-1.9947	 	1591.81	 	0.992749	 	396.165	 	0.992922	 	0	 	1.80748	 	0.275164	 	
101000	-1.99473	 	1591.85	 	0.992814	 	396.198	 	0.992985	 	0	 	1.78976	 	0.272692	 	
102000	-1.99475	 	1591.88	 	0.992877	 	396.229	 	0.993046	 	0	 	1.77238	 	0.270282	 	
103000	-1.99477	 	1591.92	 	0.992939	 	396.26	 	0.993107	 	0	 	1.75534	 	0.267914	 	
104000	-1.99479	 	1591.94	 	0.992999	 	396.289	 	0.993165	 	0	 	1.73862	 	0.265626	 	
105000	-1.99482	 	1591.98	 	0.993059	 	396.32	 	0.993224	 	0	 	1.72222	 	0.263324	 	
106000	-1.99484	 	1592.02	 	0.993118	 	396.35	 	0.993282	 	0	 	1.70612	 	0.261044	 	
107000	-1.99486	 	1592.05	 	0.993175	 	396.378	 	0.993337	 	0	 	1.69033	 	0.258877	 	
108000	-1.99488	 	1592.07	 	0.993231	 	396.406	 	0.993392	 	0	 	1.67482	 	0.256736	 	
109000	-1.9949	 	1592.11	 	0.993287	 	396.433	 	0.993446	 	0.0025	 	1.65959	 	0.254585	 	
110000	-1.99492	 	1592.14	 	0.993341	 	396.461	 	0.993499	 	0	 	1.64464	 	0.252491	 	
111000	-1.99494	 	1592.17	 	0.993395	 	396.487	 	0.993551	 	0	 	1.62996	 	0.25044	 	
112000	-1.99496	 	1592.2	 	0.993447	 	396.513	 	0.993602	 	0	 	1.61553	 	0.248412	 	
113000	-1.99498	 	1592.23	 	0.993499	 	396.539	 	0.993653	 	0.0025	 	1.60136	 	0.246428	 	
114000	-1.995	 	1592.25	 	0.993549	 	396.564	 	0.993701	 	0	 	1.58744	 	0.244509	 	
115000	-1.99502	 	1592.28	 	0.993598	 	396.589	 	0.993749	 	0	 	1.57375	 	0.242593	 	
116000	-1.99503	 	1592.3	 	0.993646	 	396.612	 	0.993795	 	0	 	1.5603	 	0.240734	 	
117000	-1.99504	 	1592.31	 	0.993692	 	396.634	 	0.99384	 	0	 	1.54707	 	0.238928	 	
118000	-1.99506	 	1592.34	 	0.99374	 	396.658	 	0.993886	 	0	 	1.53408	 	0.237119	 	
119000	-1.99508	 	1592.37	 	0.993787	 	396.682	 	0.993933	 	0	 	1.5213	 	0.235319	 	
120000	-1.9951	 	1592.41	 	0.993835	 	396.706	 	0.993979	 	0	 	1.50873	 	0.233514	 	
121000	-1.99512	 	1592.44	 	0.993881	 	396.73	 	0.994024	 	0	 	1.49637	 	0.231754	 	
122000	-1.99514	 	1592.47	 	0.993925	 	396.752	 	0.994067	 	0	 	1.4842	 	0.230042	 	
123000	-1.99516	 	1592.49	 	0.993968	 	396.774	 	0.994109	 	0.005	 	1.47224	 	0.228381	 	
124000	-1.99517	 	1592.51	 	0.99401	 	396.794	 	0.99415	 	0	 	1.46046	 	0.22677	 	
125000	-1.99518	 	1592.53	 	0.994052	 	396.815	 	0.99419	 	0	 	1.44887	 	0.225175	 	
126000	-1.9952	 	1592.55	 	0.994093	 	396.835	 	0.99423	 	0	 	1.43746	 	0.223591	 	
127000	-1.99521	 	1592.57	 	0.994133	 	396.855	 	0.994269	 	0	 	1.42624	 	0.222064	 	
128000	-1.99523	 	1592.59	 	0.994173	 	396.875	 	0.994309	 	0	 	1.41519	 	0.220508	 	
129000	-1.99524	 	1592.62	 	0.994213	 	396.895	 	0.994348	 	0	 	1.4043	 	0.218968	 	
130000	-1.99525	 	1592.63	 	0.994251	 	396.914	 	0.994385	 	0	 	1.39358	 	0.217492	 	
131000	-1.99527	 	1592.65	 	0.994289	 	396.932	 	0.994421	 	0	 	1.38303	 	0.216035	 	
132000	-1.99528	 	1592.67	 	0.994326	 	396.951	 	0.994457	 	0	 	1.37263	 	0.214597	 	
133000	-1.99529	 	1592.69	 	0.994363	 	396.969	 	0.994493	 	0	 	1.36239	 	0.213164	 	
134000	-1.99531	 	1592.71	 	0.9944	 	396.988	 	0.994529	 	0	 	1.35231	 	0.211766	 	
135000	-1.99532	 	1592.73	 	0.994436	 	397.005	 	0.994564	 	0	 	1.34237	 	0.210384	 	
136000	-1.99533	 	1592.75	 	0.994471	 	397.023	 	0.994599	 	0.0025	 	1.33257	 	0.209019	 	
137000	-1.99534	 	1592.77	 	0.994506	 	397.041	 	0.994633	 	0	 	1.32292	 	0.207671	 	
138000	-1.99536	 	1592.79	 	0.994541	 	397.058	 	0.994667	 	0	 	1.31341	 	0.206323	 	
139000	-1.99537	 	1592.8	 	0.994574	 	397.074	 	0.994699	 	0.0025	 	1.30403	 	0.205038	 	
140000	-1.99538	 	1592.82	 	0.994607	 	397.091	 	0.994731	 	0	 	1.29478	 	0.203748	 	
141000	-1.99539	 	1592.84	 	0.994641	 	397.108	 	0.994764	 	0	 	1.28567	 	0.202446	 	
142000	-1.9954	 	1592.86	 	0.994673	 	397.124	 	0.994795	 	0	 	1.27668	 	0.201218	 	
143000	-1.99542	 	1592.87	 	0.994705	 	397.14	 	0.994827	 	0.0075	 	1.26782	 	0.199972	 	
144000	-1.99543	 	1592.9	 	0.994738	 	397.156	 	0.994858	 	0	 	1.25908	 	0.198738	 	
145000	-1.99544	 	1592.91	 	0.994769	 	397.171	 	0.994888	 	0	 	1.25046	 	0.197554	 	
146000	-1.99545	 	1592.92	 	0.994799	 	397.186	 	0.994917	 	0	 	1.24196	 	0.196399	 	
147000	-1.99546	 	1592.93	 	0.994828	 	397.2	 	0.994946	 	0	 	1.23357	 	0.195271	 	
148000	-1.99547	 	1592.95	 	0.994858	 	397.216	 	0.994975	 	0.005	 	1.2253	 	0.194115	 	
149000	-1.99548	 	1592.97	 	0.994888	 	397.231	 	0.995005	 	0	 	1.21714	 	0.192952	 	
150000	-1.9955	 	1592.99	 	0.994918	 	397.246	 	0.995034	 	0	 	1.20908	 	0.191813	 	
151000	-1.99551	 	1593.01	 	0.994947	 	397.26	 	0.995062	 	0	 	1.20113	 	0.190708	 	
152000	-1.99552	 	1593.03	 	0.994976	 	397.275	 	0.99509	 	0	 	1.19329	 	0.189596	 	
153000	-1.99553	 	1593.05	 	0.995005	 	397.289	 	0.995118	 	0	 	1.18554	 	0.188492	 	
154000	-1.99554	 	1593.06	 	0.995032	 	397.303	 	0.995144	 	0.005	 	1.1779	 	0.187449	 	
155000	-1.99555	 	1593.07	 	0.995059	 	397.316	 	0.995171	 	0	 	1.17035	 	0.18641	 	
156000	-1.99556	 	1593.09	 	0.995086	 	397.33	 	0.995197	 	0	 	1.1629	 	0.18538	 	
157000	-1.99557	 	1593.1	 	0.995112	 	397.342	 	0.995222	 	0.0025	 	1.15555	 	0.184359	 	
158000	-1.99557	 	1593.11	 	0.995137	 	397.355	 	0.995247	 	0	 	1.14828	 	0.183362	 	
159000	-1.99558	 	1593.12	 	0.995163	 	397.368	 	0.995272	 	0	 	1.14111	 	0.182358	 	
160000	-1.99559	 	1593.14	 	0.995189	 	397.381	 	0.995297	 	0	 	1.13403	 	0.181365	 	
161000	-1.9956	 	1593.15	 	0.995213	 	397.393	 	0.995321	 	0	 	1.12703	 	0.180433	 	
162000	-1.99561	 	1593.16	 	0.995238	 	397.405	 	0.995345	 	0.0025	 	1.12012	 	0.179492	 	
163000	-1.99562	 	1593.17	 	0.995263	 	397.417	 	0.995369	 	0.0025	 	1.1133	 	0.178521	 	
164000	-1.99562	 	1593.18	 	0.995287	 	397.429	 	0.995393	 	0.005	 	1.10656	 	0.177613	 	
165000	-1.99563	 	1593.19	 	0.99531	 	397.44	 	0.995415	 	0	 	1.0999	 	0.176711	 	
166000	-1.99564	 	1593.21	 	0.995335	 	397.453	 	0.995439	 	0	 	1.09332	 	0.175773	 	
167000	-1.99565	 	1593.22	 	0.995358	 	397.464	 	0.995462	 	0	 	1.08681	 	0.174871	 	
168000	-1.99566	 	1593.23	 	0.995381	 	397.476	 	0.995484	 	0	 	1.08039	 	0.173978	 	
169000	-1.99566	 	1593.24	 	0.995403	 	397.487	 	0.995506	 	0	 	1.07404	 	0.173111	 	
170000	-1.99567	 	1593.25	 	0.995426	 	397.498	 	0.995528	 	0	 	1.06776	 	0.172241	 	
171000	-1.99568	 	1593.27	 	0.995448	 	397.509	 	0.99555	 	0	 	1.06156	 	0.171378	 	
172000	-1.99569	 	1593.28	 	0.99547	 	397.52	 	0.99557	 	0.0025	 	1.05543	 	0.170549	 	
173000	-1.99569	 	1593.28	 	0.995491	 	397.53	 	0.995591	 	0	 	1.04937	 	0.169715	 	
174000	-1.9957	 	1593.29	 	0.995512	 	397.54	 	0.995611	 	0	 	1.04338	 	0.168924	 	
175000	-1.99571	 	1593.31	 	0.995534	 	397.552	 	0.995633	 	0	 	1.03746	 	0.168073	 	
176000	-1.99572	 	1593.32	 	0.995556	 	397.562	 	0.995654	 	0	 	1.0316	 	0.167244	 	
177000	-1.99573	 	1593.34	 	0.995577	 	397.573	 	0.995675	 	0	 	1.02581	 	0.166428	 	
178000	-1.99574	 	1593.35	 	0.995598	 	397.583	 	0.995695	 	0	 	1.02009	 	0.165614	 	
179000	-1.99574	 	1593.36	 	0.995617	 	397.593	 	0.995714	 	0	 	1.01442	 	0.164851	 	
180000	-1.99574	 	1593.36	 	0.995636	 	397.602	 	0.995733	 	0.0025	 	1.00882	 	0.164108	 	
181000	-1.99575	 	1593.38	 	0.995657	 	397.613	 	0.995753	 	0	 	1.00329	 	0.163324	 	
182000	-1.99576	 	1593.39	 	0.995677	 	397.623	 	0.995772	 	0	 	0.997811	 	0.162563	 	
183000	-1.99577	 	1593.4	 	0.995697	 	397.633	 	0.995792	 	0	 	0.992394	 	0.161799	 	
184000	-1.99578	 	1593.41	 	0.995717	 	397.643	 	0.995811	 	0	 	0.987035	 	0.161037	 	
185000	-1.99578	 	1593.42	 	0.995736	 	397.652	 	0.995829	 	0	 	0.981734	 	0.160302	 	
186000	-1.99579	 	1593.43	 	0.995754	 	397.661	 	0.995847	 	0	 	0.97649	 	0.159603	 	
187000	-1.9958	 	1593.44	 	0.995773	 	397.671	 	0.995866	 	0	 	0.971302	 	0.158872	 	
188000	-1.9958	 	1593.45	 	0.995791	 	397.68	 	0.995884	 	0.0025	 	0.966168	 	0.158168	 	
189000	-1.99581	 	1593.46	 	0.995809	 	397.689	 	0.995901	 	0	 	0.961089	 	0.157474	 	
190000	-1.99581	 	1593.46	 	0.995826	 	397.697	 	0.995918	 	0.005	 	0.956062	 	0.156807	 	
191000	-1.99582	 	1593.47	 	0.995844	 	397.706	 	0.995935	 	0	 	0.951089	 	0.156125	 	
192000	-1.99583	 	1593.49	 	0.995863	 	397.715	 	0.995953	 	0.0025	 	0.946167	 	0.155409	 	
193000	-1.99584	 	1593.5	 	0.995881	 	397.725	 	0.995971	 	0.005	 	0.941295	 	0.15471	 	
194000	-1.99584	 	1593.51	 	0.995899	 	397.733	 	0.995988	 	0.0075	 	0.936473	 	0.154035	 	
195000	-1.99585	 	1593.52	 	0.995916	 	397.742	 	0.996004	 	0	 	0.931701	 	0.15338	 	
196000	-1.99586	 	1593.53	 	0.995933	 	397.75	 	0.996021	 	0	 	0.926979	 	0.152732	 	
197000	-1.99586	 	1593.54	 	0.99595	 	397.759	 	0.996038	 	0	 	0.922302	 	0.152079	 	
198000	-1.99587	 	1593.55	 	0.995966	 	397.767	 	0.996054	 	0	 	0.917673	 	0.151432	 	
199000	-1.99587	 	1593.55	 	0.995982	 	397.775	 	0.996069	 	0.005	 	0.913089	 	0.150805	 	
200000	-1.99588	 	1593.56	 	0.995999	 	397.783	 	0.996086	 	0	 	0.908553	 	0.150175	 	
201000	-1.99588	 	1593.57	 	0.996015	 	397.791	 	0.996101	 	0	 	0.90406	 	0.149558	 	
202000	-1.99589	 	1593.58	 	0.99603	 	397.799	 	0.996116	 	0.0025	 	0.899613	 	0.148953	 	
203000	-1.99589	 	1593.58	 	0.996046	 	397.806	 	0.996132	 	0	 	0.895208	 	0.148349	 	
204000	-1.9959	 	1593.6	 	0.996062	 	397.815	 	0.996147	 	0	 	0.890847	 	0.147723	 	
205000	-1.99591	 	1593.61	 	0.996078	 	397.823	 	0.996163	 	0.01	 	0.886527	 	0.147106	 	
206000	-1.99592	 	1593.62	 	0.996095	 	397.831	 	0.996179	 	0	 	0.88225	 	0.146495	 	
207000	-1.99592	 	1593.63	 	0.99611	 	397.839	 	0.996194	 	0	 	0.878014	 	0.145898	 	
208000	-1.99593	 	1593.64	 	0.996125	 	397.846	 	0.996209	 	0	 	0.873819	 	0.145321	 	
209000	-1.99594	 	1593.65	 	0.99614	 	397.854	 	0.996223	 	0	 	0.869663	 	0.144725	 	
210000	-1.99594	 	1593.66	 	0.996156	 	397.862	 	0.996238	 	0	 	0.865547	 	0.144129	 	
211000	-1.99595	 	1593.67	 	0.996171	 	397.87	 	0.996253	 	0	 	0.86147	 	0.143547	 	
212000	-1.99596	 	1593.68	 	0.996186	 	397.877	 	0.996268	 	0	 	0.857431	 	0.142981	 	
213000	-1.99596	 	1593.69	 	0.9962	 	397.884	 	0.996281	 	0	 	0.853429	 	0.142428	 	
214000	-1.99597	 	1593.7	 	0.996214	 	397.891	 	0.996295	 	0	 	0.849466	 	0.141878	 	
215000	-1.99597	 	1593.7	 	0.996228	 	397.898	 	0.996309	 	0	 	0.845538	 	0.141337	 	
216000	-1.99598	 	1593.71	 	0.996242	 	397.905	 	0.996322	 	0.0025	 	0.841646	 	0.1408	 	
217000	-1.99598	 	1593.72	 	0.996256	 	397.912	 	0.996336	 	0	 	0.837792	 	0.140262	 	
218000	-1.99599	 	1593.72	 	0.99627	 	397.919	 	0.996349	 	0	 	0.833971	 	0.13972	 	
219000	-1.99599	 	1593.73	 	0.996284	 	397.926	 	0.996363	 	0	 	0.830185	 	0.139176	 	
220000	-1.996	 	1593.74	 	0.996297	 	397.933	 	0.996376	 	0.0025	 	0.826433	 	0.13865	 	
221000	-1.996	 	1593.75	 	0.996311	 	397.94	 	0.99639	 	0	 	0.822717	 	0.138131	 	
222000	-1.99601	 	1593.76	 	0.996325	 	397.947	 	0.996403	 	0	 	0.819033	 	0.137593	 	
223000	-1.99602	 	1593.77	 	0.996339	 	397.954	 	0.996416	 	0.0025	 	0.815381	 	0.137076	 	
224000	-1.99602	 	1593.78	 	0.996352	 	397.96	 	0.99643	 	0.0025	 	0.811762	 	0.136558	 	
225000	-1.99603	 	1593.79	 	0.996365	 	397.967	 	0.996442	 	0	 	0.808175	 	0.136045	 	
226000	-1.99603	 	1593.8	 	0.996378	 	397.973	 	0.996455	 	0.005	 	0.80462	 	0.135555	 	
227000	-1.99604	 	1593.81	 	0.996391	 	397.98	 	0.996467	 	0	 	0.801096	 	0.135047	 	
228000	-1.99604	 	1593.81	 	0.996404	 	397.986	 	0.99648	 	0	 	0.797602	 	0.134552	 	
229000	-1.99605	 	1593.82	 	0.996416	 	397.992	 	0.996491	 	0.005	 	0.79414	 	0.134082	 	
230000	-1.99606	 	1593.83	 	0.996429	 	397.999	 	0.996504	 	0	 	0.790708	 	0.133589	 	
231000	-1.99606	 	1593.84	 	0.996441	 	398.005	 	0.996516	 	0	 	0.787305	 	0.133106	 	
232000	-1.99606	 	1593.84	 	0.996453	 	398.011	 	0.996528	 	0.005	 	0.783933	 	0.132661	 	
233000	-1.99607	 	1593.85	 	0.996465	 	398.017	 	0.996539	 	0	 	0.780588	 	0.132201	 	
234000	-1.99607	 	1593.86	 	0.996477	 	398.023	 	0.996551	 	0	 	0.777271	 	0.131728	 	
235000	-1.99608	 	1593.86	 	0.996489	 	398.029	 	0.996563	 	0.0025	 	0.773983	 	0.131269	 	
236000	-1.99608	 	1593.86	 	0.9965	 	398.034	 	0.996574	 	0.005	 	0.770722	 	0.130841	 	
237000	-1.99609	 	1593.88	 	0.996513	 	398.041	 	0.996586	 	0	 	0.767489	 	0.130359	 	
238000	-1.99609	 	1593.88	 	0.996524	 	398.046	 	0.996597	 	0	 	0.764282	 	0.129912	 	
239000	-1.9961	 	1593.89	 	0.996536	 	398.052	 	0.996608	 	0	 	0.761102	 	0.129457	 	
240000	-1.9961	 	1593.89	 	0.996547	 	398.058	 	0.996619	 	0	 	0.757948	 	0.129021	 	
241000	-1.99611	 	1593.9	 	0.996559	 	398.064	 	0.996631	 	0	 	0.754821	 	0.128561	 	
242000	-1.99611	 	1593.91	 	0.996571	 	398.07	 	0.996642	 	0	 	0.75172	 	0.128116	 	
243000	-1.99612	 	1593.92	 	0.996582	 	398.076	 	0.996653	 	0	 	0.748645	 	0.127691	 	
244000	-1.99612	 	1593.93	 	0.996593	 	398.081	 	0.996664	 	0	 	0.745594	 	0.127265	 	
245000	-1.99612	 	1593.93	 	0.996603	 	398.086	 	0.996674	 	0	 	0.742569	 	0.12687	 	
246000	-1.99613	 	1593.94	 	0.996615	 	398.092	 	0.996685	 	0.0025	 	0.739568	 	0.126437	 	
247000	-1.99613	 	1593.94	 	0.996625	 	398.097	 	0.996695	 	0	 	0.736591	 	0.126024	 	
248000	-1.99614	 	1593.95	 	0.996635	 	398.102	 	0.996705	 	0	 	0.733639	 	0.125633	 	
249000	-1.99614	 	1593.95	 	0.996646	 	398.107	 	0.996715	 	0	 	0.730709	 	0.125221	 	
250000	-1.99614	 	1593.96	 	0.996656	 	398.112	 	0.996726	 	0	 	0.727802	 	0.124815	 	
251000	-1.99615	 	1593.96	 	0.996667	 	398.118	 	0.996736	 	0	 	0.724919	 	0.124414	 	
252000	-1.99615	 	1593.97	 	0.996677	 	398.123	 	0.996746	 	0	 	0.722059	 	0.124009	 	
253000	-1.99615	 	1593.98	 	0.996687	 	398.128	 	0.996756	 	0	 	0.719222	 	0.123615	 	
254000	-1.99616	 	1593.99	 	0.996698	 	398.134	 	0.996767	 	0	 	0.716406	 	0.123205	 	
255000	-1.99617	 	1593.99	 	0.996708	 	398.139	 	0.996776	 	0.0025	 	0.713613	 	0.12282	 	
256000	-1.99617	 	1594	 	0.996719	 	398.144	 	0.996787	 	0	 	0.710842	 	0.122423	 	
257000	-1.99617	 	1594.01	 	0.996729	 	398.149	 	0.996796	 	0	 	0.708091	 	0.122044	 	
258000	-1.99618	 	1594.01	 	0.996739	 	398.154	 	0.996806	 	0	 	0.705363	 	0.121659	 	
259000	-1.99618	 	1594.02	 	0.996748	 	398.159	 	0.996815	 	0	 	0.702654	 	0.121294	 	
260000	-1.99618	 	1594.02	 	0.996758	 	398.163	 	0.996824	 	0	 	0.699967	 	0.120915	 	
261000	-1.99619	 	1594.03	 	0.996767	 	398.168	 	0.996834	 	0	 	0.697301	 	0.120547	 	
262000	-1.99619	 	1594.04	 	0.996777	 	398.173	 	0.996844	 	0	 	0.694654	 	0.120163	 	
263000	-1.9962	 	1594.04	 	0.996787	 	398.178	 	0.996853	 	0	 	0.692027	 	0.119797	 	
264000	-1.9962	 	1594.05	 	0.996797	 	398.183	 	0.996862	 	0	 	0.689421	 	0.119424	 	
265000	-1.99621	 	1594.06	 	0.996806	 	398.188	 	0.996872	 	0	 	0.686834	 	0.119048	 	
266000	-1.99621	 	1594.06	 	0.996816	 	398.193	 	0.996881	 	0	 	0.684266	 	0.118678	 	
267000	-1.99621	 	1594.07	 	0.996825	 	398.197	 	0.99689	 	0.0025	 	0.681718	 	0.118335	 	
268000	-1.99621	 	1594.07	 	0.996833	 	398.201	 	0.996898	 	0	 	0.679189	 	0.118003	 	
269000	-1.99622	 	1594.07	 	0.996842	 	398.206	 	0.996907	 	0	 	0.676678	 	0.117645	 	
270000	-1.99622	 	1594.08	 	0.996851	 	398.211	 	0.996916	 	0	 	0.674185	 	0.117289	 	
271000	-1.99623	 	1594.09	 	0.996861	 	398.215	 	0.996925	 	0	 	0.671711	 	0.116926	 	
272000	-1.99623	 	1594.09	 	0.99687	 	398.22	 	0.996934	 	0	 	0.669255	 	0.116574	 	
273000	-1.99624	 	1594.1	 	0.996879	 	398.224	 	0.996942	 	0.005	 	0.666819	 	0.11624	 	
274000	-1.99624	 	1594.11	 	0.996888	 	398.229	 	0.996951	 	0	 	0.664399	 	0.115895	 	
275000	-1.99624	 	1594.11	 	0.996897	 	398.233	 	0.99696	 	0	 	0.661996	 	0.115549	 	
276000	-1.99625	 	1594.11	 	0.996905	 	398.237	 	0.996968	 	0.0025	 	0.659612	 	0.115233	 	
277000	-1.99625	 	1594.12	 	0.996913	 	398.241	 	0.996976	 	0.005	 	0.657244	 	0.114908	 	
278000	-1.99625	 	1594.12	 	0.996921	 	398.246	 	0.996984	 	0	 	0.654892	 	0.114576	 	
279000	-1.99626	 	1594.13	 	0.99693	 	398.25	 	0.996992	 	0	 	0.652558	 	0.11424	 	
280000	-1.99626	 	1594.13	 	0.996939	 	398.254	 	0.997001	 	0	 	0.650241	 	0.11391	 	
281000	-1.99626	 	1594.14	 	0.996947	 	398.259	 	0.997009	 	0.0025	 	0.647939	 	0.113585	 	
282000	-1.99627	 	1594.15	 	0.996956	 	398.263	 	0.997017	 	0	 	0.645654	 	0.113255	 	
283000	-1.99627	 	1594.15	 	0.996963	 	398.267	 	0.997025	 	0	 	0.643385	 	0.112955	 	
284000	-1.99627	 	1594.15	 	0.996971	 	398.27	 	0.997032	 	0	 	0.641133	 	0.112651	 	
285000	-1.99627	 	1594.16	 	0.99698	 	398.275	 	0.997041	 	0	 	0.638896	 	0.112327	 	
286000	-1.99628	 	1594.16	 	0.996988	 	398.279	 	0.997048	 	0.0025	 	0.636674	 	0.112015	 	
287000	-1.99628	 	1594.17	 	0.996996	 	398.283	 	0.997056	 	0	 	0.634468	 	0.111706	 	
288000	-1.99628	 	1594.17	 	0.997004	 	398.287	 	0.997064	 	0	 	0.632277	 	0.111403	 	
289000	-1.99629	 	1594.18	 	0.997012	 	398.291	 	0.997072	 	0	 	0.630101	 	0.111088	 	
290000	-1.99629	 	1594.18	 	0.997019	 	398.295	 	0.997079	 	0	 	0.627941	 	0.110795	 	
291000	-1.99629	 	1594.19	 	0.997027	 	398.299	 	0.997087	 	0.005	 	0.625795	 	0.110493	 	
292000	-1.9963	 	1594.19	 	0.997035	 	398.303	 	0.997095	 	0	 	0.623663	 	0.110186	 	
293000	-1.9963	 	1594.2	 	0.997043	 	398.307	 	0.997102	 	0.0025	 	0.621547	 	0.109894	 	
294000	-1.9963	 	1594.2	 	0.99705	 	398.31	 	0.997109	 	0	 	0.619444	 	0.109607	 	
295000	-1.99631	 	1594.2	 	0.997058	 	398.314	 	0.997117	 	0	 	0.617355	 	0.10931	 	
296000	-1.99631	 	1594.21	 	0.997066	 	398.318	 	0.997124	 	0	 	0.615281	 	0.10901	 	
297000	-1.99631	 	1594.22	 	0.997073	 	398.322	 	0.997132	 	0.005	 	0.613221	 	0.10872	 	
298000	-1.99632	 	1594.22	 	0.99708	 	398.325	 	0.997139	 	0	 	0.611175	 	0.10844	 	
299000	-1.99632	 	1594.22	 	0.997088	 	398.329	 	0.997146	 	0.0025	 	0.609142	 	0.108151	 	
300000	-1.99632	 	1594.23	 	0.997095	 	398.333	 	0.997153	 	0	 	0.607122	 	0.107863	 	
301000	-1.99632	 	1594.23	 	0.997103	 	398.337	 	0.99716	 	0	 	0.605116	 	0.107574	 	
302000	-1.99633	 	1594.24	 	0.99711	 	398.34	 	0.997167	 	0	 	0.603123	 	0.107293	 	
303000	-1.99633	 	1594.24	 	0.997117	 	398.344	 	0.997175	 	0	 	0.601143	 	0.107009	 	
304000	-1.99633	 	1594.25	 	0.997124	 	398.347	 	0.997181	 	0.0075	 	0.599177	 	0.106741	 	
305000	-1.99634	 	1594.25	 	0.997131	 	398.351	 	0.997188	 	0	 	0.597224	 	0.106471	 	
306000	-1.99634	 	1594.25	 	0.997138	 	398.354	 	0.997195	 	0.005	 	0.595283	 	0.106197	 	
307000	-1.99634	 	1594.26	 	0.997145	 	398.358	 	0.997202	 	0	 	0.593355	 	0.10592	 	
308000	-1.99635	 	1594.26	 	0.997152	 	398.362	 	0.997209	 	0	 	0.591439	 	0.105651	 	
309000	-1.99635	 	1594.27	 	0.997159	 	398.365	 	0.997215	 	0	 	0.589536	 	0.105401	 	
310000	-1.99635	 	1594.27	 	0.997166	 	398.368	 	0.997222	 	0	 	0.587645	 	0.105126	 	
311000	-1.99635	 	1594.28	 	0.997173	 	398.372	 	0.997229	 	0	 	0.585765	 	0.104855	 	
312000	-1.99636	 	1594.28	 	0.99718	 	398.375	 	0.997235	 	0	 	0.583898	 	0.104597	 	
313000	-1.99636	 	1594.28	 	0.997186	 	398.378	 	0.997242	 	0	 	0.582043	 	0.104343	 	
314000	-1.99636	 	1594.29	 	0.997193	 	398.382	 	0.997248	 	0	 	0.580199	 	0.104083	 	
315000	-1.99636	 	1594.29	 	0.9972	 	398.385	 	0.997255	 	0	 	0.578367	 	0.10382	 	
316000	-1.99637	 	1594.3	 	0.997207	 	398.389	 	0.997262	 	0	 	0.576547	 	0.103556	 	
317000	-1.99637	 	1594.3	 	0.997213	 	398.392	 	0.997268	 	0	 	0.574738	 	0.103312	 	
318000	-1.99637	 	1594.3	 	0.99722	 	398.395	 	0.997274	 	0	 	0.572941	 	0.103061	 	
319000	-1.99637	 	1594.31	 	0.997225	 	398.398	 	0.99728	 	0	 	0.571155	 	0.102827	 	
320000	-1.99638	 	1594.31	 	0.997232	 	398.401	 	0.997286	 	0	 	0.56938	 	0.102576	 	
321000	-1.99638	 	1594.31	 	0.997238	 	398.404	 	0.997292	 	0	 	0.567616	 	0.102336	 	
322000	-1.99638	 	1594.32	 	0.997245	 	398.408	 	0.997298	 	0	 	0.565863	 	0.102079	 	
323000	-1.99638	 	1594.32	 	0.997251	 	398.411	 	0.997305	 	0.0125	 	0.564121	 	0.101838	 	
324000	-1.99639	 	1594.33	 	0.997258	 	398.414	 	0.997311	 	0.0025	 	0.562389	 	0.101588	 	
325000	-1.99639	 	1594.33	 	0.997264	 	398.418	 	0.997318	 	0	 	0.560668	 	0.101329	 	
326000	-1.99639	 	1594.33	 	0.99727	 	398.42	 	0.997323	 	0	 	0.558958	 	0.101111	 	
327000	-1.99639	 	1594.33	 	0.997276	 	398.423	 	0.997329	 	0	 	0.557258	 	0.100882	 	
328000	-1.9964	 	1594.34	 	0.997282	 	398.426	 	0.997335	 	0	 	0.555569	 	0.100641	 	
329000	-1.9964	 	1594.34	 	0.997288	 	398.429	 	0.997341	 	0	 	0.553891	 	0.100426	 	
330000	-1.9964	 	1594.35	 	0.997294	 	398.432	 	0.997346	 	0	 	0.552222	 	0.100197	 	
331000	-1.9964	 	1594.34	 	0.997299	 	398.435	 	0.997352	 	0.005	 	0.550562	 	0.0999761	 	
332000	-1.9964	 	1594.35	 	0.997306	 	398.438	 	0.997358	 	0.0075	 	0.548913	 	0.0997275	 	
333000	-1.9964	 	1594.35	 	0.997311	 	398.441	 	0.997363	 	0	 	0.547274	 	0.099514	 	
334000	-1.99641	 	1594.36	 	0.997318	 	398.444	 	0.99737	 	0	 	0.545644	 	0.0992705	 	
335000	-1.99641	 	1594.36	 	0.997323	 	398.447	 	0.997375	 	0	 	0.544025	 	0.0990567	 	
336000	-1.99641	 	1594.36	 	0.997329	 	398.45	 	0.997381	 	0	 	0.542416	 	0.0988443	 	
337000	-1.99642	 	1594.37	 	0.997335	 	398.453	 	0.997386	 	0	 	0.540815	 	0.0986092	 	
338000	-1.99642	 	1594.37	 	0.997341	 	398.455	 	0.997392	 	0	 	0.539223	 	0.0983923	 	
339000	-1.99642	 	1594.37	 	0.997346	 	398.458	 	0.997397	 	0.005	 	0.537641	 	0.0981705	 	
340000	-1.99642	 	1594.38	 	0.997352	 	398.461	 	0.997403	 	0.0025	 	0.536069	 	0.0979372	 	
341000	-1.99642	 	1594.38	 	0.997358	 	398.464	 	0.997409	 	0	 	0.534505	 	0.0977279	 	
342000	-1.99643	 	1594.38	 	0.997363	 	398.467	 	0.997414	 	0	 	0.532951	 	0.0975152	 	
343000	-1.99643	 	1594.39	 	0.997369	 	398.47	 	0.997419	 	0	 	0.531407	 	0.097301	 	
344000	-1.99643	 	1594.39	 	0.997375	 	398.473	 	0.997425	 	0	 	0.52987	 	0.0970719	 	
345000	-1.99643	 	1594.4	 	0.99738	 	398.475	 	0.99743	 	0	 	0.528342	 	0.0968564	 	
346000	-1.99644	 	1594.4	 	0.997386	 	398.478	 	0.997436	 	0.0025	 	0.526824	 	0.0966407	 	
347000	-1.99644	 	1594.4	 	0.997391	 	398.48	 	0.997441	 	0	 	0.525315	 	0.0964513	 	
348000	-1.99644	 	1594.4	 	0.997396	 	398.483	 	0.997446	 	0	 	0.523813	 	0.0962423	 	
349000	-1.99644	 	1594.41	 	0.997402	 	398.486	 	0.997451	 	0	 	0.522321	 	0.0960253	 	
350000	-1.99644	 	1594.41	 	0.997407	 	398.489	 	0.997456	 	0	 	0.520837	 	0.095822	 	
351000	-1.99645	 	1594.41	 	0.997412	 	398.491	 	0.997462	 	0	 	0.519361	 	0.0956127	 	
352000	-1.99645	 	1594.42	 	0.997418	 	398.494	 	0.997467	 	0	 	0.517894	 	0.0954146	 	
353000	-1.99645	 	1594.42	 	0.997423	 	398.497	 	0.997472	 	0	 	0.516436	 	0.0952178	 	
354000	-1.99645	 	1594.42	 	0.997428	 	398.499	 	0.997477	 	0	 	0.514985	 	0.0950118	 	
355000	-1.99646	 	1594.43	 	0.997434	 	398.502	 	0.997483	 	0	 	0.513542	 	0.0947971	 	
356000	-1.99646	 	1594.43	 	0.997439	 	398.505	 	0.997487	 	0	 	0.512107	 	0.0946047	 	
357000	-1.99646	 	1594.43	 	0.997444	 	398.507	 	0.997492	 	0	 	0.510681	 	0.0944053	 	
358000	-1.99646	 	1594.43	 	0.997449	 	398.509	 	0.997497	 	0	 	0.509262	 	0.094217	 	
359000	-1.99646	 	1594.44	 	0.997454	 	398.512	 	0.997502	 	0	 	0.507852	 	0.0940305	 	
360000	-1.99646	 	1594.44	 	0.997459	 	398.514	 	0.997507	 	0	 	0.50645	 	0.0938346	 	
361000	-1.99646	 	1594.44	 	0.997464	 	398.517	 	0.997512	 	0	 	0.505055	 	0.0936386	 	
362000	-1.99647	 	1594.45	 	0.997469	 	398.52	 	0.997517	 	0	 	0.503667	 	0.09344	 	
363000	-1.99647	 	1594.45	 	0.997474	 	398.522	 	0.997521	 	0	 	0.502288	 	0.0932474	 	
364000	-1.99647	 	1594.45	 	0.997479	 	398.524	 	0.997526	 	0	 	0.500916	 	0.0930654	 	
365000	-1.99647	 	1594.46	 	0.997484	 	398.527	 	0.997531	 	0	 	0.499551	 	0.0928636	 	
366000	-1.99647	 	1594.46	 	0.997488	 	398.529	 	0.997536	 	0.0025	 	0.498193	 	0.0926848	 	
367000	-1.99648	 	1594.46	 	0.997493	 	398.532	 	0.997541	 	0	 	0.496843	 	0.0924944	 	
368000	-1.99648	 	1594.46	 	0.997498	 	398.534	 	0.997545	 	0	 	0.495501	 	0.0922998	 	
369000	-1.99648	 	1594.46	 	0.997503	 	398.537	 	0.99755	 	0	 	0.494165	 	0.0921134	 	
370000	-1.99648	 	1594.47	 	0.997508	 	398.539	 	0.997555	 	0	 	0.492837	 	0.0919324	 	
371000	-1.99648	 	1594.47	 	0.997513	 	398.541	 	0.997559	 	0	 	0.491517	 	0.0917661	 	
372000	-1.99648	 	1594.47	 	0.997517	 	398.544	 	0.997564	 	0	 	0.490203	 	0.0915791	 	
373000	-1.99649	 	1594.47	 	0.997522	 	398.546	 	0.997568	 	0.0025	 	0.488896	 	0.0914007	 	
374000	-1.99649	 	1594.47	 	0.997526	 	398.548	 	0.997573	 	0	 	0.487597	 	0.0912286	 	
375000	-1.99649	 	1594.48	 	0.997531	 	398.55	 	0.997577	 	0	 	0.486303	 	0.0910452	 	
376000	-1.99649	 	1594.48	 	0.997535	 	398.553	 	0.997582	 	0	 	0.485017	 	0.0908685	 	
377000	-1.99649	 	1594.48	 	0.99754	 	398.555	 	0.997586	 	0	 	0.483738	 	0.0906927	 	
378000	-1.99649	 	1594.49	 	0.997545	 	398.557	 	0.997591	 	0	 	0.482466	 	0.0905117	 	
379000	-1.9965	 	1594.49	 	0.997549	 	398.56	 	0.997595	 	0	 	0.4812	 	0.0903364	 	
380000	-1.9965	 	1594.49	 	0.997554	 	398.562	 	0.9976	 	0	 	0.47994	 	0.0901498	 	
381000	-1.9965	 	1594.5	 	0.997559	 	398.565	 	0.997604	 	0	 	0.478687	 	0.0899669	 	
382000	-1.9965	 	1594.5	 	0.997563	 	398.567	 	0.997609	 	0.005	 	0.477441	 	0.0897936	 	
383000	-1.9965	 	1594.5	 	0.997568	 	398.569	 	0.997613	 	0	 	0.476202	 	0.0896338	 	
384000	-1.9965	 	1594.5	 	0.997572	 	398.571	 	0.997617	 	0	 	0.47497	 	0.0894819	 	
385000	-1.99651	 	1594.5	 	0.997576	 	398.573	 	0.997621	 	0	 	0.473743	 	0.0893128	 	
386000	-1.99651	 	1594.5	 	0.99758	 	398.575	 	0.997625	 	0	 	0.472523	 	0.0891621	 	
387000	-1.99651	 	1594.51	 	0.997584	 	398.577	 	0.997629	 	0	 	0.471309	 	0.0889918	 	
388000	-1.99651	 	1594.51	 	0.997589	 	398.579	 	0.997634	 	0	 	0.470101	 	0.088821	 	
389000	-1.99651	 	1594.51	 	0.997593	 	398.581	 	0.997637	 	0.0025	 	0.468901	 	0.0886763	 	
390000	-1.99651	 	1594.51	 	0.997597	 	398.583	 	0.997641	 	0	 	0.467705	 	0.0885064	 	
391000	-1.99651	 	1594.51	 	0.997601	 	398.585	 	0.997646	 	0	 	0.466515	 	0.0883383	 	
392000	-1.99651	 	1594.51	 	0.997605	 	398.587	 	0.997649	 	0	 	0.465332	 	0.088196	 	
393000	-1.99651	 	1594.51	 	0.997609	 	398.589	 	0.997653	 	0	 	0.464155	 	0.0880322	 	
394000	-1.99651	 	1594.51	 	0.997613	 	398.591	 	0.997657	 	0	 	0.462984	 	0.0878752	 	
395000	-1.99652	 	1594.52	 	0.997617	 	398.593	 	0.997661	 	0	 	0.461818	 	0.0877019	 	
396000	-1.99652	 	1594.52	 	0.997622	 	398.595	 	0.997665	 	0	 	0.460658	 	0.0875339	 	
397000	-1.99652	 	1594.52	 	0.997626	 	398.597	 	0.99767	 	0	 	0.459504	 	0.087367	 	
398000	-1.99652	 	1594.53	 	0.99763	 	398.599	 	0.997674	 	0	 	0.458356	 	0.0872077	 	
399000	-1.99652	 	1594.53	 	0.997634	 	398.602	 	0.997678	 	0	 	0.457214	 	0.0870415	 	
400000	-1.99652	 	1594.53	 	0.997638	 	398.604	 	0.997682	 	0	 	0.456077	 	0.0868859	 	
401000	-1.99653	 	1594.53	 	0.997642	 	398.606	 	0.997686	 	0.0025	 	0.454946	 	0.0867282	 	
402000	-1.99653	 	1594.54	 	0.997647	 	398.608	 	0.99769	 	0.0075	 	0.45382	 	0.0865508	 	
403000	-1.99653	 	1594.54	 	0.997651	 	398.61	 	0.997694	 	0	 	0.452701	 	0.0863927	 	
404000	-1.99654	 	1594.55	 	0.997656	 	398.613	 	0.997699	 	0	 	0.451587	 	0.0862268	 	
405000	-1.99654	 	1594.55	 	0.99766	 	398.615	 	0.997703	 	0	 	0.450478	 	0.0860719	 	
406000	-1.99654	 	1594.55	 	0.997664	 	398.617	 	0.997707	 	0	 	0.449374	 	0.0859149	 	
407000	-1.99654	 	1594.55	 	0.997668	 	398.618	 	0.99771	 	0	 	0.448277	 	0.0857767	 	
408000	-1.99654	 	1594.56	 	0.997672	 	398.621	 	0.997714	 	0	 	0.447184	 	0.0856192	 	
409000	-1.99654	 	1594.56	 	0.997676	 	398.623	 	0.997718	 	0	 	0.446097	 	0.0854634	 	
410000	-1.99655	 	1594.56	 	0.99768	 	398.625	 	0.997722	 	0	 	0.445016	 	0.0853129	 	
411000	-1.99655	 	1594.56	 	0.997683	 	398.626	 	0.997726	 	0	 	0.443939	 	0.0851679	 	
412000	-1.99655	 	1594.57	 	0.997687	 	398.628	 	0.997729	 	0	 	0.442868	 	0.0850201	 	
413000	-1.99655	 	1594.57	 	0.997691	 	398.63	 	0.997733	 	0	 	0.441802	 	0.0848765	 	
414000	-1.99655	 	1594.57	 	0.997695	 	398.632	 	0.997737	 	0	 	0.440741	 	0.0847323	 	
415000	-1.99655	 	1594.57	 	0.997699	 	398.634	 	0.99774	 	0	 	0.439685	 	0.0845805	 	
416000	-1.99655	 	1594.58	 	0.997703	 	398.636	 	0.997744	 	0	 	0.438633	 	0.0844233	 	
417000	-1.99655	 	1594.58	 	0.997706	 	398.638	 	0.997748	 	0	 	0.437589	 	0.0842876	 	
418000	-1.99656	 	1594.58	 	0.99771	 	398.64	 	0.997751	 	0.005	 	0.436548	 	0.0841397	 	
419000	-1.99656	 	1594.58	 	0.997714	 	398.641	 	0.997755	 	0	 	0.435512	 	0.0839953	 	
420000	-1.99656	 	1594.58	 	0.997717	 	398.643	 	0.997759	 	0.0025	 	0.43448	 	0.083848	 	
421000	-1.99656	 	1594.58	 	0.997721	 	398.645	 	0.997762	 	0	 	0.433454	 	0.0837046	 	
422000	-1.99656	 	1594.59	 	0.997725	 	398.647	 	0.997766	 	0	 	0.432432	 	0.0835553	 	
423000	-1.99656	 	1594.59	 	0.997729	 	398.649	 	0.99777	 	0	 	0.431415	 	0.0834065	 	
424000	-1.99656	 	1594.59	 	0.997732	 	398.651	 	0.997773	 	0	 	0.430404	 	0.0832722	 	
425000	-1.99657	 	1594.59	 	0.997736	 	398.653	 	0.997776	 	0	 	0.429397	 	0.0831365	 	
426000	-1.99657	 	1594.59	 	0.997739	 	398.654	 	0.99778	 	0	 	0.428395	 	0.083001	 	
427000	-1.99657	 	1594.6	 	0.997743	 	398.656	 	0.997783	 	0.005	 	0.427397	 	0.0828566	 	
428000	-1.99657	 	1594.6	 	0.997746	 	398.658	 	0.997787	 	0	 	0.426405	 	0.0827335	 	
429000	-1.99657	 	1594.6	 	0.99775	 	398.659	 	0.99779	 	0	 	0.425417	 	0.0825948	 	
430000	-1.99657	 	1594.6	 	0.997753	 	398.661	 	0.997793	 	0.0025	 	0.424434	 	0.082466	 	
431000	-1.99657	 	1594.6	 	0.997756	 	398.663	 	0.997797	 	0	 	0.423455	 	0.0823316	 	
432000	-1.99657	 	1594.6	 	0.99776	 	398.664	 	0.9978	 	0	 	0.422481	 	0.0821988	 	
433000	-1.99657	 	1594.6	 	0.997763	 	398.666	 	0.997803	 	0	 	0.42151	 	0.0820608	 	
434000	-1.99657	 	1594.61	 	0.997767	 	398.668	 	0.997807	 	0	 	0.420545	 	0.0819271	 	
435000	-1.99658	 	1594.61	 	0.99777	 	398.669	 	0.99781	 	0	 	0.419584	 	0.0817969	 	
436000	-1.99658	 	1594.61	 	0.997773	 	398.671	 	0.997813	 	0	 	0.418627	 	0.0816611	 	
437000	-1.99658	 	1594.61	 	0.997777	 	398.673	 	0.997816	 	0.0025	 	0.417675	 	0.0815281	 	
438000	-1.99658	 	1594.61	 	0.99778	 	398.675	 	0.99782	 	0	 	0.416727	 	0.0813947	 	
439000	-1.99658	 	1594.62	 	0.997784	 	398.676	 	0.997823	 	0	 	0.415782	 	0.0812555	 	
440000	-1.99658	 	1594.62	 	0.997787	 	398.678	 	0.997827	 	0	 	0.414843	 	0.0811237	 	
441000	-1.99658	 	1594.62	 	0.997791	 	398.68	 	0.99783	 	0.0025	 	0.413908	 	0.0809949	 	
442000	-1.99658	 	1594.62	 	0.997794	 	398.681	 	0.997833	 	0	 	0.412977	 	0.0808683	 	
443000	-1.99659	 	1594.62	 	0.997797	 	398.683	 	0.997836	 	0.005	 	0.41205	 	0.0807392	 	
444000	-1.99659	 	1594.62	 	0.9978	 	398.684	 	0.997839	 	0	 	0.411128	 	0.0806262	 	
445000	-1.99659	 	1594.62	 	0.997803	 	398.686	 	0.997842	 	0	 	0.410209	 	0.0804951	 	
446000	-1.99659	 	1594.62	 	0.997806	 	398.687	 	0.997845	 	0	 	0.409295	 	0.0803713	 	
447000	-1.99659	 	1594.63	 	0.99781	 	398.689	 	0.997848	 	0	 	0.408385	 	0.0802466	 	
448000	-1.99659	 	1594.63	 	0.997813	 	398.691	 	0.997852	 	0	 	0.407479	 	0.0801206	 	
449000	-1.99659	 	1594.63	 	0.997816	 	398.692	 	0.997855	 	0.0025	 	0.406577	 	0.0799974	 	
450000	-1.99659	 	1594.63	 	0.997819	 	398.694	 	0.997858	 	0	 	0.405678	 	0.0798698	 	
451000	-1.99659	 	1594.63	 	0.997823	 	398.696	 	0.997861	 	0	 	0.404784	 	0.079746	 	
452000	-1.9966	 	1594.64	 	0.997826	 	398.697	 	0.997864	 	0	 	0.403894	 	0.0796186	 	
453000	-1.9966	 	1594.64	 	0.997829	 	398.699	 	0.997868	 	0	 	0.403008	 	0.0794894	 	
454000	-1.9966	 	1594.64	 	0.997832	 	398.7	 	0.997871	 	0	 	0.402125	 	0.0793681	 	
455000	-1.9966	 	1594.64	 	0.997835	 	398.702	 	0.997874	 	0	 	0.401247	 	0.0792587	 	
456000	-1.9966	 	1594.64	 	0.997838	 	398.703	 	0.997876	 	0	 	0.400373	 	0.079152	 	
457000	-1.9966	 	1594.64	 	0.997841	 	398.705	 	0.997879	 	0	 	0.399502	 	0.0790284	 	
458000	-1.9966	 	1594.65	 	0.997845	 	398.706	 	0.997882	 	0	 	0.398635	 	0.0789035	 	
459000	-1.9966	 	1594.65	 	0.997848	 	398.708	 	0.997885	 	0	 	0.397772	 	0.0787852	 	
460000	-1.9966	 	1594.65	 	0.997851	 	398.709	 	0.997888	 	0.0025	 	0.396912	 	0.0786669	 	
461000	-1.9966	 	1594.65	 	0.997854	 	398.711	 	0.997891	 	0	 	0.396056	 	0.0785497	 	
462000	-1.9966	 	1594.65	 	0.997857	 	398.712	 	0.997894	 	0.0075	 	0.395204	 	0.0784332	 	
463000	-1.99661	 	1594.65	 	0.99786	 	398.714	 	0.997897	 	0	 	0.394356	 	0.0783124	 	
464000	-1.99661	 	1594.66	 	0.997863	 	398.716	 	0.9979	 	0	 	0.39351	 	0.0781893	 	
465000	-1.99661	 	1594.66	 	0.997866	 	398.717	 	0.997903	 	0	 	0.392669	 	0.0780667	 	
466000	-1.99661	 	1594.66	 	0.997869	 	398.719	 	0.997906	 	0.0025	 	0.391831	 	0.077949	 	
467000	-1.99661	 	1594.66	 	0.997873	 	398.721	 	0.99791	 	0	 	0.390997	 	0.0778229	 	
468000	-1.99662	 	1594.67	 	0.997876	 	398.722	 	0.997913	 	0	 	0.390166	 	0.0776944	 	
469000	-1.99662	 	1594.67	 	0.997879	 	398.724	 	0.997916	 	0	 	0.389339	 	0.0775812	 	
470000	-1.99662	 	1594.67	 	0.997882	 	398.725	 	0.997919	 	0	 	0.388515	 	0.0774581	 	
471000	-1.99662	 	1594.68	 	0.997885	 	398.727	 	0.997922	 	0	 	0.387695	 	0.0773323	 	
472000	-1.99662	 	1594.68	 	0.997888	 	398.728	 	0.997925	 	0	 	0.386879	 	0.0772429	 	
473000	-1.99662	 	1594.68	 	0.997891	 	398.73	 	0.997928	 	0	 	0.386066	 	0.077125	 	
474000	-1.99662	 	1594.68	 	0.997894	 	398.731	 	0.99793	 	0	 	0.385257	 	0.0770174	 	
475000	-1.99662	 	1594.68	 	0.997897	 	398.733	 	0.997933	 	0	 	0.384451	 	0.0769161	 	
476000	-1.99663	 	1594.68	 	0.9979	 	398.734	 	0.997936	 	0	 	0.383649	 	0.0768038	 	
477000	-1.99663	 	1594.69	 	0.997903	 	398.736	 	0.997939	 	0	 	0.382849	 	0.0766966	 	
478000	-1.99663	 	1594.69	 	0.997905	 	398.737	 	0.997942	 	0	 	0.382054	 	0.0765964	 	
479000	-1.99663	 	1594.69	 	0.997908	 	398.739	 	0.997945	 	0	 	0.381261	 	0.0764767	 	
480000	-1.99663	 	1594.69	 	0.997912	 	398.74	 	0.997948	 	0	 	0.380471	 	0.0763554	 	
481000	-1.99663	 	1594.69	 	0.997914	 	398.742	 	0.99795	 	0	 	0.379684	 	0.0762485	 	
482000	-1.99663	 	1594.69	 	0.997917	 	398.743	 	0.997953	 	0.0025	 	0.378902	 	0.0761468	 	
483000	-1.99664	 	1594.7	 	0.99792	 	398.745	 	0.997956	 	0	 	0.378121	 	0.0760283	 	
484000	-1.99664	 	1594.7	 	0.997923	 	398.746	 	0.997959	 	0	 	0.377345	 	0.0759193	 	
485000	-1.99664	 	1594.7	 	0.997926	 	398.747	 	0.997961	 	0	 	0.376571	 	0.0758081	 	
486000	-1.99664	 	1594.7	 	0.997929	 	398.749	 	0.997964	 	0	 	0.375801	 	0.0757041	 	
487000	-1.99664	 	1594.71	 	0.997931	 	398.75	 	0.997967	 	0.0025	 	0.375034	 	0.0755925	 	
488000	-1.99664	 	1594.71	 	0.997934	 	398.752	 	0.99797	 	0	 	0.37427	 	0.0754781	 	
489000	-1.99664	 	1594.71	 	0.997937	 	398.753	 	0.997972	 	0	 	0.373509	 	0.0753741	 	
490000	-1.99664	 	1594.71	 	0.99794	 	398.754	 	0.997975	 	0	 	0.372752	 	0.0752678	 	
491000	-1.99664	 	1594.71	 	0.997942	 	398.756	 	0.997978	 	0	 	0.371997	 	0.0751644	 	
492000	-1.99665	 	1594.71	 	0.997945	 	398.757	 	0.99798	 	0	 	0.371245	 	0.075061	 	
493000	-1.99665	 	1594.71	 	0.997948	 	398.758	 	0.997983	 	0.0025	 	0.370497	 	0.0749597	 	
494000	-1.99665	 	1594.71	 	0.99795	 	398.76	 	0.997985	 	0	 	0.369752	 	0.0748568	 	
495000	-1.99665	 	1594.71	 	0.997953	 	398.761	 	0.997988	 	0	 	0.36901	 	0.0747611	 	
496000	-1.99665	 	1594.72	 	0.997955	 	398.762	 	0.99799	 	0	 	0.36827	 	0.0746595	 	
497000	-1.99665	 	1594.72	 	0.997958	 	398.763	 	0.997993	 	0	 	0.367534	 	0.0745578	 	
498000	-1.99665	 	1594.72	 	0.99796	 	398.764	 	0.997995	 	0.0025	 	0.366801	 	0.0744655	 	
499000	-1.99665	 	1594.72	 	0.997963	 	398.766	 	0.997998	 	0	 	0.36607	 	0.0743578	 	
500000	-1.99665	 	1594.72	 	0.997966	 	398.767	 	0.998	 	0	 	0.365342	 	0.0742499	 	
501000	-1.99665	 	1594.72	 	0.997968	 	398.768	 	0.998003	 	0	 	0.364617	 	0.0741505	 	
502000	-1.99665	 	1594.72	 	0.997971	 	398.77	 	0.998005	 	0	 	0.363895	 	0.0740435	 	
503000	-1.99666	 	1594.73	 	0.997974	 	398.771	 	0.998008	 	0	 	0.363175	 	0.0739326	 	
504000	-1.99666	 	1594.73	 	0.997976	 	398.773	 	0.998011	 	0	 	0.362459	 	0.0738405	 	
505000	-1.99666	 	1594.73	 	0.997979	 	398.774	 	0.998013	 	0	 	0.361746	 	0.0737421	 	
506000	-1.99666	 	1594.73	 	0.997982	 	398.775	 	0.998016	 	0	 	0.361035	 	0.0736381	 	
507000	-1.99666	 	1594.74	 	0.997984	 	398.777	 	0.998019	 	0	 	0.360327	 	0.0735264	 	
508000	-1.99666	 	1594.74	 	0.997987	 	398.778	 	0.998021	 	0	 	0.359621	 	0.07342	 	
509000	-1.99666	 	1594.74	 	0.99799	 	398.779	 	0.998024	 	0	 	0.358919	 	0.073322	 	
510000	-1.99666	 	1594.74	 	0.997992	 	398.781	 	0.998026	 	0	 	0.358219	 	0.0732197	 	
511000	-1.99666	 	1594.74	 	0.997995	 	398.782	 	0.998029	 	0	 	0.357522	 	0.0731274	 	
512000	-1.99667	 	1594.74	 	0.997997	 	398.783	 	0.998031	 	0	 	0.356828	 	0.0730258	 	
513000	-1.99667	 	1594.74	 	0.998	 	398.784	 	0.998033	 	0	 	0.356137	 	0.0729321	 	
514000	-1.99667	 	1594.75	 	0.998002	 	398.786	 	0.998036	 	0	 	0.355449	 	0.0728456	 	
515000	-1.99667	 	1594.75	 	0.998005	 	398.787	 	0.998039	 	0	 	0.354763	 	0.0727364	 	
516000	-1.99667	 	1594.75	 	0.998007	 	398.788	 	0.998041	 	0	 	0.35408	 	0.0726442	 	
517000	-1.99667	 	1594.75	 	0.99801	 	398.79	 	0.998044	 	0	 	0.353398	 	0.0725388	 	
518000	-1.99667	 	1594.76	 	0.998013	 	398.791	 	0.998046	 	0	 	0.35272	 	0.0724436	 	
519000	-1.99667	 	1594.75	 	0.998015	 	398.792	 	0.998048	 	0	 	0.352045	 	0.0723581	 	
520000	-1.99667	 	1594.76	 	0.998017	 	398.793	 	0.99805	 	0	 	0.351373	 	0.0722694	 	
521000	-1.99668	 	1594.76	 	0.998019	 	398.794	 	0.998053	 	0	 	0.350702	 	0.0721763	 	
522000	-1.99668	 	1594.76	 	0.998022	 	398.796	 	0.998055	 	0	 	0.350035	 	0.0720834	 	
523000	-1.99668	 	1594.76	 	0.998024	 	398.797	 	0.998057	 	0	 	0.34937	 	0.0719926	 	
524000	-1.99668	 	1594.76	 	0.998027	 	398.798	 	0.99806	 	0	 	0.348707	 	0.0718975	 	
525000	-1.99668	 	1594.76	 	0.998029	 	398.799	 	0.998062	 	0	 	0.348047	 	0.0718092	 	
526000	-1.99668	 	1594.76	 	0.998031	 	398.8	 	0.998064	 	0	 	0.347389	 	0.0717143	 	
527000	-1.99668	 	1594.77	 	0.998034	 	398.802	 	0.998067	 	0	 	0.346734	 	0.0716154	 	
528000	-1.99668	 	1594.77	 	0.998036	 	398.803	 	0.998069	 	0	 	0.346081	 	0.0715278	 	
529000	-1.99668	 	1594.77	 	0.998038	 	398.804	 	0.998071	 	0	 	0.345431	 	0.0714353	 	
530000	-1.99668	 	1594.77	 	0.998041	 	398.805	 	0.998073	 	0	 	0.344783	 	0.0713465	 	
531000	-1.99669	 	1594.77	 	0.998043	 	398.806	 	0.998076	 	0	 	0.344138	 	0.0712485	 	
532000	-1.99668	 	1594.77	 	0.998045	 	398.807	 	0.998078	 	0.0025	 	0.343495	 	0.0711655	 	
533000	-1.99669	 	1594.77	 	0.998048	 	398.809	 	0.99808	 	0	 	0.342854	 	0.0710694	 	
534000	-1.99669	 	1594.77	 	0.99805	 	398.81	 	0.998082	 	0.005	 	0.342217	 	0.0709868	 	
535000	-1.99669	 	1594.78	 	0.998052	 	398.811	 	0.998085	 	0	 	0.341582	 	0.0708992	 	
536000	-1.99669	 	1594.78	 	0.998055	 	398.812	 	0.998087	 	0	 	0.340948	 	0.0708107	 	
537000	-1.99669	 	1594.78	 	0.998057	 	398.813	 	0.998089	 	0.0025	 	0.340317	 	0.0707221	 	
538000	-1.99669	 	1594.78	 	0.998059	 	398.814	 	0.998091	 	0	 	0.339688	 	0.0706314	 	
539000	-1.99669	 	1594.78	 	0.998061	 	398.815	 	0.998094	 	0	 	0.339062	 	0.0705439	 	
540000	-1.99669	 	1594.78	 	0.998064	 	398.816	 	0.998096	 	0	 	0.338438	 	0.070458	 	
541000	-1.99669	 	1594.78	 	0.998066	 	398.817	 	0.998098	 	0.005	 	0.337817	 	0.0703774	 	
542000	-1.99669	 	1594.78	 	0.998068	 	398.818	 	0.9981	 	0.0025	 	0.337197	 	0.0702913	 	
543000	-1.99669	 	1594.78	 	0.99807	 	398.819	 	0.998102	 	0	 	0.33658	 	0.0702085	 	
544000	-1.99669	 	1594.79	 	0.998072	 	398.821	 	0.998104	 	0	 	0.335965	 	0.0701157	 	
545000	-1.99669	 	1594.79	 	0.998074	 	398.822	 	0.998106	 	0	 	0.335353	 	0.0700332	 	
546000	-1.99669	 	1594.79	 	0.998076	 	398.823	 	0.998108	 	0	 	0.334743	 	0.0699514	 	
547000	-1.9967	 	1594.79	 	0.998078	 	398.824	 	0.99811	 	0	 	0.334135	 	0.0698697	 	
548000	-1.9967	 	1594.79	 	0.998081	 	398.825	 	0.998112	 	0	 	0.333529	 	0.0697841	 	
549000	-1.9967	 	1594.79	 	0.998083	 	398.826	 	0.998115	 	0	 	0.332925	 	0.0696978	 	
550000	-1.9967	 	1594.79	 	0.998085	 	398.827	 	0.998117	 	0	 	0.332324	 	0.0696176	 	
551000	-1.9967	 	1594.79	 	0.998087	 	398.828	 	0.998119	 	0	 	0.331724	 	0.0695291	 	
552000	-1.9967	 	1594.8	 	0.99809	 	398.829	 	0.998121	 	0.0025	 	0.331127	 	0.0694444	 	
553000	-1.9967	 	1594.8	 	0.998092	 	398.83	 	0.998123	 	0	 	0.330532	 	0.0693643	 	
554000	-1.9967	 	1594.8	 	0.998094	 	398.831	 	0.998125	 	0.005	 	0.329939	 	0.0692782	 	
555000	-1.9967	 	1594.8	 	0.998096	 	398.833	 	0.998127	 	0	 	0.329348	 	0.0691903	 	
556000	-1.99671	 	1594.8	 	0.998099	 	398.834	 	0.99813	 	0	 	0.328759	 	0.069101	 	
557000	-1.99671	 	1594.8	 	0.998101	 	398.835	 	0.998132	 	0	 	0.328172	 	0.0690174	 	
558000	-1.99671	 	1594.8	 	0.998103	 	398.836	 	0.998134	 	0	 	0.327589	 	0.0689403	 	
559000	-1.99671	 	1594.8	 	0.998104	 	398.837	 	0.998135	 	0	 	0.327006	 	0.068861	 	
560000	-1.99671	 	1594.8	 	0.998106	 	398.838	 	0.998137	 	0	 	0.326426	 	0.0687769	 	
561000	-1.99671	 	1594.81	 	0.998109	 	398.839	 	0.99814	 	0	 	0.325847	 	0.0686923	 	
562000	-1.99671	 	1594.81	 	0.998111	 	398.84	 	0.998142	 	0	 	0.325271	 	0.0686118	 	
563000	-1.99671	 	1594.81	 	0.998113	 	398.841	 	0.998144	 	0	 	0.324697	 	0.068531	 	
564000	-1.99671	 	1594.81	 	0.998115	 	398.842	 	0.998146	 	0	 	0.324125	 	0.0684553	 	
565000	-1.99671	 	1594.81	 	0.998117	 	398.843	 	0.998148	 	0	 	0.323555	 	0.0683642	 	
566000	-1.99671	 	1594.82	 	0.99812	 	398.844	 	0.99815	 	0	 	0.322986	 	0.0682782	 	
567000	-1.99672	 	1594.82	 	0.998121	 	398.845	 	0.998152	 	0	 	0.322422	 	0.0682026	 	
568000	-1.99672	 	1594.82	 	0.998123	 	398.846	 	0.998154	 	0	 	0.321857	 	0.0681248	 	
569000	-1.99672	 	1594.82	 	0.998126	 	398.848	 	0.998156	 	0	 	0.321295	 	0.0680389	 	
570000	-1.99672	 	1594.82	 	0.998128	 	398.849	 	0.998158	 	0	 	0.320735	 	0.0679636	 	
571000	-1.99672	 	1594.82	 	0.99813	 	398.85	 	0.99816	 	0	 	0.320177	 	0.0678842	 	
572000	-1.99672	 	1594.82	 	0.998132	 	398.85	 	0.998162	 	0	 	0.319621	 	0.0678117	 	
573000	-1.99672	 	1594.82	 	0.998134	 	398.851	 	0.998164	 	0	 	0.319067	 	0.067736	 	
574000	-1.99672	 	1594.82	 	0.998135	 	398.852	 	0.998166	 	0	 	0.318515	 	0.0676622	 	
575000	-1.99672	 	1594.82	 	0.998137	 	398.853	 	0.998167	 	0	 	0.317965	 	0.0675864	 	
576000	-1.99672	 	1594.83	 	0.998139	 	398.854	 	0.998169	 	0.0025	 	0.317416	 	0.0675082	 	
577000	-1.99672	 	1594.83	 	0.998142	 	398.855	 	0.998172	 	0	 	0.316869	 	0.0674284	 	
578000	-1.99672	 	1594.83	 	0.998144	 	398.856	 	0.998173	 	0	 	0.316325	 	0.0673528	 	
579000	-1.99673	 	1594.83	 	0.998146	 	398.858	 	0.998176	 	0	 	0.315782	 	0.0672706	 	
580000	-1.99673	 	1594.83	 	0.998148	 	398.859	 	0.998178	 	0.005	 	0.315241	 	0.0671994	 	
581000	-1.99673	 	1594.83	 	0.998149	 	398.859	 	0.998179	 	0	 	0.314702	 	0.0671272	 	
582000	-1.99673	 	1594.83	 	0.998151	 	398.86	 	0.998181	 	0	 	0.314165	 	0.0670541	 	
583000	-1.99673	 	1594.84	 	0.998153	 	398.861	 	0.998183	 	0	 	0.313629	 	0.066971	 	
584000	-1.99673	 	1594.84	 	0.998155	 	398.863	 	0.998185	 	0	 	0.313095	 	0.066892	 	
585000	-1.99673	 	1594.84	 	0.998157	 	398.864	 	0.998187	 	0	 	0.312563	 	0.0668159	 	
586000	-1.99673	 	1594.84	 	0.99816	 	398.865	 	0.998189	 	0	 	0.312033	 	0.0667339	 	
587000	-1.99673	 	1594.84	 	0.998162	 	398.866	 	0.998191	 	0	 	0.311505	 	0.0666617	 	
588000	-1.99673	 	1594.84	 	0.998163	 	398.866	 	0.998193	 	0.0025	 	0.310979	 	0.0666001	 	
589000	-1.99673	 	1594.85	 	0.998165	 	398.868	 	0.998195	 	0	 	0.310455	 	0.0665216	 	
590000	-1.99673	 	1594.85	 	0.998167	 	398.868	 	0.998196	 	0	 	0.309932	 	0.0664505	 	
591000	-1.99673	 	1594.85	 	0.998169	 	398.869	 	0.998198	 	0	 	0.309411	 	0.0663843	 	
592000	-1.99674	 	1594.85	 	0.998171	 	398.87	 	0.9982	 	0.0025	 	0.308892	 	0.0663075	 	
593000	-1.99674	 	1594.85	 	0.998173	 	398.871	 	0.998202	 	0	 	0.308374	 	0.066232	 	
594000	-1.99674	 	1594.85	 	0.998175	 	398.872	 	0.998204	 	0	 	0.307858	 	0.0661578	 	
595000	-1.99674	 	1594.85	 	0.998177	 	398.873	 	0.998206	 	0	 	0.307344	 	0.066083	 	
596000	-1.99674	 	1594.85	 	0.998178	 	398.874	 	0.998208	 	0	 	0.306832	 	0.0660145	 	
597000	-1.99674	 	1594.85	 	0.99818	 	398.875	 	0.998209	 	0	 	0.306321	 	0.065943	 	
598000	-1.99674	 	1594.86	 	0.998182	 	398.876	 	0.998211	 	0	 	0.305813	 	0.0658749	 	
599000	-1.99674	 	1594.86	 	0.998184	 	398.877	 	0.998213	 	0	 	0.305306	 	0.0657992	 	
600000	-1.99674	 	1594.86	 	0.998186	 	398.878	 	0.998215	 	0	 	0.3048	 	0.0657265	 	
601000	-1.99674	 	1594.86	 	0.998188	 	398.879	 	0.998217	 	0	 	0.304296	 	0.0656526	 	
602000	-1.99675	 	1594.86	 	0.99819	 	398.88	 	0.998218	 	0	 	0.303794	 	0.065579	 	
603000	-1.99675	 	1594.86	 	0.998191	 	398.881	 	0.99822	 	0.0075	 	0.303294	 	0.0655112	 	
604000	-1.99675	 	1594.86	 	0.998193	 	398.882	 	0.998222	 	0	 	0.302795	 	0.065439	 	
605000	-1.99675	 	1594.87	 	0.998195	 	398.883	 	0.998224	 	0.0025	 	0.302298	 	0.0653662	 	
606000	-1.99675	 	1594.87	 	0.998197	 	398.884	 	0.998226	 	0	 	0.301802	 	0.0652959	 	
607000	-1.99675	 	1594.87	 	0.998199	 	398.885	 	0.998227	 	0	 	0.301308	 	0.0652253	 	
608000	-1.99675	 	1594.87	 	0.998201	 	398.885	 	0.998229	 	0.0025	 	0.300816	 	0.0651559	 	
609000	-1.99675	 	1594.87	 	0.998203	 	398.886	 	0.998231	 	0.0025	 	0.300325	 	0.0650834	 	
610000	-1.99675	 	1594.87	 	0.998204	 	398.887	 	0.998233	 	0	 	0.299836	 	0.0650181	 	
611000	-1.99675	 	1594.87	 	0.998206	 	398.888	 	0.998234	 	0.0075	 	0.299348	 	0.0649471	 	
612000	-1.99675	 	1594.87	 	0.998208	 	398.889	 	0.998236	 	0.0025	 	0.298862	 	0.0648814	 	
613000	-1.99675	 	1594.88	 	0.99821	 	398.89	 	0.998238	 	0	 	0.298378	 	0.0648116	 	
614000	-1.99676	 	1594.88	 	0.998211	 	398.891	 	0.99824	 	0	 	0.297895	 	0.0647401	 	
615000	-1.99676	 	1594.88	 	0.998213	 	398.892	 	0.998241	 	0.005	 	0.297414	 	0.0646704	 	
616000	-1.99676	 	1594.88	 	0.998215	 	398.893	 	0.998243	 	0	 	0.296934	 	0.0645994	 	
617000	-1.99676	 	1594.88	 	0.998217	 	398.894	 	0.998245	 	0	 	0.296456	 	0.0645308	 	
618000	-1.99676	 	1594.88	 	0.998218	 	398.894	 	0.998246	 	0.005	 	0.29598	 	0.0644743	 	
619000	-1.99676	 	1594.88	 	0.99822	 	398.895	 	0.998248	 	0	 	0.295505	 	0.0644076	 	
620000	-1.99676	 	1594.88	 	0.998221	 	398.896	 	0.998249	 	0	 	0.295032	 	0.0643446	 	
621000	-1.99676	 	1594.88	 	0.998223	 	398.897	 	0.998251	 	0	 	0.294561	 	0.0642856	 	
622000	-1.99676	 	1594.88	 	0.998225	 	398.897	 	0.998252	 	0	 	0.29409	 	0.0642246	 	
623000	-1.99676	 	1594.88	 	0.998226	 	398.898	 	0.998254	 	0	 	0.293622	 	0.0641604	 	
624000	-1.99676	 	1594.88	 	0.998228	 	398.899	 	0.998256	 	0	 	0.293154	 	0.0640928	 	
625000	-1.99676	 	1594.89	 	0.99823	 	398.9	 	0.998257	 	0	 	0.292688	 	0.0640242	 	
626000	-1.99676	 	1594.89	 	0.998231	 	398.901	 	0.998259	 	0	 	0.292224	 	0.0639567	 	
627000	-1.99676	 	1594.89	 	0.998233	 	398.901	 	0.998261	 	0	 	0.291761	 	0.0638955	 	
628000	-1.99676	 	1594.89	 	0.998235	 	398.902	 	0.998262	 	0	 	0.291299	 	0.0638267	 	
629000	-1.99676	 	1594.89	 	0.998236	 	398.903	 	0.998264	 	0	 	0.29084	 	0.0637722	 	
630000	-1.99676	 	1594.89	 	0.998238	 	398.904	 	0.998265	 	0	 	0.290382	 	0.0637122	 	
631000	-1.99676	 	1594.89	 	0.998239	 	398.905	 	0.998267	 	0	 	0.289924	 	0.0636467	 	
632000	-1.99676	 	1594.89	 	0.998241	 	398.905	 	0.998268	 	0.005	 	0.289469	 	0.0635861	 	
633000	-1.99676	 	1594.89	 	0.998243	 	398.906	 	0.99827	 	0	 	0.289014	 	0.063521	 	
634000	-1.99677	 	1594.89	 	0.998244	 	398.907	 	0.998272	 	0	 	0.288561	 	0.063452	 	
635000	-1.99677	 	1594.89	 	0.998246	 	398.908	 	0.998273	 	0	 	0.288111	 	0.0634029	 	
636000	-1.99677	 	1594.89	 	0.998247	 	398.908	 	0.998274	 	0	 	0.287661	 	0.0633417	 	
637000	-1.99677	 	1594.89	 	0.998249	 	398.909	 	0.998276	 	0	 	0.287213	 	0.063282	 	
638000	-1.99677	 	1594.89	 	0.99825	 	398.91	 	0.998278	 	0	 	0.286766	 	0.0632169	 	
639000	-1.99677	 	1594.89	 	0.998252	 	398.911	 	0.998279	 	0	 	0.28632	 	0.0631534	 	
640000	-1.99677	 	1594.89	 	0.998253	 	398.911	 	0.998281	 	0	 	0.285876	 	0.0630961	 	
641000	-1.99677	 	1594.89	 	0.998255	 	398.912	 	0.998282	 	0	 	0.285434	 	0.0630427	 	
642000	-1.99677	 	1594.9	 	0.998256	 	398.913	 	0.998283	 	0	 	0.284992	 	0.0629788	 	
643000	-1.99677	 	1594.9	 	0.998258	 	398.914	 	0.998285	 	0	 	0.284552	 	0.0629222	 	
644000	-1.99677	 	1594.9	 	0.99826	 	398.915	 	0.998287	 	0	 	0.284113	 	0.0628524	 	
645000	-1.99677	 	1594.9	 	0.998261	 	398.915	 	0.998288	 	0	 	0.283675	 	0.062793	 	
646000	-1.99677	 	1594.9	 	0.998263	 	398.916	 	0.99829	 	0.0025	 	0.28324	 	0.0627356	 	
647000	-1.99677	 	1594.9	 	0.998264	 	398.917	 	0.998291	 	0	 	0.282804	 	0.0626695	 	
648000	-1.99677	 	1594.9	 	0.998266	 	398.918	 	0.998293	 	0	 	0.282371	 	0.0626088	 	
649000	-1.99677	 	1594.9	 	0.998268	 	398.919	 	0.998294	 	0.005	 	0.281939	 	0.0625426	 	
650000	-1.99677	 	1594.9	 	0.998269	 	398.919	 	0.998296	 	0	 	0.281508	 	0.0624798	 	
651000	-1.99677	 	1594.91	 	0.998271	 	398.92	 	0.998297	 	0	 	0.281078	 	0.0624206	 	
652000	-1.99677	 	1594.91	 	0.998272	 	398.921	 	0.998299	 	0.0025	 	0.28065	 	0.0623614	 	
653000	-1.99677	 	1594.91	 	0.998274	 	398.921	 	0.9983	 	0	 	0.280223	 	0.0623051	 	
654000	-1.99677	 	1594.9	 	0.998275	 	398.922	 	0.998301	 	0	 	0.279798	 	0.0622536	 	
655000	-1.99677	 	1594.9	 	0.998276	 	398.923	 	0.998303	 	0	 	0.279374	 	0.0621976	 	
656000	-1.99677	 	1594.91	 	0.998278	 	398.923	 	0.998304	 	0	 	0.278951	 	0.0621376	 	
657000	-1.99678	 	1594.91	 	0.998279	 	398.924	 	0.998306	 	0	 	0.278529	 	0.0620777	 	
658000	-1.99678	 	1594.91	 	0.998281	 	398.925	 	0.998307	 	0	 	0.278109	 	0.0620149	 	
659000	-1.99678	 	1594.91	 	0.998282	 	398.926	 	0.998309	 	0	 	0.27769	 	0.0619548	 	
660000	-1.99678	 	1594.91	 	0.998284	 	398.927	 	0.99831	 	0	 	0.277272	 	0.0618938	 	
661000	-1.99678	 	1594.91	 	0.998286	 	398.927	 	0.998312	 	0	 	0.276855	 	0.0618371	 	
662000	-1.99678	 	1594.91	 	0.998287	 	398.928	 	0.998313	 	0.0025	 	0.27644	 	0.0617818	 	
663000	-1.99678	 	1594.91	 	0.998288	 	398.929	 	0.998314	 	0.0025	 	0.276026	 	0.0617299	 	
664000	-1.99678	 	1594.91	 	0.99829	 	398.929	 	0.998316	 	0	 	0.275614	 	0.0616795	 	
665000	-1.99678	 	1594.91	 	0.998291	 	398.93	 	0.998317	 	0	 	0.275203	 	0.0616268	 	
666000	-1.99678	 	1594.91	 	0.998292	 	398.931	 	0.998318	 	0.0025	 	0.274792	 	0.0615691	 	
667000	-1.99678	 	1594.91	 	0.998294	 	398.931	 	0.99832	 	0.005	 	0.274383	 	0.0615143	 	
668000	-1.99678	 	1594.91	 	0.998295	 	398.932	 	0.998321	 	0.0025	 	0.273975	 	0.0614567	 	
669000	-1.99678	 	1594.91	 	0.998297	 	398.933	 	0.998323	 	0	 	0.273568	 	0.061394	 	
670000	-1.99678	 	1594.92	 	0.998298	 	398.934	 	0.998324	 	0	 	0.273163	 	0.0613371	 	
671000	-1.99678	 	1594.92	 	0.9983	 	398.934	 	0.998326	 	0.0025	 	0.272759	 	0.0612774	 	
672000	-1.99678	 	1594.92	 	0.998301	 	398.935	 	0.998327	 	0.0025	 	0.272356	 	0.061218	 	
673000	-1.99678	 	1594.92	 	0.998303	 	398.936	 	0.998329	 	0	 	0.271954	 	0.0611626	 	
674000	-1.99678	 	1594.92	 	0.998304	 	398.937	 	0.99833	 	0	 	0.271553	 	0.0611019	 	
675000	-1.99679	 	1594.92	 	0.998306	 	398.938	 	0.998332	 	0.0025	 	0.271153	 	0.0610403	 	
676000	-1.99679	 	1594.92	 	0.998308	 	398.938	 	0.998333	 	0.0025	 	0.270755	 	0.0609837	 	
677000	-1.99679	 	1594.93	 	0.998309	 	398.939	 	0.998335	 	0.0025	 	0.270358	 	0.0609233	 	
678000	-1.99679	 	1594.93	 	0.99831	 	398.94	 	0.998336	 	0.005	 	0.269962	 	0.060871	 	
679000	-1.99679	 	1594.92	 	0.998312	 	398.94	 	0.998337	 	0	 	0.269568	 	0.0608275	 	
680000	-1.99679	 	1594.93	 	0.998313	 	398.941	 	0.998339	 	0	 	0.269174	 	0.0607714	 	
681000	-1.99679	 	1594.93	 	0.998314	 	398.942	 	0.99834	 	0.0025	 	0.268781	 	0.0607151	 	
682000	-1.99679	 	1594.93	 	0.998316	 	398.943	 	0.998341	 	0	 	0.26839	 	0.0606579	 	
683000	-1.99679	 	1594.93	 	0.998317	 	398.943	 	0.998343	 	0	 	0.268	 	0.0606003	 	
684000	-1.99679	 	1594.93	 	0.998319	 	398.944	 	0.998344	 	0	 	0.26761	 	0.060544	 	
685000	-1.99679	 	1594.93	 	0.99832	 	398.945	 	0.998345	 	0	 	0.267223	 	0.0604978	 	
686000	-1.99679	 	1594.93	 	0.998321	 	398.945	 	0.998347	 	0	 	0.266836	 	0.0604398	 	
687000	-1.99679	 	1594.93	 	0.998323	 	398.946	 	0.998348	 	0.0025	 	0.26645	 	0.0603823	 	
688000	-1.99679	 	1594.93	 	0.998324	 	398.947	 	0.99835	 	0	 	0.266066	 	0.0603277	 	
689000	-1.99679	 	1594.93	 	0.998326	 	398.947	 	0.998351	 	0	 	0.265683	 	0.0602764	 	
690000	-1.99679	 	1594.93	 	0.998327	 	398.948	 	0.998352	 	0	 	0.265301	 	0.0602269	 	
691000	-1.99679	 	1594.94	 	0.998328	 	398.949	 	0.998353	 	0	 	0.264919	 	0.0601731	 	
692000	-1.99679	 	1594.94	 	0.99833	 	398.949	 	0.998355	 	0	 	0.264539	 	0.0601229	 	
693000	-1.9968	 	1594.94	 	0.998331	 	398.95	 	0.998356	 	0	 	0.26416	 	0.0600655	 	
694000	-1.9968	 	1594.94	 	0.998333	 	398.951	 	0.998358	 	0	 	0.263782	 	0.0600067	 	
695000	-1.9968	 	1594.94	 	0.998334	 	398.952	 	0.998359	 	0	 	0.263406	 	0.0599654	 	
696000	-1.9968	 	1594.94	 	0.998335	 	398.952	 	0.99836	 	0	 	0.26303	 	0.0599178	 	
697000	-1.9968	 	1594.94	 	0.998337	 	398.953	 	0.998361	 	0.0025	 	0.262655	 	0.0598619	 	
698000	-1.9968	 	1594.94	 	0.998338	 	398.954	 	0.998363	 	0	 	0.262282	 	0.0598055	 	
699000	-1.9968	 	1594.94	 	0.99834	 	398.954	 	0.998364	 	0	 	0.261909	 	0.0597513	 	
700000	-1.9968	 	1594.94	 	0.998341	 	398.955	 	0.998366	 	0.0025	 	0.261537	 	0.0596942	 	
701000	-1.9968	 	1594.95	 	0.998342	 	398.956	 	0.998367	 	0	 	0.261167	 	0.0596452	 	
702000	-1.9968	 	1594.95	 	0.998344	 	398.957	 	0.998368	 	0.0025	 	0.260798	 	0.05959	 	
703000	-1.9968	 	1594.95	 	0.998345	 	398.957	 	0.99837	 	0.005	 	0.260429	 	0.0595411	 	
704000	-1.9968	 	1594.95	 	0.998346	 	398.958	 	0.998371	 	0.0025	 	0.260062	 	0.0594873	 	
705000	-1.9968	 	1594.95	 	0.998348	 	398.958	 	0.998372	 	0	 	0.259696	 	0.0594382	 	
706000	-1.9968	 	1594.95	 	0.998349	 	398.959	 	0.998373	 	0	 	0.25933	 	0.0593866	 	
707000	-1.9968	 	1594.95	 	0.99835	 	398.96	 	0.998375	 	0	 	0.258966	 	0.059333	 	
708000	-1.9968	 	1594.95	 	0.998351	 	398.96	 	0.998376	 	0	 	0.258603	 	0.0592859	 	
709000	-1.9968	 	1594.95	 	0.998353	 	398.961	 	0.998377	 	0	 	0.25824	 	0.059229	 	
710000	-1.99681	 	1594.95	 	0.998354	 	398.962	 	0.998379	 	0	 	0.257879	 	0.0591757	 	
711000	-1.99681	 	1594.95	 	0.998355	 	398.962	 	0.99838	 	0	 	0.25752	 	0.0591329	 	
712000	-1.99681	 	1594.95	 	0.998357	 	398.963	 	0.998381	 	0	 	0.257161	 	0.0590833	 	
713000	-1.99681	 	1594.95	 	0.998358	 	398.964	 	0.998382	 	0	 	0.256802	 	0.0590304	 	
714000	-1.99681	 	1594.96	 	0.998359	 	398.964	 	0.998384	 	0	 	0.256445	 	0.0589764	 	
715000	-1.99681	 	1594.96	 	0.998361	 	398.965	 	0.998385	 	0	 	0.256089	 	0.0589243	 	
716000	-1.99681	 	1594.96	 	0.998362	 	398.966	 	0.998386	 	0	 	0.255734	 	0.0588697	 	
717000	-1.99681	 	1594.96	 	0.998363	 	398.966	 	0.998388	 	0	 	0.25538	 	0.0588217	 	
718000	-1.99681	 	1594.96	 	0.998365	 	398.967	 	0.998389	 	0	 	0.255027	 	0.0587732	 	
719000	-1.99681	 	1594.96	 	0.998366	 	398.968	 	0.99839	 	0	 	0.254674	 	0.0587141	 	
720000	-1.99681	 	1594.96	 	0.998368	 	398.969	 	0.998392	 	0	 	0.254323	 	0.058663	 	
721000	-1.99681	 	1594.96	 	0.998369	 	398.969	 	0.998393	 	0.005	 	0.253973	 	0.0586181	 	
722000	-1.99681	 	1594.96	 	0.99837	 	398.97	 	0.998394	 	0	 	0.253623	 	0.0585635	 	
723000	-1.99681	 	1594.96	 	0.998371	 	398.971	 	0.998395	 	0	 	0.253275	 	0.0585175	 	
724000	-1.99682	 	1594.97	 	0.998373	 	398.971	 	0.998397	 	0.005	 	0.252928	 	0.0584621	 	
725000	-1.99682	 	1594.97	 	0.998374	 	398.972	 	0.998398	 	0.005	 	0.252581	 	0.0584103	 	
726000	-1.99682	 	1594.97	 	0.998375	 	398.973	 	0.998399	 	0.0025	 	0.252236	 	0.0583633	 	
727000	-1.99682	 	1594.97	 	0.998377	 	398.973	 	0.9984	 	0	 	0.251891	 	0.0583125	 	
728000	-1.99682	 	1594.97	 	0.998378	 	398.974	 	0.998402	 	0	 	0.251548	 	0.058259	 	
729000	-1.99682	 	1594.97	 	0.998379	 	398.975	 	0.998403	 	0	 	0.251205	 	0.0582119	 	
730000	-1.99682	 	1594.97	 	0.998381	 	398.975	 	0.998404	 	0.0075	 	0.250864	 	0.0581626	 	
731000	-1.99682	 	1594.97	 	0.998382	 	398.976	 	0.998406	 	0	 	0.250523	 	0.0581141	 	
732000	-1.99682	 	1594.97	 	0.998383	 	398.977	 	0.998407	 	0	 	0.250183	 	0.0580734	 	
733000	-1.99682	 	1594.97	 	0.998384	 	398.977	 	0.998408	 	0	 	0.249845	 	0.0580269	 	
734000	-1.99682	 	1594.97	 	0.998385	 	398.978	 	0.998409	 	0	 	0.249507	 	0.0579862	 	
735000	-1.99682	 	1594.98	 	0.998387	 	398.978	 	0.99841	 	0	 	0.24917	 	0.0579345	 	
736000	-1.99682	 	1594.98	 	0.998388	 	398.979	 	0.998411	 	0	 	0.248834	 	0.0578854	 	
737000	-1.99682	 	1594.98	 	0.998389	 	398.98	 	0.998413	 	0	 	0.248499	 	0.0578378	 	
738000	-1.99682	 	1594.98	 	0.99839	 	398.98	 	0.998414	 	0	 	0.248165	 	0.0577899	 	
739000	-1.99682	 	1594.98	 	0.998391	 	398.981	 	0.998415	 	0	 	0.247832	 	0.0577504	 	
740000	-1.99682	 	1594.98	 	0.998393	 	398.981	 	0.998416	 	0	 	0.247499	 	0.0577012	 	
741000	-1.99682	 	1594.98	 	0.998394	 	398.982	 	0.998417	 	0	 	0.247167	 	0.0576534	 	
742000	-1.99682	 	1594.98	 	0.998395	 	398.982	 	0.998418	 	0.005	 	0.246837	 	0.0576066	 	
743000	-1.99682	 	1594.98	 	0.998396	 	398.983	 	0.998419	 	0	 	0.246507	 	0.057558	 	
744000	-1.99682	 	1594.98	 	0.998397	 	398.984	 	0.99842	 	0	 	0.246178	 	0.0575135	 	
745000	-1.99683	 	1594.98	 	0.998398	 	398.984	 	0.998422	 	0	 	0.24585	 	0.057465	 	
746000	-1.99683	 	1594.98	 	0.9984	 	398.985	 	0.998423	 	0	 	0.245523	 	0.0574205	 	
747000	-1.99683	 	1594.98	 	0.998401	 	398.985	 	0.998424	 	0	 	0.245197	 	0.0573753	 	
748000	-1.99683	 	1594.98	 	0.998402	 	398.986	 	0.998425	 	0	 	0.244871	 	0.057327	 	
749000	-1.99683	 	1594.99	 	0.998403	 	398.987	 	0.998426	 	0.0025	 	0.244547	 	0.0572824	 	
750000	-1.99683	 	1594.99	 	0.998404	 	398.987	 	0.998428	 	0	 	0.244223	 	0.0572333	 	
751000	-1.99683	 	1594.99	 	0.998406	 	398.988	 	0.998429	 	0	 	0.2439	 	0.0571847	 	
752000	-1.99683	 	1594.99	 	0.998407	 	398.989	 	0.99843	 	0	 	0.243578	 	0.0571339	 	
753000	-1.99683	 	1594.99	 	0.998408	 	398.989	 	0.998431	 	0	 	0.243257	 	0.0570891	 	
754000	-1.99683	 	1594.99	 	0.998409	 	398.99	 	0.998432	 	0	 	0.242937	 	0.0570457	 	
755000	-1.99683	 	1594.99	 	0.99841	 	398.99	 	0.998433	 	0.0025	 	0.242618	 	0.0570023	 	
756000	-1.99683	 	1594.99	 	0.998411	 	398.991	 	0.998434	 	0	 	0.2423	 	0.0569637	 	
757000	-1.99683	 	1594.99	 	0.998412	 	398.991	 	0.998435	 	0.0025	 	0.241982	 	0.0569212	 	
758000	-1.99683	 	1594.99	 	0.998414	 	398.992	 	0.998436	 	0	 	0.241665	 	0.0568749	 	
759000	-1.99683	 	1594.99	 	0.998415	 	398.992	 	0.998437	 	0	 	0.241349	 	0.0568369	 	
760000	-1.99683	 	1594.99	 	0.998416	 	398.993	 	0.998439	 	0	 	0.241034	 	0.0567884	 	
761000	-1.99683	 	1594.99	 	0.998417	 	398.993	 	0.99844	 	0	 	0.24072	 	0.0567502	 	
762000	-1.99683	 	1594.99	 	0.998418	 	398.994	 	0.998441	 	0	 	0.240407	 	0.0567079	 	
763000	-1.99683	 	1594.99	 	0.998419	 	398.995	 	0.998442	 	0	 	0.240094	 	0.0566583	 	
764000	-1.99683	 	1594.99	 	0.99842	 	398.995	 	0.998443	 	0	 	0.239782	 	0.0566189	 	
765000	-1.99683	 	1595	 	0.998421	 	398.996	 	0.998444	 	0	 	0.239471	 	0.0565737	 	
766000	-1.99683	 	1595	 	0.998422	 	398.996	 	0.998445	 	0	 	0.23916	 	0.0565271	 	
767000	-1.99684	 	1595	 	0.998424	 	398.997	 	0.998446	 	0.005	 	0.238851	 	0.0564772	 	
768000	-1.99684	 	1595	 	0.998425	 	398.997	 	0.998447	 	0	 	0.238542	 	0.0564342	 	
769000	-1.99684	 	1595	 	0.998426	 	398.998	 	0.998448	 	0	 	0.238234	 	0.0563907	 	
770000	-1.99684	 	1595	 	0.998427	 	398.998	 	0.998449	 	0.0025	 	0.237928	 	0.0563521	 	
771000	-1.99684	 	1595	 	0.998428	 	398.999	 	0.99845	 	0.0025	 	0.237622	 	0.0563122	 	
772000	-1.99684	 	1595	 	0.998429	 	399	 	0.998452	 	0	 	0.237316	 	0.0562611	 	
773000	-1.99684	 	1595	 	0.99843	 	399	 	0.998453	 	0.0025	 	0.237011	 	0.056216	 	
774000	-1.99684	 	1595	 	0.998431	 	399.001	 	0.998454	 	0.0025	 	0.236707	 	0.0561733	 	
775000	-1.99684	 	1595	 	0.998432	 	399.001	 	0.998455	 	0	 	0.236404	 	0.0561374	 	
776000	-1.99684	 	1595	 	0.998433	 	399.002	 	0.998456	 	0	 	0.236102	 	0.0560986	 	
777000	-1.99684	 	1595	 	0.998434	 	399.002	 	0.998457	 	0	 	0.235801	 	0.0560576	 	
778000	-1.99684	 	1595	 	0.998435	 	399.003	 	0.998458	 	0	 	0.2355	 	0.0560193	 	
779000	-1.99684	 	1595	 	0.998437	 	399.003	 	0.998459	 	0	 	0.2352	 	0.0559718	 	
780000	-1.99684	 	1595	 	0.998438	 	399.004	 	0.99846	 	0	 	0.234901	 	0.0559325	 	
781000	-1.99684	 	1595	 	0.998439	 	399.004	 	0.998461	 	0	 	0.234602	 	0.0558863	 	
782000	-1.99684	 	1595.01	 	0.99844	 	399.005	 	0.998462	 	0	 	0.234305	 	0.0558483	 	
783000	-1.99684	 	1595.01	 	0.998441	 	399.005	 	0.998463	 	0	 	0.234009	 	0.055813	 	
784000	-1.99684	 	1595.01	 	0.998442	 	399.006	 	0.998464	 	0	 	0.233712	 	0.0557715	 	
785000	-1.99684	 	1595.01	 	0.998443	 	399.006	 	0.998465	 	0	 	0.233417	 	0.0557289	 	
786000	-1.99684	 	1595.01	 	0.998444	 	399.007	 	0.998466	 	0	 	0.233122	 	0.0556839	 	
787000	-1.99684	 	1595.01	 	0.998445	 	399.007	 	0.998467	 	0	 	0.232829	 	0.0556595	 	
788000	-1.99684	 	1595.01	 	0.998446	 	399.008	 	0.998468	 	0	 	0.232536	 	0.0556142	 	
789000	-1.99684	 	1595.01	 	0.998447	 	399.009	 	0.998469	 	0	 	0.232243	 	0.0555703	 	
790000	-1.99684	 	1595.01	 	0.998448	 	399.009	 	0.99847	 	0	 	0.231951	 	0.0555249	 	
791000	-1.99685	 	1595.01	 	0.998449	 	399.01	 	0.998471	 	0	 	0.231661	 	0.0554856	 	
792000	-1.99684	 	1595.01	 	0.99845	 	399.01	 	0.998472	 	0	 	0.231371	 	0.0554516	 	
793000	-1.99685	 	1595.01	 	0.998452	 	399.011	 	0.998473	 	0	 	0.231081	 	0.0554022	 	
794000	-1.99685	 	1595.01	 	0.998453	 	399.011	 	0.998475	 	0.005	 	0.230792	 	0.0553562	 	
795000	-1.99685	 	1595.02	 	0.998454	 	399.012	 	0.998476	 	0	 	0.230503	 	0.0553101	 	
796000	-1.99685	 	1595.02	 	0.998455	 	399.013	 	0.998477	 	0	 	0.230216	 	0.0552681	 	
797000	-1.99685	 	1595.02	 	0.998456	 	399.013	 	0.998478	 	0	 	0.229929	 	0.0552282	 	
798000	-1.99685	 	1595.02	 	0.998457	 	399.014	 	0.998479	 	0	 	0.229644	 	0.055189	 	
799000	-1.99685	 	1595.02	 	0.998458	 	399.014	 	0.99848	 	0	 	0.229359	 	0.0551567	 	
800000	-1.99685	 	1595.02	 	0.998459	 	399.015	 	0.998481	 	0	 	0.229075	 	0.0551171	 	
801000	-1.99685	 	1595.02	 	0.99846	 	399.015	 	0.998482	 	0	 	0.228791	 	0.0550717	 	
802000	-1.99685	 	1595.02	 	0.998461	 	399.016	 	0.998483	 	0	 	0.228508	 	0.0550333	 	
803000	-1.99685	 	1595.02	 	0.998462	 	399.016	 	0.998484	 	0	 	0.228225	 	0.0549917	 	
804000	-1.99685	 	1595.02	 	0.998464	 	399.017	 	0.998485	 	0	 	0.227943	 	0.0549482	 	
805000	-1.99685	 	1595.02	 	0.998465	 	399.017	 	0.998486	 	0.0025	 	0.227663	 	0.0549088	 	
806000	-1.99685	 	1595.03	 	0.998466	 	399.018	 	0.998487	 	0.005	 	0.227382	 	0.0548647	 	
807000	-1.99685	 	1595.03	 	0.998467	 	399.019	 	0.998488	 	0	 	0.227103	 	0.0548245	 	
808000	-1.99685	 	1595.03	 	0.998468	 	399.019	 	0.998489	 	0	 	0.226824	 	0.0547876	 	
809000	-1.99685	 	1595.03	 	0.998468	 	399.019	 	0.99849	 	0	 	0.226547	 	0.05476	 	
810000	-1.99685	 	1595.03	 	0.998469	 	399.02	 	0.998491	 	0.0025	 	0.22627	 	0.0547257	 	
811000	-1.99686	 	1595.03	 	0.99847	 	399.02	 	0.998492	 	0	 	0.225993	 	0.0546872	 	
812000	-1.99686	 	1595.03	 	0.998471	 	399.021	 	0.998493	 	0	 	0.225717	 	0.0546487	 	
813000	-1.99686	 	1595.03	 	0.998472	 	399.021	 	0.998494	 	0	 	0.225441	 	0.0546106	 	
814000	-1.99686	 	1595.03	 	0.998473	 	399.022	 	0.998495	 	0	 	0.225167	 	0.0545754	 	
815000	-1.99686	 	1595.03	 	0.998475	 	399.022	 	0.998496	 	0	 	0.224893	 	0.0545339	 	
816000	-1.99686	 	1595.03	 	0.998476	 	399.023	 	0.998497	 	0.005	 	0.224619	 	0.0544916	 	
817000	-1.99686	 	1595.03	 	0.998477	 	399.024	 	0.998498	 	0	 	0.224346	 	0.0544504	 	
818000	-1.99686	 	1595.03	 	0.998478	 	399.024	 	0.998499	 	0	 	0.224074	 	0.0544082	 	
819000	-1.99686	 	1595.03	 	0.998479	 	399.024	 	0.9985	 	0	 	0.223803	 	0.054379	 	
820000	-1.99686	 	1595.03	 	0.998479	 	399.025	 	0.998501	 	0	 	0.223532	 	0.0543448	 	
821000	-1.99686	 	1595.03	 	0.99848	 	399.025	 	0.998501	 	0	 	0.223263	 	0.0543127	 	
822000	-1.99686	 	1595.03	 	0.998481	 	399.026	 	0.998502	 	0	 	0.222993	 	0.054272	 	
823000	-1.99686	 	1595.03	 	0.998482	 	399.026	 	0.998503	 	0	 	0.222725	 	0.0542357	 	
824000	-1.99686	 	1595.03	 	0.998483	 	399.027	 	0.998504	 	0	 	0.222457	 	0.0542041	 	
825000	-1.99686	 	1595.03	 	0.998484	 	399.027	 	0.998505	 	0	 	0.222189	 	0.0541638	 	
826000	-1.99686	 	1595.03	 	0.998485	 	399.027	 	0.998506	 	0	 	0.221923	 	0.0541306	 	
827000	-1.99686	 	1595.03	 	0.998486	 	399.028	 	0.998507	 	0.0025	 	0.221657	 	0.0540971	 	
828000	-1.99686	 	1595.03	 	0.998487	 	399.028	 	0.998508	 	0	 	0.221391	 	0.0540586	 	
829000	-1.99686	 	1595.04	 	0.998488	 	399.029	 	0.998508	 	0.0025	 	0.221126	 	0.054021	 	
830000	-1.99686	 	1595.04	 	0.998489	 	399.029	 	0.99851	 	0	 	0.220861	 	0.0539793	 	
831000	-1.99686	 	1595.04	 	0.998489	 	399.03	 	0.99851	 	0	 	0.220598	 	0.0539459	 	
832000	-1.99686	 	1595.04	 	0.99849	 	399.03	 	0.998511	 	0	 	0.220335	 	0.0539071	 	
833000	-1.99686	 	1595.04	 	0.998491	 	399.031	 	0.998512	 	0	 	0.220073	 	0.053872	 	
834000	-1.99686	 	1595.04	 	0.998492	 	399.031	 	0.998513	 	0	 	0.219811	 	0.053832	 	
835000	-1.99686	 	1595.04	 	0.998494	 	399.032	 	0.998514	 	0	 	0.219549	 	0.05379	 	
836000	-1.99686	 	1595.04	 	0.998495	 	399.032	 	0.998515	 	0	 	0.219289	 	0.0537492	 	
837000	-1.99687	 	1595.04	 	0.998496	 	399.033	 	0.998516	 	0	 	0.219029	 	0.0537147	 	
838000	-1.99687	 	1595.04	 	0.998497	 	399.033	 	0.998517	 	0	 	0.218769	 	0.0536764	 	
839000	-1.99687	 	1595.04	 	0.998498	 	399.034	 	0.998518	 	0	 	0.218511	 	0.0536366	 	
840000	-1.99687	 	1595.05	 	0.998499	 	399.035	 	0.998519	 	0.0025	 	0.218253	 	0.0535992	 	
841000	-1.99687	 	1595.05	 	0.998499	 	399.035	 	0.99852	 	0	 	0.217995	 	0.0535653	 	
842000	-1.99687	 	1595.05	 	0.9985	 	399.035	 	0.998521	 	0	 	0.217739	 	0.053531	 	
843000	-1.99687	 	1595.05	 	0.998501	 	399.036	 	0.998522	 	0	 	0.217482	 	0.0534925	 	
844000	-1.99687	 	1595.05	 	0.998502	 	399.036	 	0.998523	 	0.0025	 	0.217227	 	0.0534653	 	
845000	-1.99687	 	1595.05	 	0.998503	 	399.036	 	0.998523	 	0.005	 	0.216972	 	0.0534294	 	
846000	-1.99687	 	1595.05	 	0.998504	 	399.037	 	0.998524	 	0	 	0.216717	 	0.0533907	 	
847000	-1.99687	 	1595.05	 	0.998505	 	399.037	 	0.998525	 	0	 	0.216464	 	0.053356	 	
848000	-1.99687	 	1595.05	 	0.998506	 	399.038	 	0.998526	 	0	 	0.216211	 	0.0533209	 	
849000	-1.99687	 	1595.05	 	0.998506	 	399.038	 	0.998527	 	0	 	0.215958	 	0.0532875	 	
850000	-1.99687	 	1595.05	 	0.998507	 	399.039	 	0.998528	 	0.0025	 	0.215706	 	0.053248	 	
851000	-1.99687	 	1595.05	 	0.998508	 	399.039	 	0.998528	 	0	 	0.215455	 	0.0532258	 	
852000	-1.99687	 	1595.05	 	0.998509	 	399.04	 	0.998529	 	0	 	0.215205	 	0.0531917	 	
853000	-1.99687	 	1595.05	 	0.99851	 	399.04	 	0.99853	 	0	 	0.214955	 	0.0531595	 	
854000	-1.99687	 	1595.05	 	0.998511	 	399.04	 	0.998531	 	0	 	0.214705	 	0.0531246	 	
855000	-1.99687	 	1595.05	 	0.998512	 	399.041	 	0.998532	 	0	 	0.214456	 	0.0530885	 	
856000	-1.99687	 	1595.05	 	0.998513	 	399.041	 	0.998533	 	0.005	 	0.214207	 	0.0530498	 	
857000	-1.99687	 	1595.05	 	0.998514	 	399.042	 	0.998534	 	0	 	0.213959	 	0.0530132	 	
858000	-1.99687	 	1595.05	 	0.998515	 	399.042	 	0.998535	 	0	 	0.213712	 	0.0529797	 	
859000	-1.99687	 	1595.05	 	0.998516	 	399.043	 	0.998536	 	0	 	0.213465	 	0.0529387	 	
860000	-1.99687	 	1595.05	 	0.998517	 	399.043	 	0.998537	 	0	 	0.213219	 	0.0529005	 	
861000	-1.99687	 	1595.06	 	0.998517	 	399.044	 	0.998538	 	0	 	0.212973	 	0.0528689	 	
862000	-1.99687	 	1595.06	 	0.998518	 	399.044	 	0.998538	 	0	 	0.212728	 	0.0528344	 	
863000	-1.99687	 	1595.06	 	0.998519	 	399.045	 	0.998539	 	0	 	0.212484	 	0.0528038	 	
864000	-1.99687	 	1595.06	 	0.99852	 	399.045	 	0.99854	 	0.005	 	0.21224	 	0.0527725	 	
865000	-1.99687	 	1595.06	 	0.998521	 	399.046	 	0.998541	 	0	 	0.211997	 	0.052736	 	
866000	-1.99688	 	1595.06	 	0.998522	 	399.046	 	0.998542	 	0	 	0.211754	 	0.0527013	 	
867000	-1.99688	 	1595.06	 	0.998523	 	399.046	 	0.998543	 	0	 	0.211512	 	0.0526645	 	
868000	-1.99688	 	1595.06	 	0.998524	 	399.047	 	0.998544	 	0.0025	 	0.21127	 	0.0526299	 	
869000	-1.99688	 	1595.06	 	0.998525	 	399.047	 	0.998544	 	0	 	0.211029	 	0.052592	 	
870000	-1.99688	 	1595.06	 	0.998525	 	399.048	 	0.998545	 	0	 	0.210789	 	0.0525618	 	
871000	-1.99688	 	1595.06	 	0.998526	 	399.048	 	0.998546	 	0	 	0.210548	 	0.0525254	 	
872000	-1.99688	 	1595.06	 	0.998527	 	399.049	 	0.998547	 	0	 	0.210309	 	0.0524854	 	
873000	-1.99688	 	1595.06	 	0.998528	 	399.049	 	0.998548	 	0	 	0.21007	 	0.0524553	 	
874000	-1.99688	 	1595.06	 	0.998529	 	399.05	 	0.998549	 	0.005	 	0.209832	 	0.0524207	 	
875000	-1.99688	 	1595.06	 	0.99853	 	399.05	 	0.99855	 	0	 	0.209594	 	0.0523899	 	
876000	-1.99688	 	1595.06	 	0.998531	 	399.051	 	0.99855	 	0	 	0.209357	 	0.0523572	 	
877000	-1.99688	 	1595.06	 	0.998531	 	399.051	 	0.998551	 	0	 	0.209121	 	0.0523336	 	
878000	-1.99688	 	1595.06	 	0.998532	 	399.051	 	0.998552	 	0.0025	 	0.208885	 	0.0523031	 	
879000	-1.99688	 	1595.06	 	0.998533	 	399.051	 	0.998552	 	0	 	0.208649	 	0.0522757	 	
880000	-1.99688	 	1595.06	 	0.998534	 	399.052	 	0.998553	 	0	 	0.208414	 	0.052238	 	
881000	-1.99688	 	1595.07	 	0.998535	 	399.053	 	0.998554	 	0	 	0.208179	 	0.052202	 	
882000	-1.99688	 	1595.07	 	0.998536	 	399.053	 	0.998555	 	0	 	0.207945	 	0.05217	 	
883000	-1.99688	 	1595.07	 	0.998536	 	399.053	 	0.998556	 	0	 	0.207712	 	0.0521385	 	
884000	-1.99688	 	1595.07	 	0.998537	 	399.054	 	0.998557	 	0.0025	 	0.207479	 	0.0521105	 	
885000	-1.99688	 	1595.07	 	0.998538	 	399.054	 	0.998558	 	0	 	0.207247	 	0.0520781	 	
886000	-1.99688	 	1595.07	 	0.998539	 	399.055	 	0.998558	 	0	 	0.207015	 	0.0520404	 	
887000	-1.99688	 	1595.07	 	0.99854	 	399.055	 	0.998559	 	0	 	0.206783	 	0.0520056	 	
888000	-1.99688	 	1595.07	 	0.998541	 	399.056	 	0.99856	 	0	 	0.206552	 	0.0519677	 	
889000	-1.99688	 	1595.07	 	0.998542	 	399.056	 	0.998561	 	0	 	0.206321	 	0.0519283	 	
890000	-1.99689	 	1595.07	 	0.998543	 	399.057	 	0.998562	 	0	 	0.206091	 	0.0518909	 	
891000	-1.99689	 	1595.07	 	0.998543	 	399.057	 	0.998563	 	0	 	0.205862	 	0.0518655	 	
892000	-1.99688	 	1595.07	 	0.998544	 	399.057	 	0.998563	 	0	 	0.205634	 	0.0518383	 	
893000	-1.99689	 	1595.07	 	0.998545	 	399.058	 	0.998564	 	0	 	0.205405	 	0.0518085	 	
894000	-1.99689	 	1595.07	 	0.998546	 	399.058	 	0.998565	 	0	 	0.205178	 	0.0517764	 	
895000	-1.99689	 	1595.07	 	0.998546	 	399.058	 	0.998566	 	0.0025	 	0.20495	 	0.0517432	 	
896000	-1.99689	 	1595.07	 	0.998547	 	399.059	 	0.998567	 	0.005	 	0.204723	 	0.05171	 	
897000	-1.99689	 	1595.07	 	0.998548	 	399.059	 	0.998568	 	0	 	0.204497	 	0.0516751	 	
898000	-1.99689	 	1595.08	 	0.998549	 	399.06	 	0.998568	 	0	 	0.204271	 	0.0516424	 	
899000	-1.99689	 	1595.08	 	0.99855	 	399.06	 	0.998569	 	0	 	0.204046	 	0.0516119	 	
900000	-1.99689	 	1595.08	 	0.998551	 	399.061	 	0.99857	 	0	 	0.203821	 	0.0515809	 	
901000	-1.99689	 	1595.08	 	0.998552	 	399.061	 	0.998571	 	0	 	0.203597	 	0.0515439	 	
902000	-1.99689	 	1595.08	 	0.998552	 	399.061	 	0.998572	 	0	 	0.203373	 	0.0515138	 	
903000	-1.99689	 	1595.08	 	0.998553	 	399.062	 	0.998572	 	0	 	0.20315	 	0.0514934	 	
904000	-1.99689	 	1595.08	 	0.998554	 	399.062	 	0.998573	 	0	 	0.202927	 	0.0514619	 	
905000	-1.99689	 	1595.08	 	0.998555	 	399.062	 	0.998574	 	0.0025	 	0.202705	 	0.0514323	 	
906000	-1.99689	 	1595.08	 	0.998555	 	399.063	 	0.998574	 	0	 	0.202484	 	0.051401	 	
907000	-1.99689	 	1595.08	 	0.998556	 	399.063	 	0.998575	 	0	 	0.202262	 	0.051374	 	
908000	-1.99689	 	1595.08	 	0.998557	 	399.064	 	0.998576	 	0	 	0.202042	 	0.0513448	 	
909000	-1.99689	 	1595.08	 	0.998558	 	399.064	 	0.998577	 	0	 	0.201821	 	0.0513137	 	
910000	-1.99689	 	1595.08	 	0.998558	 	399.064	 	0.998577	 	0	 	0.201601	 	0.0512845	 	
911000	-1.99689	 	1595.08	 	0.998559	 	399.065	 	0.998578	 	0	 	0.201382	 	0.0512552	 	
912000	-1.99689	 	1595.08	 	0.99856	 	399.065	 	0.998579	 	0	 	0.201163	 	0.0512287	 	
913000	-1.99689	 	1595.08	 	0.99856	 	399.065	 	0.998579	 	0	 	0.200945	 	0.0512003	 	
914000	-1.99689	 	1595.08	 	0.998561	 	399.066	 	0.99858	 	0	 	0.200727	 	0.0511671	 	
915000	-1.99689	 	1595.08	 	0.998562	 	399.066	 	0.998581	 	0	 	0.20051	 	0.0511387	 	
916000	-1.99689	 	1595.08	 	0.998563	 	399.066	 	0.998581	 	0	 	0.200293	 	0.051108	 	
917000	-1.99689	 	1595.08	 	0.998563	 	399.067	 	0.998582	 	0	 	0.200076	 	0.0510831	 	
918000	-1.99689	 	1595.08	 	0.998564	 	399.067	 	0.998583	 	0	 	0.19986	 	0.0510518	 	
919000	-1.99689	 	1595.08	 	0.998565	 	399.067	 	0.998584	 	0.0025	 	0.199645	 	0.051021	 	
920000	-1.99689	 	1595.08	 	0.998566	 	399.068	 	0.998584	 	0.0025	 	0.19943	 	0.0509951	 	
921000	-1.99689	 	1595.08	 	0.998566	 	399.068	 	0.998585	 	0	 	0.199215	 	0.0509635	 	
922000	-1.99689	 	1595.08	 	0.998567	 	399.068	 	0.998586	 	0.0025	 	0.199001	 	0.0509385	 	
923000	-1.99689	 	1595.08	 	0.998568	 	399.069	 	0.998586	 	0	 	0.198788	 	0.0509151	 	
924000	-1.99689	 	1595.08	 	0.998568	 	399.069	 	0.998587	 	0	 	0.198575	 	0.0508865	 	
925000	-1.99689	 	1595.08	 	0.998569	 	399.069	 	0.998588	 	0	 	0.198362	 	0.0508632	 	
926000	-1.99689	 	1595.08	 	0.998569	 	399.07	 	0.998588	 	0	 	0.19815	 	0.0508373	 	
927000	-1.99689	 	1595.08	 	0.99857	 	399.07	 	0.998589	 	0	 	0.197939	 	0.0508113	 	
928000	-1.99689	 	1595.08	 	0.998571	 	399.07	 	0.998589	 	0	 	0.197728	 	0.0507876	 	
929000	-1.99689	 	1595.08	 	0.998572	 	399.071	 	0.99859	 	0	 	0.197517	 	0.0507543	 	
930000	-1.99689	 	1595.08	 	0.998572	 	399.071	 	0.998591	 	0	 	0.197307	 	0.0507283	 	
931000	-1.99689	 	1595.08	 	0.998573	 	399.071	 	0.998592	 	0	 	0.197096	 	0.0506948	 	
932000	-1.99689	 	1595.08	 	0.998574	 	399.072	 	0.998593	 	0	 	0.196887	 	0.0506675	 	
933000	-1.99689	 	1595.08	 	0.998575	 	399.072	 	0.998593	 	0	 	0.196678	 	0.0506416	 	
934000	-1.99689	 	1595.08	 	0.998575	 	399.072	 	0.998594	 	0	 	0.196469	 	0.0506176	 	
935000	-1.99689	 	1595.08	 	0.998576	 	399.073	 	0.998595	 	0	 	0.196261	 	0.0505843	 	
936000	-1.99689	 	1595.08	 	0.998577	 	399.073	 	0.998595	 	0	 	0.196053	 	0.0505616	 	
937000	-1.99689	 	1595.08	 	0.998577	 	399.073	 	0.998596	 	0.005	 	0.195846	 	0.0505355	 	
938000	-1.99689	 	1595.08	 	0.998578	 	399.074	 	0.998597	 	0	 	0.195639	 	0.0505024	 	
939000	-1.99689	 	1595.08	 	0.998579	 	399.074	 	0.998598	 	0	 	0.195432	 	0.0504719	 	
940000	-1.99689	 	1595.08	 	0.99858	 	399.075	 	0.998598	 	0	 	0.195226	 	0.0504379	 	
941000	-1.99689	 	1595.08	 	0.998581	 	399.075	 	0.998599	 	0	 	0.195021	 	0.0504157	 	
942000	-1.99689	 	1595.08	 	0.998581	 	399.075	 	0.9986	 	0	 	0.194815	 	0.0503837	 	
943000	-1.99689	 	1595.09	 	0.998582	 	399.076	 	0.998601	 	0	 	0.19461	 	0.0503482	 	
944000	-1.9969	 	1595.09	 	0.998583	 	399.076	 	0.998602	 	0	 	0.194406	 	0.0503167	 	
945000	-1.9969	 	1595.09	 	0.998584	 	399.077	 	0.998602	 	0	 	0.194202	 	0.0502847	 	
946000	-1.9969	 	1595.09	 	0.998585	 	399.077	 	0.998603	 	0	 	0.193998	 	0.0502586	 	
947000	-1.9969	 	1595.09	 	0.998586	 	399.078	 	0.998604	 	0	 	0.193795	 	0.0502254	 	
948000	-1.9969	 	1595.09	 	0.998586	 	399.078	 	0.998605	 	0	 	0.193592	 	0.0501945	 	
949000	-1.9969	 	1595.09	 	0.998587	 	399.078	 	0.998605	 	0	 	0.19339	 	0.0501682	 	
950000	-1.9969	 	1595.09	 	0.998588	 	399.079	 	0.998606	 	0	 	0.193188	 	0.0501364	 	
951000	-1.9969	 	1595.09	 	0.998589	 	399.079	 	0.998607	 	0	 	0.192987	 	0.0501074	 	
952000	-1.9969	 	1595.09	 	0.998589	 	399.08	 	0.998607	 	0	 	0.192786	 	0.0500798	 	
953000	-1.9969	 	1595.09	 	0.99859	 	399.08	 	0.998608	 	0.0025	 	0.192586	 	0.0500534	 	
954000	-1.9969	 	1595.09	 	0.998591	 	399.08	 	0.998609	 	0	 	0.192386	 	0.0500252	 	
955000	-1.9969	 	1595.09	 	0.998591	 	399.081	 	0.99861	 	0	 	0.192186	 	0.049992	 	
956000	-1.9969	 	1595.09	 	0.998592	 	399.081	 	0.99861	 	0	 	0.191987	 	0.0499627	 	
957000	-1.9969	 	1595.09	 	0.998593	 	399.081	 	0.998611	 	0	 	0.191788	 	0.0499343	 	
958000	-1.9969	 	1595.1	 	0.998594	 	399.082	 	0.998612	 	0	 	0.191589	 	0.0499044	 	
959000	-1.9969	 	1595.1	 	0.998594	 	399.082	 	0.998612	 	0	 	0.191391	 	0.0498765	 	
960000	-1.9969	 	1595.1	 	0.998595	 	399.082	 	0.998613	 	0	 	0.191194	 	0.0498479	 	
961000	-1.9969	 	1595.1	 	0.998596	 	399.083	 	0.998614	 	0	 	0.190996	 	0.0498165	 	
962000	-1.9969	 	1595.1	 	0.998597	 	399.083	 	0.998615	 	0	 	0.1908	 	0.0497915	 	
963000	-1.9969	 	1595.1	 	0.998597	 	399.083	 	0.998615	 	0	 	0.190603	 	0.0497678	 	
964000	-1.9969	 	1595.1	 	0.998598	 	399.084	 	0.998616	 	0.0025	 	0.190407	 	0.0497373	 	
965000	-1.9969	 	1595.1	 	0.998598	 	399.084	 	0.998616	 	0.005	 	0.190212	 	0.049719	 	
966000	-1.9969	 	1595.1	 	0.998599	 	399.084	 	0.998617	 	0	 	0.190017	 	0.0496899	 	
967000	-1.9969	 	1595.1	 	0.9986	 	399.085	 	0.998618	 	0.0025	 	0.189822	 	0.049661	 	
968000	-1.9969	 	1595.1	 	0.998601	 	399.085	 	0.998618	 	0	 	0.189628	 	0.04963	 	
969000	-1.9969	 	1595.1	 	0.998601	 	399.086	 	0.998619	 	0	 	0.189434	 	0.0496011	 	
970000	-1.9969	 	1595.1	 	0.998602	 	399.086	 	0.99862	 	0	 	0.18924	 	0.0495691	 	
971000	-1.9969	 	1595.1	 	0.998603	 	399.086	 	0.998621	 	0.0025	 	0.189047	 	0.0495445	 	
972000	-1.9969	 	1595.1	 	0.998604	 	399.087	 	0.998621	 	0	 	0.188854	 	0.0495133	 	
973000	-1.9969	 	1595.1	 	0.998604	 	399.087	 	0.998622	 	0	 	0.188662	 	0.0494914	 	
974000	-1.99691	 	1595.1	 	0.998605	 	399.087	 	0.998623	 	0	 	0.18847	 	0.0494614	 	
975000	-1.99691	 	1595.1	 	0.998606	 	399.088	 	0.998623	 	0	 	0.188278	 	0.0494335	 	
976000	-1.99691	 	1595.1	 	0.998606	 	399.088	 	0.998624	 	0	 	0.188087	 	0.049407	 	
977000	-1.99691	 	1595.1	 	0.998607	 	399.088	 	0.998625	 	0	 	0.187897	 	0.04939	 	
978000	-1.99691	 	1595.1	 	0.998608	 	399.089	 	0.998625	 	0	 	0.187707	 	0.0493616	 	
979000	-1.99691	 	1595.1	 	0.998608	 	399.089	 	0.998626	 	0.0025	 	0.187517	 	0.049334	 	
980000	-1.99691	 	1595.1	 	0.998609	 	399.089	 	0.998627	 	0	 	0.187327	 	0.0493051	 	
981000	-1.99691	 	1595.1	 	0.99861	 	399.09	 	0.998627	 	0.0025	 	0.187138	 	0.0492758	 	
982000	-1.99691	 	1595.11	 	0.998611	 	399.09	 	0.998628	 	0.0025	 	0.186949	 	0.049248	 	
983000	-1.99691	 	1595.11	 	0.998611	 	399.091	 	0.998629	 	0	 	0.186761	 	0.0492221	 	
984000	-1.99691	 	1595.11	 	0.998612	 	399.091	 	0.998629	 	0.0025	 	0.186573	 	0.0491956	 	
985000	-1.99691	 	1595.11	 	0.998613	 	399.091	 	0.99863	 	0.0025	 	0.186385	 	0.0491673	 	
986000	-1.99691	 	1595.11	 	0.998613	 	399.092	 	0.998631	 	0.0025	 	0.186197	 	0.0491374	 	
987000	-1.99691	 	1595.11	 	0.998614	 	399.092	 	0.998632	 	0	 	0.18601	 	0.0491079	 	
988000	-1.99691	 	1595.11	 	0.998615	 	399.093	 	0.998632	 	0	 	0.185824	 	0.0490761	 	
989000	-1.99691	 	1595.11	 	0.998616	 	399.093	 	0.998633	 	0	 	0.185637	 	0.049049	 	
990000	-1.99691	 	1595.11	 	0.998616	 	399.093	 	0.998634	 	0.0025	 	0.185452	 	0.0490236	 	
991000	-1.99691	 	1595.11	 	0.998617	 	399.094	 	0.998634	 	0	 	0.185266	 	0.0489986	 	
992000	-1.99691	 	1595.11	 	0.998618	 	399.094	 	0.998635	 	0	 	0.185081	 	0.0489724	 	
993000	-1.99691	 	1595.11	 	0.998618	 	399.094	 	0.998636	 	0	 	0.184897	 	0.0489466	 	
994000	-1.99691	 	1595.11	 	0.998619	 	399.095	 	0.998636	 	0	 	0.184712	 	0.0489173	 	
995000	-1.99691	 	1595.11	 	0.99862	 	399.095	 	0.998637	 	0	 	0.184528	 	0.0488883	 	
996000	-1.99691	 	1595.11	 	0.99862	 	399.095	 	0.998638	 	0	 	0.184344	 	0.0488597	 	
997000	-1.99691	 	1595.11	 	0.998621	 	399.096	 	0.998638	 	0	 	0.184161	 	0.0488334	 	
998000	-1.99691	 	1595.11	 	0.998622	 	399.096	 	0.998639	 	0.005	 	0.183979	 	0.0488099	 	
999000	-1.99691	 	1595.11	 	0.998622	 	399.096	 	0.99864	 	0	 	0.183796	 	0.0487827	 	
