MCcycles: 500000	 L = 20	 T = 2.4	 Randomstart = 1
MCcycles 	 E 		 E2 		 M 		 M2 		 Mabs 		 accepted		 X 		 Cv
2	-1.775	 	1260.34	 	0.0075	 	344.125	 	0.9275	 	17	 	0.009375	 	0.015625	 	
1000	-1.24668	 	629.389	 	-0.065185	 	111.808	 	0.479465	 	55812	 	8.27207	 	1.33764	 	
2000	-1.23249	 	614.951	 	-0.158842	 	100.6	 	0.450232	 	114406	 	8.1317	 	1.27318	 	
3000	-1.22369	 	606.431	 	-0.172693	 	95.2745	 	0.43181	 	169958	 	8.62106	 	1.29636	 	
4000	-1.22293	 	605.661	 	-0.147011	 	92.9083	 	0.425461	 	227034	 	8.54223	 	1.29213	 	
5000	-1.22276	 	605.399	 	-0.167566	 	91.8847	 	0.423016	 	282080	 	8.46152	 	1.27472	 	
6000	-1.22422	 	606.852	 	-0.184554	 	95.6203	 	0.434326	 	341735	 	8.40196	 	1.27976	 	
7000	-1.21734	 	600.112	 	-0.169933	 	90.339	 	0.416953	 	400662	 	8.66629	 	1.27529	 	
8000	-1.22766	 	610.521	 	-0.147596	 	97.4584	 	0.436791	 	451294	 	8.81001	 	1.33049	 	
9000	-1.22396	 	606.994	 	-0.104874	 	94.4013	 	0.425249	 	506990	 	9.19443	 	1.3475	 	
10000	-1.22841	 	611.532	 	-0.060276	 	96.9652	 	0.433057	 	558978	 	9.14578	 	1.37766	 	
11000	-1.23145	 	614.531	 	-0.0245555	 	98.5445	 	0.437925	 	611483	 	9.09724	 	1.37943	 	
12000	-1.2327	 	615.74	 	-0.0209175	 	98.4177	 	0.437815	 	660661	 	9.0604	 	1.37429	 	
13000	-1.23211	 	615.121	 	-0.02481	 	98.3273	 	0.438337	 	714163	 	8.94649	 	1.36942	 	
14000	-1.22973	 	612.723	 	-0.0226407	 	96.9204	 	0.434957	 	773543	 	8.85223	 	1.35942	 	
15000	-1.23027	 	613.294	 	-0.02754	 	97.3133	 	0.435604	 	828723	 	8.92208	 	1.36669	 	
16000	-1.23304	 	616.176	 	-0.0390359	 	99.2306	 	0.441109	 	878017	 	8.91656	 	1.39293	 	
17000	-1.23516	 	618.441	 	-0.014285	 	100.602	 	0.44459	 	927086	 	8.97396	 	1.42159	 	
18000	-1.23522	 	618.488	 	0.00403861	 	101.356	 	0.447927	 	979069	 	8.79175	 	1.41967	 	
19000	-1.23738	 	620.629	 	0.0318726	 	103.171	 	0.45337	 	1.03052e+06	 	8.73051	 	1.42132	 	
20000	-1.23895	 	622.159	 	0.0294425	 	104.972	 	0.459114	 	1.08224e+06	 	8.60766	 	1.41617	 	
21000	-1.23937	 	622.572	 	0.0315762	 	104.726	 	0.457775	 	1.13024e+06	 	8.70942	 	1.41697	 	
22000	-1.23854	 	621.753	 	0.0314232	 	104.104	 	0.455885	 	1.18277e+06	 	8.73808	 	1.41745	 	
23000	-1.23836	 	621.588	 	0.0335489	 	104.407	 	0.457248	 	1.23412e+06	 	8.65696	 	1.41913	 	
24000	-1.23919	 	622.433	 	0.0135688	 	105.188	 	0.459786	 	1.28648e+06	 	8.59462	 	1.42291	 	
25000	-1.23923	 	622.419	 	0.0085728	 	105.222	 	0.460401	 	1.33812e+06	 	8.51442	 	1.4128	 	
26000	-1.23862	 	621.763	 	0.0168458	 	104.424	 	0.457911	 	1.39693e+06	 	8.56282	 	1.40412	 	
27000	-1.23948	 	622.591	 	0.0141528	 	105.281	 	0.460803	 	1.451e+06	 	8.47711	 	1.40013	 	
28000	-1.23959	 	622.766	 	0.0208896	 	105.556	 	0.460937	 	1.50701e+06	 	8.57119	 	1.412	 	
29000	-1.2409	 	624.114	 	0.0114702	 	106.421	 	0.463385	 	1.56e+06	 	8.55435	 	1.41967	 	
30000	-1.24125	 	624.466	 	0.0133788	 	106.593	 	0.463933	 	1.61077e+06	 	8.54147	 	1.42158	 	
31000	-1.24082	 	624.016	 	0.0267231	 	106.593	 	0.464434	 	1.66372e+06	 	8.46397	 	1.41635	 	
32000	-1.23996	 	623.179	 	0.0283083	 	105.782	 	0.461824	 	1.7259e+06	 	8.52902	 	1.41975	 	
33000	-1.2377	 	620.926	 	0.0285026	 	104.433	 	0.458163	 	1.786e+06	 	8.52807	 	1.41688	 	
34000	-1.23717	 	620.381	 	0.0284134	 	104.068	 	0.457094	 	1.84243e+06	 	8.53896	 	1.4148	 	
35000	-1.23686	 	620.057	 	0.0363857	 	103.919	 	0.456677	 	1.89902e+06	 	8.54054	 	1.41142	 	
36000	-1.23542	 	618.637	 	0.0314424	 	102.838	 	0.45328	 	1.95843e+06	 	8.6052	 	1.41264	 	
37000	-1.23416	 	617.406	 	0.0288181	 	101.765	 	0.449926	 	2.01876e+06	 	8.6632	 	1.41408	 	
38000	-1.23434	 	617.585	 	0.0291399	 	102.02	 	0.450772	 	2.07144e+06	 	8.64248	 	1.41433	 	
39000	-1.23343	 	616.668	 	0.0347419	 	101.566	 	0.449797	 	2.127e+06	 	8.59982	 	1.41035	 	
40000	-1.2337	 	616.982	 	0.0398826	 	101.604	 	0.449508	 	2.18102e+06	 	8.65888	 	1.41997	 	
41000	-1.23404	 	617.376	 	0.0374241	 	101.877	 	0.45011	 	2.23322e+06	 	8.6822	 	1.43004	 	
42000	-1.23424	 	617.562	 	0.0420433	 	102.131	 	0.451043	 	2.28883e+06	 	8.64804	 	1.42814	 	
43000	-1.23499	 	618.378	 	0.0390136	 	102.812	 	0.452633	 	2.33847e+06	 	8.69227	 	1.44037	 	
44000	-1.23537	 	618.744	 	0.0364033	 	103.069	 	0.45362	 	2.39089e+06	 	8.65042	 	1.43854	 	
45000	-1.23572	 	619.038	 	0.0383719	 	103.19	 	0.453958	 	2.44626e+06	 	8.64955	 	1.43025	 	
46000	-1.23715	 	620.468	 	0.0346551	 	104.071	 	0.456444	 	2.49245e+06	 	8.63945	 	1.43193	 	
47000	-1.23742	 	620.722	 	0.0355441	 	104.619	 	0.458079	 	2.54541e+06	 	8.61868	 	1.43027	 	
48000	-1.23761	 	620.934	 	0.0408366	 	104.685	 	0.458246	 	2.5997e+06	 	8.62063	 	1.4337	 	
49000	-1.23619	 	619.481	 	0.0378183	 	103.423	 	0.454635	 	2.65965e+06	 	8.64417	 	1.42659	 	
50000	-1.23654	 	619.876	 	0.0421468	 	103.471	 	0.454259	 	2.71557e+06	 	8.72105	 	1.43542	 	
51000	-1.23775	 	621.113	 	0.0451021	 	104.305	 	0.456339	 	2.76988e+06	 	8.7527	 	1.44173	 	
52000	-1.23719	 	620.541	 	0.0489522	 	103.861	 	0.455034	 	2.82822e+06	 	8.76595	 	1.43909	 	
53000	-1.23669	 	620.045	 	0.0415321	 	103.743	 	0.454778	 	2.88029e+06	 	8.75552	 	1.43752	 	
54000	-1.23611	 	619.465	 	0.0436123	 	103.315	 	0.453521	 	2.93899e+06	 	8.7679	 	1.4369	 	
55000	-1.23553	 	618.845	 	0.046709	 	102.792	 	0.452268	 	2.99734e+06	 	8.73916	 	1.4292	 	
56000	-1.23443	 	617.769	 	0.0440104	 	102.012	 	0.449748	 	3.05207e+06	 	8.793	 	1.43038	 	
57000	-1.23536	 	618.692	 	0.0359402	 	102.606	 	0.45154	 	3.10134e+06	 	8.77097	 	1.43224	 	
58000	-1.23618	 	619.534	 	0.0261635	 	103.141	 	0.452987	 	3.14737e+06	 	8.77577	 	1.4372	 	
59000	-1.23639	 	619.745	 	0.024766	 	103.183	 	0.453086	 	3.19898e+06	 	8.77859	 	1.4379	 	
60000	-1.23641	 	619.761	 	0.0175477	 	103.179	 	0.452901	 	3.25307e+06	 	8.80477	 	1.43697	 	
61000	-1.23624	 	619.6	 	0.0128241	 	103.008	 	0.452214	 	3.30179e+06	 	8.83692	 	1.43885	 	
62000	-1.23605	 	619.393	 	0.0149397	 	102.776	 	0.451492	 	3.35576e+06	 	8.84892	 	1.43535	 	
63000	-1.23639	 	619.746	 	0.0195758	 	103.103	 	0.452545	 	3.4073e+06	 	8.82668	 	1.43768	 	
64000	-1.23667	 	620.027	 	0.0273903	 	103.421	 	0.453625	 	3.4586e+06	 	8.79599	 	1.43801	 	
65000	-1.23622	 	619.55	 	0.0244132	 	103.018	 	0.4527	 	3.51291e+06	 	8.76776	 	1.43312	 	
66000	-1.23597	 	619.27	 	0.022842	 	102.841	 	0.452368	 	3.56678e+06	 	8.74436	 	1.42715	 	
67000	-1.23518	 	618.506	 	0.0263456	 	102.381	 	0.450984	 	3.62581e+06	 	8.76095	 	1.42948	 	
68000	-1.23498	 	618.327	 	0.0261095	 	102.237	 	0.450257	 	3.68569e+06	 	8.81035	 	1.43413	 	
69000	-1.23536	 	618.691	 	0.0202054	 	102.563	 	0.451227	 	3.73875e+06	 	8.80009	 	1.4322	 	
70000	-1.23542	 	618.757	 	0.0162171	 	102.608	 	0.45129	 	3.78952e+06	 	8.80938	 	1.4322	 	
71000	-1.23508	 	618.41	 	0.0122685	 	102.308	 	0.450446	 	3.84736e+06	 	8.81146	 	1.4307	 	
72000	-1.23505	 	618.391	 	0.00864521	 	102.317	 	0.450429	 	3.90007e+06	 	8.81776	 	1.43218	 	
73000	-1.23487	 	618.215	 	0.00319349	 	102.289	 	0.450513	 	3.95273e+06	 	8.79355	 	1.43226	 	
74000	-1.23452	 	617.828	 	0.00439736	 	101.796	 	0.449204	 	4.00861e+06	 	8.78432	 	1.42586	 	
75000	-1.23432	 	617.649	 	0.00494353	 	101.616	 	0.448772	 	4.06387e+06	 	8.77375	 	1.42829	 	
76000	-1.23407	 	617.367	 	0.00920921	 	101.446	 	0.448603	 	4.11962e+06	 	8.72842	 	1.42317	 	
77000	-1.2333	 	616.578	 	0.01181	 	100.733	 	0.446417	 	4.17772e+06	 	8.75755	 	1.41794	 	
78000	-1.23413	 	617.426	 	0.0191949	 	101.372	 	0.44823	 	4.2273e+06	 	8.75328	 	1.42202	 	
79000	-1.23453	 	617.837	 	0.0241672	 	101.583	 	0.448727	 	4.27927e+06	 	8.76691	 	1.42573	 	
80000	-1.23547	 	618.774	 	0.0309504	 	102.224	 	0.450455	 	4.32593e+06	 	8.77489	 	1.42779	 	
81000	-1.23557	 	618.865	 	0.0358366	 	102.436	 	0.45123	 	4.3826e+06	 	8.74712	 	1.42511	 	
82000	-1.23515	 	618.442	 	0.0319891	 	102.101	 	0.450286	 	4.43948e+06	 	8.74928	 	1.42477	 	
83000	-1.23444	 	617.749	 	0.0282783	 	101.615	 	0.448675	 	4.49902e+06	 	8.78796	 	1.42521	 	
84000	-1.23483	 	618.112	 	0.0219386	 	101.898	 	0.44954	 	4.5479e+06	 	8.77641	 	1.42254	 	
85000	-1.23477	 	618.074	 	0.0216286	 	101.736	 	0.448835	 	4.60027e+06	 	8.81478	 	1.42517	 	
86000	-1.23524	 	618.551	 	0.0275653	 	102.093	 	0.449865	 	4.65599e+06	 	8.80886	 	1.42718	 	
87000	-1.23504	 	618.368	 	0.0279586	 	102.015	 	0.449602	 	4.7137e+06	 	8.81583	 	1.42958	 	
88000	-1.23546	 	618.779	 	0.0290561	 	102.401	 	0.450763	 	4.76275e+06	 	8.80258	 	1.42955	 	
89000	-1.23536	 	618.673	 	0.0318483	 	102.388	 	0.450777	 	4.8232e+06	 	8.7951	 	1.42791	 	
90000	-1.23449	 	617.785	 	0.0331487	 	101.631	 	0.448467	 	4.88337e+06	 	8.82572	 	1.42376	 	
91000	-1.23437	 	617.643	 	0.0350034	 	101.482	 	0.448179	 	4.93684e+06	 	8.80668	 	1.41877	 	
92000	-1.23421	 	617.478	 	0.0358618	 	101.337	 	0.447738	 	4.98994e+06	 	8.81236	 	1.41844	 	
93000	-1.2342	 	617.475	 	0.0376241	 	101.239	 	0.447363	 	5.03816e+06	 	8.82727	 	1.41967	 	
94000	-1.23437	 	617.644	 	0.0367388	 	101.445	 	0.447932	 	5.09066e+06	 	8.82828	 	1.41984	 	
95000	-1.23432	 	617.597	 	0.0394879	 	101.392	 	0.447831	 	5.14191e+06	 	8.82106	 	1.41975	 	
96000	-1.23438	 	617.656	 	0.0382546	 	101.376	 	0.447739	 	5.19704e+06	 	8.8283	 	1.4204	 	
97000	-1.23401	 	617.283	 	0.0364895	 	101.173	 	0.447219	 	5.25582e+06	 	8.8212	 	1.41907	 	
98000	-1.23352	 	616.787	 	0.0350943	 	100.814	 	0.446311	 	5.31286e+06	 	8.80701	 	1.41617	 	
99000	-1.2336	 	616.859	 	0.0395827	 	100.917	 	0.446674	 	5.36508e+06	 	8.79593	 	1.41516	 	
100000	-1.23368	 	616.94	 	0.0426277	 	100.955	 	0.446805	 	5.41586e+06	 	8.79208	 	1.41565	 	
101000	-1.23316	 	616.411	 	0.0431811	 	100.489	 	0.445328	 	5.47222e+06	 	8.81771	 	1.41339	 	
102000	-1.23341	 	616.662	 	0.0427351	 	100.755	 	0.446212	 	5.52414e+06	 	8.79705	 	1.41348	 	
103000	-1.23374	 	617.007	 	0.0472253	 	101.097	 	0.447136	 	5.57727e+06	 	8.80212	 	1.41633	 	
104000	-1.23371	 	616.987	 	0.047434	 	101.101	 	0.447204	 	5.63069e+06	 	8.79366	 	1.41826	 	
105000	-1.23325	 	616.526	 	0.044534	 	100.793	 	0.446249	 	5.69183e+06	 	8.8075	 	1.4179	 	
106000	-1.23273	 	616.014	 	0.04264	 	100.288	 	0.444677	 	5.74666e+06	 	8.83037	 	1.41794	 	
107000	-1.23291	 	616.195	 	0.0377638	 	100.426	 	0.445114	 	5.80232e+06	 	8.82302	 	1.41849	 	
108000	-1.23296	 	616.25	 	0.0328599	 	100.59	 	0.445608	 	5.85398e+06	 	8.81796	 	1.4195	 	
109000	-1.23288	 	616.164	 	0.0289115	 	100.517	 	0.445473	 	5.91132e+06	 	8.80796	 	1.41736	 	
110000	-1.23254	 	615.82	 	0.0264859	 	100.281	 	0.444917	 	5.96898e+06	 	8.79184	 	1.4166	 	
111000	-1.23261	 	615.899	 	0.0228684	 	100.266	 	0.444693	 	6.02629e+06	 	8.81864	 	1.41858	 	
112000	-1.23202	 	615.31	 	0.0220962	 	99.8298	 	0.443436	 	6.08508e+06	 	8.82314	 	1.41648	 	
113000	-1.23167	 	614.953	 	0.0202537	 	99.5575	 	0.44271	 	6.14398e+06	 	8.817	 	1.4139	 	
114000	-1.23182	 	615.093	 	0.0186266	 	99.6751	 	0.443072	 	6.19873e+06	 	8.81243	 	1.41372	 	
115000	-1.23149	 	614.777	 	0.0164763	 	99.4749	 	0.442473	 	6.25261e+06	 	8.81742	 	1.41445	 	
116000	-1.23125	 	614.53	 	0.0155582	 	99.1884	 	0.441577	 	6.30959e+06	 	8.8302	 	1.41301	 	
117000	-1.23115	 	614.43	 	0.0126238	 	99.2334	 	0.441723	 	6.368e+06	 	8.82732	 	1.41244	 	
118000	-1.23112	 	614.405	 	0.0135626	 	99.243	 	0.441699	 	6.42071e+06	 	8.83489	 	1.41342	 	
119000	-1.23105	 	614.334	 	0.0114982	 	99.1669	 	0.441474	 	6.47845e+06	 	8.83634	 	1.41257	 	
120000	-1.23073	 	614.009	 	0.0124732	 	98.9369	 	0.440771	 	6.53747e+06	 	8.84386	 	1.41143	 	
121000	-1.23096	 	614.249	 	0.013128	 	99.1272	 	0.441313	 	6.58682e+06	 	8.84352	 	1.41409	 	
122000	-1.23063	 	613.924	 	0.0127029	 	98.9509	 	0.440713	 	6.64455e+06	 	8.85816	 	1.41442	 	
123000	-1.23082	 	614.119	 	0.0160377	 	99.1252	 	0.441199	 	6.69717e+06	 	8.85945	 	1.41483	 	
124000	-1.23081	 	614.092	 	0.0193651	 	99.1046	 	0.441248	 	6.74804e+06	 	8.84359	 	1.41227	 	
125000	-1.23085	 	614.127	 	0.0203304	 	99.1915	 	0.441581	 	6.80318e+06	 	8.83087	 	1.41123	 	
126000	-1.23081	 	614.083	 	0.0226587	 	99.1484	 	0.441475	 	6.85693e+06	 	8.82845	 	1.41105	 	
127000	-1.23066	 	613.944	 	0.0204842	 	99.0764	 	0.441288	 	6.90909e+06	 	8.82593	 	1.41163	 	
128000	-1.23103	 	614.323	 	0.0234776	 	99.359	 	0.441998	 	6.95735e+06	 	8.83923	 	1.41538	 	
129000	-1.23131	 	614.599	 	0.0260319	 	99.5247	 	0.442425	 	7.0104e+06	 	8.8453	 	1.41559	 	
130000	-1.23114	 	614.436	 	0.0274207	 	99.3855	 	0.44196	 	7.06378e+06	 	8.85587	 	1.41581	 	
131000	-1.23099	 	614.288	 	0.0301531	 	99.2631	 	0.441587	 	7.12106e+06	 	8.85983	 	1.41564	 	
132000	-1.23092	 	614.204	 	0.0311523	 	99.2635	 	0.441777	 	7.1777e+06	 	8.83199	 	1.41325	 	
133000	-1.23098	 	614.275	 	0.0286192	 	99.3097	 	0.441903	 	7.23628e+06	 	8.83267	 	1.4148	 	
134000	-1.23108	 	614.37	 	0.0254415	 	99.3675	 	0.442074	 	7.28622e+06	 	8.83161	 	1.41501	 	
135000	-1.2311	 	614.401	 	0.0243057	 	99.4191	 	0.44211	 	7.34056e+06	 	8.8478	 	1.41679	 	
136000	-1.23143	 	614.731	 	0.020134	 	99.6937	 	0.44292	 	7.39436e+06	 	8.84267	 	1.41714	 	
137000	-1.232	 	615.328	 	0.0193653	 	100.133	 	0.444041	 	7.43964e+06	 	8.85982	 	1.42337	 	
138000	-1.23165	 	614.975	 	0.0175123	 	99.8484	 	0.443223	 	7.49469e+06	 	8.86239	 	1.42165	 	
139000	-1.23183	 	615.132	 	0.0174619	 	99.9961	 	0.443742	 	7.54616e+06	 	8.84722	 	1.41892	 	
140000	-1.23199	 	615.292	 	0.0157625	 	100.115	 	0.444043	 	7.60143e+06	 	8.85214	 	1.41882	 	
141000	-1.23227	 	615.579	 	0.018431	 	100.317	 	0.444615	 	7.65014e+06	 	8.85166	 	1.41988	 	
142000	-1.2324	 	615.698	 	0.0186996	 	100.436	 	0.444984	 	7.70537e+06	 	8.84668	 	1.4195	 	
143000	-1.2326	 	615.904	 	0.0195131	 	100.615	 	0.44552	 	7.75978e+06	 	8.84177	 	1.42018	 	
144000	-1.23262	 	615.913	 	0.0213286	 	100.69	 	0.44579	 	7.81527e+06	 	8.83289	 	1.4193	 	
145000	-1.23249	 	615.787	 	0.0211177	 	100.583	 	0.44544	 	7.86866e+06	 	8.84007	 	1.41845	 	
146000	-1.23249	 	615.781	 	0.0218098	 	100.609	 	0.445557	 	7.92426e+06	 	8.83337	 	1.41744	 	
147000	-1.23243	 	615.711	 	0.02123	 	100.549	 	0.445409	 	7.9828e+06	 	8.83044	 	1.41705	 	
148000	-1.23215	 	615.42	 	0.0223649	 	100.277	 	0.444627	 	8.04257e+06	 	8.83348	 	1.41457	 	
149000	-1.23193	 	615.212	 	0.0225986	 	100.086	 	0.444014	 	8.10176e+06	 	8.84452	 	1.41572	 	
150000	-1.23198	 	615.254	 	0.0202367	 	100.154	 	0.444273	 	8.1537e+06	 	8.8343	 	1.41384	 	
151000	-1.23178	 	615.053	 	0.0194585	 	99.9697	 	0.443649	 	8.21341e+06	 	8.84994	 	1.41401	 	
152000	-1.23155	 	614.821	 	0.0199984	 	99.839	 	0.443331	 	8.27098e+06	 	8.84245	 	1.41248	 	
153000	-1.23132	 	614.589	 	0.0202641	 	99.661	 	0.44281	 	8.32811e+06	 	8.84536	 	1.41052	 	
154000	-1.23132	 	614.573	 	0.0199287	 	99.6994	 	0.443013	 	8.38135e+06	 	8.83131	 	1.40849	 	
155000	-1.23113	 	614.377	 	0.0191337	 	99.5146	 	0.442493	 	8.43744e+06	 	8.83115	 	1.40671	 	
156000	-1.23136	 	614.601	 	0.0220839	 	99.6762	 	0.442883	 	8.49067e+06	 	8.84085	 	1.40746	 	
157000	-1.23185	 	615.102	 	0.0228304	 	100.122	 	0.44409	 	8.53828e+06	 	8.84812	 	1.41036	 	
158000	-1.23203	 	615.288	 	0.0232153	 	100.24	 	0.44441	 	8.58847e+06	 	8.85012	 	1.4118	 	
159000	-1.23219	 	615.462	 	0.0201214	 	100.395	 	0.444787	 	8.64088e+06	 	8.85863	 	1.41322	 	
160000	-1.23214	 	615.407	 	0.0178487	 	100.282	 	0.444415	 	8.69879e+06	 	8.86665	 	1.41315	 	
161000	-1.23215	 	615.41	 	0.0194889	 	100.268	 	0.444315	 	8.75369e+06	 	8.87551	 	1.41255	 	
162000	-1.23191	 	615.181	 	0.0197049	 	100.1	 	0.44376	 	8.81068e+06	 	8.88793	 	1.41329	 	
163000	-1.23201	 	615.285	 	0.0198533	 	100.099	 	0.443653	 	8.86476e+06	 	8.90314	 	1.41429	 	
164000	-1.23203	 	615.301	 	0.0194165	 	100.117	 	0.443776	 	8.91675e+06	 	8.8925	 	1.4133	 	
165000	-1.23169	 	614.971	 	0.0203998	 	99.9335	 	0.443234	 	8.97284e+06	 	8.89627	 	1.41365	 	
166000	-1.23186	 	615.138	 	0.0196657	 	100.101	 	0.443708	 	9.02645e+06	 	8.89597	 	1.41345	 	
167000	-1.2321	 	615.378	 	0.0165209	 	100.299	 	0.444304	 	9.07828e+06	 	8.89015	 	1.41426	 	
168000	-1.23214	 	615.413	 	0.0170765	 	100.345	 	0.444433	 	9.13519e+06	 	8.89017	 	1.41435	 	
169000	-1.23235	 	615.629	 	0.0164767	 	100.497	 	0.44487	 	9.18407e+06	 	8.88904	 	1.41577	 	
170000	-1.23272	 	615.993	 	0.0165908	 	100.767	 	0.445619	 	9.23498e+06	 	8.89032	 	1.41624	 	
171000	-1.23295	 	616.227	 	0.0170394	 	100.946	 	0.446136	 	9.28802e+06	 	8.88806	 	1.41587	 	
172000	-1.23293	 	616.212	 	0.0164388	 	100.886	 	0.445943	 	9.34152e+06	 	8.89146	 	1.41741	 	
173000	-1.23271	 	615.988	 	0.0151103	 	100.759	 	0.445579	 	9.40256e+06	 	8.89283	 	1.41697	 	
174000	-1.23254	 	615.814	 	0.014587	 	100.602	 	0.445158	 	9.45622e+06	 	8.88986	 	1.41559	 	
175000	-1.23262	 	615.89	 	0.016498	 	100.598	 	0.445099	 	9.50887e+06	 	8.89688	 	1.41552	 	
176000	-1.23263	 	615.913	 	0.0154724	 	100.567	 	0.444932	 	9.5616e+06	 	8.9086	 	1.41625	 	
177000	-1.23243	 	615.721	 	0.0144744	 	100.466	 	0.444564	 	9.61363e+06	 	8.92118	 	1.41719	 	
178000	-1.23238	 	615.662	 	0.0158102	 	100.395	 	0.444265	 	9.67353e+06	 	8.93592	 	1.41611	 	
179000	-1.2323	 	615.577	 	0.0175986	 	100.351	 	0.444197	 	9.72656e+06	 	8.92779	 	1.41447	 	
180000	-1.23225	 	615.524	 	0.0189682	 	100.316	 	0.444074	 	9.78035e+06	 	8.93147	 	1.41395	 	
181000	-1.23212	 	615.38	 	0.0187701	 	100.203	 	0.443766	 	9.83694e+06	 	8.92977	 	1.41266	 	
182000	-1.23182	 	615.087	 	0.0188598	 	99.987	 	0.443152	 	9.89516e+06	 	8.9306	 	1.41171	 	
183000	-1.2318	 	615.068	 	0.0184287	 	99.9793	 	0.443159	 	9.9464e+06	 	8.92644	 	1.41164	 	
184000	-1.2321	 	615.359	 	0.0213857	 	100.177	 	0.443807	 	9.99542e+06	 	8.91306	 	1.41144	 	
185000	-1.23232	 	615.579	 	0.0212549	 	100.301	 	0.444123	 	1.00462e+07	 	8.91778	 	1.41163	 	
186000	-1.2321	 	615.348	 	0.0212356	 	100.164	 	0.443814	 	1.0105e+07	 	8.90664	 	1.41051	 	
187000	-1.23215	 	615.396	 	0.0227109	 	100.176	 	0.44387	 	1.016e+07	 	8.90327	 	1.40994	 	
188000	-1.2322	 	615.439	 	0.0231939	 	100.211	 	0.444029	 	1.02113e+07	 	8.89444	 	1.40886	 	
189000	-1.23221	 	615.456	 	0.0221197	 	100.179	 	0.443832	 	1.02629e+07	 	8.91026	 	1.40972	 	
190000	-1.23193	 	615.168	 	0.0223334	 	99.8921	 	0.442965	 	1.03202e+07	 	8.91862	 	1.4083	 	
191000	-1.23188	 	615.117	 	0.0228195	 	99.8439	 	0.442835	 	1.03784e+07	 	8.91774	 	1.40787	 	
192000	-1.23169	 	614.929	 	0.0242784	 	99.6808	 	0.442357	 	1.04369e+07	 	8.92041	 	1.4074	 	
193000	-1.23175	 	614.994	 	0.0264185	 	99.7371	 	0.442457	 	1.0493e+07	 	8.92909	 	1.40855	 	
194000	-1.23215	 	615.405	 	0.0265506	 	100.008	 	0.443177	 	1.05423e+07	 	8.93574	 	1.41067	 	
195000	-1.23215	 	615.388	 	0.0247751	 	99.9672	 	0.443098	 	1.05962e+07	 	8.93028	 	1.40816	 	
196000	-1.23221	 	615.458	 	0.025825	 	99.9764	 	0.443016	 	1.06509e+07	 	8.94626	 	1.40967	 	
197000	-1.23237	 	615.618	 	0.0284121	 	100.124	 	0.443487	 	1.07043e+07	 	8.93806	 	1.41011	 	
198000	-1.23222	 	615.464	 	0.0284231	 	100.046	 	0.44333	 	1.07624e+07	 	8.92872	 	1.4085	 	
199000	-1.23217	 	615.405	 	0.0288454	 	100	 	0.443152	 	1.08202e+07	 	8.93603	 	1.4085	 	
200000	-1.2323	 	615.536	 	0.0307747	 	100.085	 	0.443409	 	1.0877e+07	 	8.93333	 	1.40793	 	
201000	-1.23222	 	615.459	 	0.0312815	 	100.056	 	0.44329	 	1.09321e+07	 	8.93912	 	1.4091	 	
202000	-1.23251	 	615.757	 	0.0318199	 	100.248	 	0.443772	 	1.09865e+07	 	8.94758	 	1.41107	 	
203000	-1.23257	 	615.837	 	0.0325335	 	100.342	 	0.444018	 	1.10464e+07	 	8.95053	 	1.41344	 	
204000	-1.23245	 	615.708	 	0.0327755	 	100.249	 	0.443814	 	1.11049e+07	 	8.94202	 	1.41244	 	
205000	-1.2322	 	615.461	 	0.0316368	 	100.088	 	0.443371	 	1.11622e+07	 	8.9404	 	1.41255	 	
206000	-1.23241	 	615.675	 	0.0310467	 	100.24	 	0.443805	 	1.12103e+07	 	8.93958	 	1.41412	 	
207000	-1.23231	 	615.571	 	0.029031	 	100.159	 	0.443591	 	1.12643e+07	 	8.93729	 	1.41295	 	
208000	-1.23222	 	615.473	 	0.0273963	 	100.102	 	0.443497	 	1.13207e+07	 	8.92762	 	1.41152	 	
209000	-1.23215	 	615.41	 	0.0275448	 	100.061	 	0.443362	 	1.13801e+07	 	8.93028	 	1.41263	 	
210000	-1.23198	 	615.24	 	0.0258405	 	99.9288	 	0.442914	 	1.14397e+07	 	8.94156	 	1.4116	 	
211000	-1.23227	 	615.533	 	0.024009	 	100.138	 	0.443469	 	1.14949e+07	 	8.94657	 	1.41316	 	
212000	-1.23257	 	615.842	 	0.0211411	 	100.4	 	0.444163	 	1.15427e+07	 	8.95311	 	1.4155	 	
213000	-1.23244	 	615.713	 	0.0208408	 	100.301	 	0.443913	 	1.15983e+07	 	8.94906	 	1.41482	 	
214000	-1.23241	 	615.684	 	0.0212029	 	100.368	 	0.444146	 	1.16522e+07	 	8.94226	 	1.41487	 	
215000	-1.23219	 	615.465	 	0.0221353	 	100.233	 	0.443762	 	1.17081e+07	 	8.94293	 	1.4151	 	
216000	-1.23229	 	615.565	 	0.022079	 	100.332	 	0.444098	 	1.17599e+07	 	8.93439	 	1.41511	 	
217000	-1.23207	 	615.342	 	0.0217683	 	100.191	 	0.443707	 	1.18186e+07	 	8.93334	 	1.41398	 	
218000	-1.23207	 	615.333	 	0.0213336	 	100.188	 	0.443726	 	1.18736e+07	 	8.92941	 	1.4126	 	
219000	-1.23224	 	615.509	 	0.0195892	 	100.289	 	0.444016	 	1.19264e+07	 	8.92854	 	1.41396	 	
220000	-1.23234	 	615.621	 	0.0210067	 	100.328	 	0.444034	 	1.19868e+07	 	8.94225	 	1.41542	 	
221000	-1.23258	 	615.861	 	0.0211492	 	100.497	 	0.444467	 	1.20393e+07	 	8.94874	 	1.41694	 	
222000	-1.23266	 	615.951	 	0.019883	 	100.558	 	0.4446	 	1.20903e+07	 	8.95425	 	1.41801	 	
223000	-1.23247	 	615.753	 	0.0201686	 	100.399	 	0.444157	 	1.21489e+07	 	8.95382	 	1.41749	 	
224000	-1.23253	 	615.819	 	0.0208031	 	100.473	 	0.444399	 	1.22014e+07	 	8.9488	 	1.41771	 	
225000	-1.23263	 	615.918	 	0.0231024	 	100.608	 	0.444818	 	1.22556e+07	 	8.94269	 	1.41796	 	
226000	-1.2327	 	615.985	 	0.0252923	 	100.707	 	0.445145	 	1.23078e+07	 	8.93551	 	1.41738	 	
227000	-1.23284	 	616.12	 	0.0273191	 	100.781	 	0.445385	 	1.23621e+07	 	8.93075	 	1.41733	 	
228000	-1.2327	 	615.983	 	0.0259284	 	100.666	 	0.445018	 	1.24195e+07	 	8.93724	 	1.41661	 	
229000	-1.2327	 	615.987	 	0.0251932	 	100.637	 	0.444818	 	1.24705e+07	 	8.95499	 	1.41748	 	
230000	-1.23274	 	616.028	 	0.025538	 	100.689	 	0.444966	 	1.25244e+07	 	8.95467	 	1.41773	 	
231000	-1.23283	 	616.109	 	0.0268998	 	100.745	 	0.44517	 	1.25785e+07	 	8.9476	 	1.41744	 	
232000	-1.233	 	616.28	 	0.0290634	 	100.85	 	0.445531	 	1.26307e+07	 	8.93794	 	1.41669	 	
233000	-1.23295	 	616.225	 	0.0305335	 	100.811	 	0.445446	 	1.26847e+07	 	8.93402	 	1.41579	 	
234000	-1.233	 	616.269	 	0.0314925	 	100.879	 	0.445652	 	1.2737e+07	 	8.93177	 	1.415	 	
235000	-1.23328	 	616.541	 	0.031455	 	101.102	 	0.446323	 	1.27878e+07	 	8.92513	 	1.41543	 	
236000	-1.23306	 	616.332	 	0.0313501	 	100.955	 	0.445863	 	1.28463e+07	 	8.93238	 	1.41608	 	
237000	-1.23305	 	616.322	 	0.030822	 	100.975	 	0.445957	 	1.29005e+07	 	8.92668	 	1.41589	 	
238000	-1.23305	 	616.322	 	0.0322812	 	100.976	 	0.445969	 	1.29573e+07	 	8.92534	 	1.41542	 	
239000	-1.2329	 	616.176	 	0.0320932	 	100.909	 	0.445806	 	1.30115e+07	 	8.92146	 	1.41586	 	
240000	-1.23289	 	616.156	 	0.0322112	 	100.822	 	0.445523	 	1.30651e+07	 	8.92757	 	1.41536	 	
241000	-1.23289	 	616.161	 	0.033519	 	100.822	 	0.445523	 	1.31194e+07	 	8.92728	 	1.41524	 	
242000	-1.23289	 	616.16	 	0.0350868	 	100.844	 	0.44561	 	1.31713e+07	 	8.9237	 	1.41561	 	
243000	-1.23272	 	615.995	 	0.0353154	 	100.771	 	0.445418	 	1.32309e+07	 	8.92164	 	1.41622	 	
244000	-1.23273	 	616.002	 	0.0365637	 	100.817	 	0.445579	 	1.32876e+07	 	8.91691	 	1.41563	 	
245000	-1.2328	 	616.067	 	0.0381687	 	100.885	 	0.445774	 	1.33437e+07	 	8.9164	 	1.41526	 	
246000	-1.23263	 	615.901	 	0.0388192	 	100.745	 	0.44533	 	1.34015e+07	 	8.92416	 	1.41547	 	
247000	-1.23248	 	615.754	 	0.0388049	 	100.616	 	0.444951	 	1.34573e+07	 	8.92657	 	1.41518	 	
248000	-1.23253	 	615.803	 	0.038526	 	100.626	 	0.44493	 	1.35104e+07	 	8.93369	 	1.4148	 	
249000	-1.23249	 	615.757	 	0.0384313	 	100.623	 	0.444963	 	1.3564e+07	 	8.9276	 	1.41412	 	
250000	-1.23251	 	615.781	 	0.0375998	 	100.637	 	0.444985	 	1.36153e+07	 	8.93017	 	1.4143	 	
251000	-1.23242	 	615.685	 	0.0377488	 	100.626	 	0.444978	 	1.36703e+07	 	8.92647	 	1.41411	 	
252000	-1.23252	 	615.796	 	0.0375129	 	100.743	 	0.445324	 	1.37225e+07	 	8.92382	 	1.41489	 	
253000	-1.23258	 	615.844	 	0.0382026	 	100.757	 	0.445409	 	1.37758e+07	 	8.91724	 	1.41398	 	
254000	-1.23251	 	615.771	 	0.0394486	 	100.703	 	0.44529	 	1.38269e+07	 	8.91251	 	1.41324	 	
255000	-1.23242	 	615.683	 	0.0378837	 	100.67	 	0.445197	 	1.38837e+07	 	8.91231	 	1.41356	 	
256000	-1.23244	 	615.702	 	0.0390262	 	100.683	 	0.445246	 	1.39387e+07	 	8.91049	 	1.41256	 	
257000	-1.23244	 	615.701	 	0.0395533	 	100.687	 	0.445302	 	1.39927e+07	 	8.90395	 	1.41201	 	
258000	-1.23257	 	615.835	 	0.0394305	 	100.798	 	0.445602	 	1.40453e+07	 	8.90574	 	1.4132	 	
259000	-1.23263	 	615.897	 	0.0381931	 	100.868	 	0.445772	 	1.40974e+07	 	8.90943	 	1.41395	 	
260000	-1.23262	 	615.886	 	0.037208	 	100.869	 	0.445807	 	1.415e+07	 	8.90457	 	1.41337	 	
261000	-1.23274	 	615.997	 	0.0354635	 	100.925	 	0.445978	 	1.4207e+07	 	8.90279	 	1.41359	 	
262000	-1.23273	 	615.989	 	0.035071	 	100.878	 	0.445817	 	1.42569e+07	 	8.9069	 	1.41327	 	
263000	-1.23275	 	616.014	 	0.0365755	 	100.934	 	0.445966	 	1.43096e+07	 	8.90826	 	1.41418	 	
264000	-1.2329	 	616.159	 	0.0383226	 	101.045	 	0.44634	 	1.43622e+07	 	8.89885	 	1.41382	 	
265000	-1.23277	 	616.027	 	0.0381834	 	100.951	 	0.446052	 	1.442e+07	 	8.90263	 	1.41329	 	
266000	-1.23272	 	615.984	 	0.0384677	 	100.953	 	0.446055	 	1.44744e+07	 	8.90277	 	1.41414	 	
267000	-1.23283	 	616.097	 	0.0388982	 	101.014	 	0.446255	 	1.4526e+07	 	8.89848	 	1.41418	 	
268000	-1.23296	 	616.221	 	0.0377301	 	101.105	 	0.446533	 	1.45807e+07	 	8.89491	 	1.41452	 	
269000	-1.23292	 	616.182	 	0.0389534	 	101.032	 	0.446331	 	1.46347e+07	 	8.89484	 	1.41383	 	
270000	-1.23288	 	616.136	 	0.0378081	 	100.988	 	0.446163	 	1.4687e+07	 	8.90153	 	1.41345	 	
271000	-1.23295	 	616.203	 	0.0360151	 	101.009	 	0.446211	 	1.47406e+07	 	8.9031	 	1.41341	 	
272000	-1.23306	 	616.318	 	0.0342083	 	101.118	 	0.446548	 	1.47903e+07	 	8.89826	 	1.41345	 	
273000	-1.23308	 	616.334	 	0.0351599	 	101.112	 	0.446533	 	1.48451e+07	 	8.89811	 	1.41364	 	
274000	-1.23305	 	616.302	 	0.0358464	 	101.057	 	0.446352	 	1.49051e+07	 	8.90195	 	1.41276	 	
275000	-1.23299	 	616.238	 	0.0353527	 	101.011	 	0.446227	 	1.49575e+07	 	8.90154	 	1.41257	 	
276000	-1.233	 	616.259	 	0.0340169	 	101.042	 	0.446301	 	1.50135e+07	 	8.90325	 	1.41413	 	
277000	-1.23308	 	616.344	 	0.0319245	 	101.153	 	0.446659	 	1.50646e+07	 	8.8963	 	1.41443	 	
278000	-1.2331	 	616.359	 	0.0303921	 	101.167	 	0.446727	 	1.51161e+07	 	8.89221	 	1.41429	 	
279000	-1.23296	 	616.218	 	0.0295742	 	101.066	 	0.446428	 	1.51714e+07	 	8.89467	 	1.4142	 	
280000	-1.23301	 	616.273	 	0.0311581	 	101.118	 	0.446602	 	1.52218e+07	 	8.89016	 	1.41415	 	
281000	-1.2331	 	616.361	 	0.0327775	 	101.189	 	0.446814	 	1.52746e+07	 	8.88835	 	1.41368	 	
282000	-1.23301	 	616.26	 	0.0338039	 	101.073	 	0.446467	 	1.53312e+07	 	8.89172	 	1.41267	 	
283000	-1.23303	 	616.275	 	0.0333137	 	101.112	 	0.446604	 	1.53868e+07	 	8.88737	 	1.41189	 	
284000	-1.23304	 	616.293	 	0.031756	 	101.121	 	0.446609	 	1.54359e+07	 	8.89063	 	1.41227	 	
285000	-1.23291	 	616.154	 	0.0306832	 	101.039	 	0.446387	 	1.54942e+07	 	8.88924	 	1.41164	 	
286000	-1.23312	 	616.368	 	0.0290688	 	101.208	 	0.446846	 	1.55469e+07	 	8.89127	 	1.41248	 	
287000	-1.23333	 	616.582	 	0.029991	 	101.374	 	0.447317	 	1.55961e+07	 	8.89062	 	1.41406	 	
288000	-1.23336	 	616.614	 	0.0290753	 	101.397	 	0.447386	 	1.56483e+07	 	8.88982	 	1.41371	 	
289000	-1.23363	 	616.883	 	0.0278294	 	101.599	 	0.447932	 	1.56996e+07	 	8.89235	 	1.41508	 	
290000	-1.23384	 	617.104	 	0.0279748	 	101.726	 	0.448277	 	1.57449e+07	 	8.89377	 	1.41643	 	
291000	-1.23387	 	617.134	 	0.0291509	 	101.744	 	0.448354	 	1.57993e+07	 	8.88964	 	1.41617	 	
292000	-1.23406	 	617.321	 	0.0310126	 	101.89	 	0.448781	 	1.58506e+07	 	8.88658	 	1.41689	 	
293000	-1.23398	 	617.241	 	0.0299056	 	101.791	 	0.448485	 	1.59057e+07	 	8.89005	 	1.41634	 	
294000	-1.23397	 	617.239	 	0.0289744	 	101.801	 	0.44848	 	1.59652e+07	 	8.89488	 	1.41683	 	
295000	-1.23377	 	617.033	 	0.0279971	 	101.657	 	0.448054	 	1.60228e+07	 	8.89848	 	1.41675	 	
296000	-1.23377	 	617.037	 	0.0280555	 	101.646	 	0.448046	 	1.60758e+07	 	8.89485	 	1.41637	 	
297000	-1.2338	 	617.064	 	0.0296054	 	101.704	 	0.448235	 	1.6124e+07	 	8.89099	 	1.41658	 	
298000	-1.23376	 	617.032	 	0.0287837	 	101.669	 	0.448052	 	1.6175e+07	 	8.9038	 	1.41758	 	
299000	-1.23374	 	617.009	 	0.0289027	 	101.641	 	0.447971	 	1.62283e+07	 	8.90401	 	1.41785	 	
300000	-1.23388	 	617.152	 	0.0278898	 	101.728	 	0.448199	 	1.62798e+07	 	8.90612	 	1.41825	 	
301000	-1.23394	 	617.207	 	0.026092	 	101.787	 	0.448416	 	1.63328e+07	 	8.89853	 	1.41755	 	
302000	-1.23399	 	617.26	 	0.0244138	 	101.832	 	0.448571	 	1.63861e+07	 	8.89411	 	1.41748	 	
303000	-1.23403	 	617.301	 	0.0227602	 	101.852	 	0.448673	 	1.64383e+07	 	8.88732	 	1.41742	 	
304000	-1.23401	 	617.274	 	0.0229229	 	101.824	 	0.448566	 	1.6497e+07	 	8.89138	 	1.41723	 	
305000	-1.23408	 	617.343	 	0.023619	 	101.899	 	0.448783	 	1.65515e+07	 	8.8901	 	1.41753	 	
306000	-1.23416	 	617.425	 	0.0239296	 	101.954	 	0.448971	 	1.66026e+07	 	8.88499	 	1.41726	 	
307000	-1.234	 	617.264	 	0.0240807	 	101.887	 	0.448801	 	1.66608e+07	 	8.88236	 	1.41746	 	
308000	-1.23402	 	617.287	 	0.0240141	 	101.91	 	0.448846	 	1.67151e+07	 	8.88517	 	1.41753	 	
309000	-1.23406	 	617.336	 	0.0248936	 	101.953	 	0.448914	 	1.67707e+07	 	8.89327	 	1.41887	 	
310000	-1.23414	 	617.413	 	0.0247854	 	102.04	 	0.449186	 	1.68215e+07	 	8.88882	 	1.41901	 	
311000	-1.2341	 	617.373	 	0.0242713	 	101.973	 	0.448978	 	1.68719e+07	 	8.892	 	1.41839	 	
312000	-1.23394	 	617.208	 	0.0246025	 	101.886	 	0.448759	 	1.69307e+07	 	8.88826	 	1.41769	 	
313000	-1.23388	 	617.147	 	0.0255935	 	101.876	 	0.448785	 	1.69862e+07	 	8.88031	 	1.41708	 	
314000	-1.23387	 	617.135	 	0.0256079	 	101.891	 	0.448885	 	1.70394e+07	 	8.87145	 	1.41607	 	
315000	-1.23393	 	617.192	 	0.0266993	 	101.899	 	0.448904	 	1.70926e+07	 	8.87211	 	1.41597	 	
316000	-1.23395	 	617.204	 	0.025587	 	101.918	 	0.448974	 	1.71442e+07	 	8.8693	 	1.41566	 	
317000	-1.23391	 	617.166	 	0.0252935	 	101.901	 	0.448937	 	1.72012e+07	 	8.86796	 	1.4154	 	
318000	-1.23388	 	617.134	 	0.0251203	 	101.868	 	0.448855	 	1.7256e+07	 	8.86652	 	1.41552	 	
319000	-1.23394	 	617.19	 	0.0236914	 	101.898	 	0.448959	 	1.73084e+07	 	8.86372	 	1.41515	 	
320000	-1.23399	 	617.252	 	0.0220956	 	101.944	 	0.449086	 	1.73622e+07	 	8.8639	 	1.41575	 	
321000	-1.23392	 	617.177	 	0.0218088	 	101.888	 	0.448929	 	1.74163e+07	 	8.86398	 	1.41546	 	
322000	-1.23388	 	617.134	 	0.0215378	 	101.842	 	0.448803	 	1.74734e+07	 	8.86372	 	1.41512	 	
323000	-1.23394	 	617.194	 	0.0203833	 	101.92	 	0.449076	 	1.75263e+07	 	8.85504	 	1.41475	 	
324000	-1.23407	 	617.325	 	0.0193829	 	102.006	 	0.4493	 	1.75774e+07	 	8.85763	 	1.4159	 	
325000	-1.23406	 	617.315	 	0.0183109	 	102.004	 	0.44935	 	1.7634e+07	 	8.84919	 	1.41476	 	
326000	-1.23414	 	617.391	 	0.0192728	 	102.067	 	0.449537	 	1.76848e+07	 	8.84735	 	1.41479	 	
327000	-1.23408	 	617.325	 	0.0186336	 	102.024	 	0.449468	 	1.77371e+07	 	8.83974	 	1.41398	 	
328000	-1.23411	 	617.355	 	0.0184381	 	102.04	 	0.449569	 	1.77925e+07	 	8.83139	 	1.41329	 	
329000	-1.23408	 	617.32	 	0.0190646	 	102.01	 	0.449429	 	1.78467e+07	 	8.83976	 	1.41338	 	
330000	-1.23391	 	617.151	 	0.0191705	 	101.871	 	0.449	 	1.79019e+07	 	8.84593	 	1.41315	 	
331000	-1.23393	 	617.171	 	0.0180006	 	101.884	 	0.448995	 	1.79518e+07	 	8.85232	 	1.41361	 	
332000	-1.23387	 	617.114	 	0.0177244	 	101.839	 	0.448887	 	1.80036e+07	 	8.84985	 	1.41328	 	
333000	-1.23388	 	617.124	 	0.0185485	 	101.798	 	0.448771	 	1.80588e+07	 	8.84969	 	1.41251	 	
334000	-1.23393	 	617.165	 	0.0177199	 	101.829	 	0.448864	 	1.8108e+07	 	8.84886	 	1.41242	 	
335000	-1.23402	 	617.259	 	0.0172965	 	101.911	 	0.4491	 	1.81547e+07	 	8.84759	 	1.41279	 	
336000	-1.23396	 	617.199	 	0.0181162	 	101.859	 	0.448998	 	1.82138e+07	 	8.84157	 	1.41207	 	
337000	-1.23391	 	617.148	 	0.0188198	 	101.828	 	0.448916	 	1.82697e+07	 	8.84091	 	1.41185	 	
338000	-1.23396	 	617.193	 	0.0177245	 	101.834	 	0.448924	 	1.83197e+07	 	8.84226	 	1.41212	 	
339000	-1.23396	 	617.194	 	0.0169213	 	101.837	 	0.448968	 	1.83748e+07	 	8.83681	 	1.41139	 	
340000	-1.23399	 	617.222	 	0.0164718	 	101.884	 	0.449126	 	1.84294e+07	 	8.83283	 	1.41109	 	
341000	-1.23398	 	617.211	 	0.017281	 	101.857	 	0.449031	 	1.84796e+07	 	8.83551	 	1.41128	 	
342000	-1.234	 	617.227	 	0.0165291	 	101.848	 	0.449065	 	1.85325e+07	 	8.82663	 	1.41017	 	
343000	-1.23406	 	617.287	 	0.0149955	 	101.911	 	0.449245	 	1.85819e+07	 	8.82608	 	1.40991	 	
344000	-1.23399	 	617.211	 	0.0142788	 	101.835	 	0.449043	 	1.86367e+07	 	8.82482	 	1.40991	 	
345000	-1.23392	 	617.141	 	0.0142738	 	101.769	 	0.448863	 	1.86945e+07	 	8.82409	 	1.40926	 	
346000	-1.23392	 	617.144	 	0.0134916	 	101.769	 	0.448855	 	1.87473e+07	 	8.82551	 	1.40963	 	
347000	-1.23376	 	616.983	 	0.0131979	 	101.652	 	0.448559	 	1.88057e+07	 	8.82088	 	1.40875	 	
348000	-1.23365	 	616.865	 	0.0129197	 	101.571	 	0.448363	 	1.88632e+07	 	8.81622	 	1.4081	 	
349000	-1.23378	 	617.009	 	0.0114246	 	101.674	 	0.448603	 	1.89166e+07	 	8.82318	 	1.40974	 	
350000	-1.23361	 	616.832	 	0.0109116	 	101.552	 	0.448248	 	1.89759e+07	 	8.82553	 	1.40953	 	
351000	-1.23376	 	616.99	 	0.00991923	 	101.669	 	0.448587	 	1.90282e+07	 	8.82391	 	1.40992	 	
352000	-1.23374	 	616.971	 	0.00924166	 	101.653	 	0.448536	 	1.90845e+07	 	8.82466	 	1.41039	 	
353000	-1.23379	 	617.015	 	0.00783653	 	101.713	 	0.448716	 	1.91386e+07	 	8.82283	 	1.41034	 	
354000	-1.23375	 	616.974	 	0.00840304	 	101.669	 	0.448591	 	1.9193e+07	 	8.82321	 	1.41	 	
355000	-1.23361	 	616.842	 	0.00793056	 	101.605	 	0.448376	 	1.92536e+07	 	8.82855	 	1.40974	 	
356000	-1.23354	 	616.769	 	0.00805777	 	101.564	 	0.448293	 	1.93088e+07	 	8.8237	 	1.40949	 	
357000	-1.23364	 	616.865	 	0.00951227	 	101.647	 	0.448541	 	1.93615e+07	 	8.82129	 	1.41004	 	
358000	-1.23364	 	616.868	 	0.00982735	 	101.653	 	0.448553	 	1.94136e+07	 	8.82201	 	1.41015	 	
359000	-1.2336	 	616.829	 	0.00980591	 	101.62	 	0.448455	 	1.94694e+07	 	8.82293	 	1.40957	 	
360000	-1.2336	 	616.821	 	0.00915572	 	101.629	 	0.448502	 	1.95224e+07	 	8.81988	 	1.4091	 	
361000	-1.23345	 	616.667	 	0.00863382	 	101.507	 	0.448122	 	1.95798e+07	 	8.82586	 	1.40843	 	
362000	-1.2334	 	616.616	 	0.00804807	 	101.463	 	0.448002	 	1.96316e+07	 	8.82537	 	1.40753	 	
363000	-1.23334	 	616.557	 	0.00683477	 	101.438	 	0.44797	 	1.96869e+07	 	8.81976	 	1.40674	 	
364000	-1.2334	 	616.608	 	0.00604282	 	101.488	 	0.448134	 	1.97364e+07	 	8.81598	 	1.40643	 	
365000	-1.23349	 	616.692	 	0.00609103	 	101.558	 	0.448371	 	1.97896e+07	 	8.80995	 	1.40585	 	
366000	-1.23346	 	616.664	 	0.00693631	 	101.534	 	0.448314	 	1.98446e+07	 	8.80833	 	1.40584	 	
367000	-1.23345	 	616.656	 	0.00770802	 	101.558	 	0.448423	 	1.98982e+07	 	8.80195	 	1.40551	 	
368000	-1.23347	 	616.672	 	0.00796466	 	101.563	 	0.448418	 	1.99538e+07	 	8.80497	 	1.40569	 	
369000	-1.23355	 	616.756	 	0.00720474	 	101.606	 	0.448539	 	2.001e+07	 	8.80467	 	1.40589	 	
370000	-1.23359	 	616.799	 	0.00729643	 	101.618	 	0.448569	 	2.00602e+07	 	8.80511	 	1.40613	 	
371000	-1.23361	 	616.818	 	0.00737425	 	101.641	 	0.448641	 	2.01121e+07	 	8.80405	 	1.40625	 	
372000	-1.23357	 	616.778	 	0.00663192	 	101.612	 	0.448545	 	2.01665e+07	 	8.80609	 	1.40598	 	
373000	-1.23352	 	616.722	 	0.00650962	 	101.563	 	0.448393	 	2.02223e+07	 	8.80842	 	1.40575	 	
374000	-1.23355	 	616.751	 	0.00543009	 	101.547	 	0.448307	 	2.02785e+07	 	8.81464	 	1.40568	 	
375000	-1.23383	 	617.047	 	0.00367368	 	101.761	 	0.448854	 	2.03238e+07	 	8.8219	 	1.40779	 	
376000	-1.2338	 	617.012	 	0.0035764	 	101.71	 	0.448737	 	2.03778e+07	 	8.81822	 	1.40689	 	
377000	-1.2338	 	617.004	 	0.00350224	 	101.709	 	0.448722	 	2.0431e+07	 	8.82024	 	1.4065	 	
378000	-1.23375	 	616.954	 	0.00385259	 	101.679	 	0.448684	 	2.04883e+07	 	8.81315	 	1.40532	 	
379000	-1.23396	 	617.159	 	0.00380649	 	101.863	 	0.44919	 	2.0537e+07	 	8.81423	 	1.40635	 	
380000	-1.23395	 	617.157	 	0.00481411	 	101.889	 	0.4493	 	2.05929e+07	 	8.80877	 	1.40607	 	
381000	-1.23397	 	617.17	 	0.00586857	 	101.9	 	0.449344	 	2.06483e+07	 	8.80663	 	1.40593	 	
382000	-1.23399	 	617.193	 	0.00669755	 	101.901	 	0.449332	 	2.07042e+07	 	8.80862	 	1.40575	 	
383000	-1.23404	 	617.247	 	0.00684258	 	101.911	 	0.449321	 	2.0759e+07	 	8.8148	 	1.40632	 	
384000	-1.23401	 	617.209	 	0.00729876	 	101.868	 	0.44919	 	2.08134e+07	 	8.8163	 	1.40592	 	
385000	-1.23407	 	617.273	 	0.00845394	 	101.897	 	0.449267	 	2.08669e+07	 	8.817	 	1.40636	 	
386000	-1.23413	 	617.339	 	0.00709133	 	101.971	 	0.449454	 	2.09188e+07	 	8.81992	 	1.40726	 	
387000	-1.23401	 	617.222	 	0.00722618	 	101.905	 	0.449245	 	2.09781e+07	 	8.8236	 	1.4077	 	
388000	-1.23402	 	617.243	 	0.00825389	 	101.925	 	0.449287	 	2.10264e+07	 	8.82574	 	1.40919	 	
389000	-1.234	 	617.215	 	0.0084494	 	101.913	 	0.449268	 	2.10827e+07	 	8.82356	 	1.40887	 	
390000	-1.23405	 	617.263	 	0.00907869	 	101.966	 	0.449452	 	2.1132e+07	 	8.81808	 	1.40871	 	
391000	-1.23408	 	617.295	 	0.00920528	 	101.988	 	0.449526	 	2.11838e+07	 	8.81621	 	1.40858	 	
392000	-1.23409	 	617.311	 	0.0101801	 	101.982	 	0.449458	 	2.12424e+07	 	8.82377	 	1.40932	 	
393000	-1.23399	 	617.21	 	0.010237	 	101.871	 	0.44906	 	2.12985e+07	 	8.8372	 	1.40959	 	
394000	-1.2339	 	617.125	 	0.0104038	 	101.826	 	0.448937	 	2.13551e+07	 	8.83651	 	1.40926	 	
395000	-1.23393	 	617.148	 	0.0104596	 	101.845	 	0.449008	 	2.14086e+07	 	8.83428	 	1.40927	 	
396000	-1.23384	 	617.055	 	0.0110575	 	101.774	 	0.44881	 	2.14679e+07	 	8.83412	 	1.40878	 	
397000	-1.23394	 	617.158	 	0.0106701	 	101.825	 	0.448953	 	2.15194e+07	 	8.83419	 	1.4093	 	
398000	-1.23401	 	617.237	 	0.00987541	 	101.867	 	0.449063	 	2.15666e+07	 	8.83501	 	1.40989	 	
399000	-1.23411	 	617.33	 	0.00992008	 	101.948	 	0.449325	 	2.16188e+07	 	8.82941	 	1.40981	 	
400000	-1.23406	 	617.279	 	0.0100303	 	101.898	 	0.449193	 	2.16746e+07	 	8.82869	 	1.41008	 	
401000	-1.23394	 	617.16	 	0.0102436	 	101.818	 	0.448998	 	2.17296e+07	 	8.82417	 	1.40931	 	
402000	-1.23388	 	617.102	 	0.00935165	 	101.787	 	0.448895	 	2.17882e+07	 	8.82681	 	1.40917	 	
403000	-1.23376	 	616.98	 	0.0093468	 	101.688	 	0.44863	 	2.18466e+07	 	8.82517	 	1.40837	 	
404000	-1.23376	 	616.974	 	0.00945462	 	101.693	 	0.448669	 	2.1902e+07	 	8.82137	 	1.40829	 	
405000	-1.23392	 	617.141	 	0.0108449	 	101.81	 	0.448975	 	2.19534e+07	 	8.8243	 	1.40959	 	
406000	-1.23417	 	617.395	 	0.0124227	 	101.996	 	0.449474	 	2.19989e+07	 	8.82735	 	1.41123	 	
407000	-1.23416	 	617.391	 	0.0136008	 	102.03	 	0.449585	 	2.20495e+07	 	8.82461	 	1.41125	 	
408000	-1.23421	 	617.44	 	0.0147307	 	102.088	 	0.449765	 	2.21004e+07	 	8.82209	 	1.41155	 	
409000	-1.2343	 	617.531	 	0.0156517	 	102.157	 	0.449957	 	2.21504e+07	 	8.82194	 	1.41166	 	
410000	-1.23421	 	617.438	 	0.0153671	 	102.106	 	0.449792	 	2.2205e+07	 	8.82539	 	1.4118	 	
411000	-1.2341	 	617.328	 	0.0156974	 	102.031	 	0.449571	 	2.22624e+07	 	8.82727	 	1.41111	 	
412000	-1.23408	 	617.312	 	0.0154127	 	102.025	 	0.449567	 	2.23162e+07	 	8.8252	 	1.41124	 	
413000	-1.23416	 	617.39	 	0.0142454	 	102.07	 	0.449672	 	2.2369e+07	 	8.82832	 	1.41152	 	
414000	-1.23423	 	617.461	 	0.0130082	 	102.128	 	0.449817	 	2.24271e+07	 	8.83085	 	1.41226	 	
415000	-1.23422	 	617.45	 	0.0121304	 	102.126	 	0.449842	 	2.24827e+07	 	8.82622	 	1.41193	 	
416000	-1.23413	 	617.364	 	0.0113026	 	102.049	 	0.449612	 	2.25398e+07	 	8.82854	 	1.41131	 	
417000	-1.23424	 	617.47	 	0.0112629	 	102.108	 	0.44978	 	2.25914e+07	 	8.82814	 	1.41176	 	
418000	-1.23425	 	617.48	 	0.0121236	 	102.11	 	0.449787	 	2.2641e+07	 	8.82787	 	1.41157	 	
419000	-1.23417	 	617.405	 	0.0126644	 	102.095	 	0.449733	 	2.26985e+07	 	8.82963	 	1.41244	 	
420000	-1.23419	 	617.427	 	0.0136229	 	102.099	 	0.44973	 	2.27563e+07	 	8.83191	 	1.4133	 	
421000	-1.23416	 	617.402	 	0.0146559	 	102.102	 	0.44978	 	2.28102e+07	 	8.82555	 	1.41292	 	
422000	-1.23419	 	617.431	 	0.0158172	 	102.149	 	0.449919	 	2.28674e+07	 	8.82448	 	1.41347	 	
423000	-1.23417	 	617.41	 	0.0152149	 	102.119	 	0.44986	 	2.29204e+07	 	8.8207	 	1.41254	 	
424000	-1.23414	 	617.381	 	0.0147298	 	102.114	 	0.449815	 	2.29706e+07	 	8.82533	 	1.41301	 	
425000	-1.2342	 	617.438	 	0.0137994	 	102.191	 	0.450045	 	2.30241e+07	 	8.82268	 	1.41292	 	
426000	-1.23405	 	617.285	 	0.0139574	 	102.059	 	0.449632	 	2.30835e+07	 	8.82966	 	1.41262	 	
427000	-1.23398	 	617.22	 	0.0130565	 	102.015	 	0.449524	 	2.31379e+07	 	8.82751	 	1.41201	 	
428000	-1.23389	 	617.127	 	0.0133765	 	101.948	 	0.449306	 	2.31916e+07	 	8.83249	 	1.41221	 	
429000	-1.23387	 	617.104	 	0.0130088	 	101.941	 	0.449319	 	2.32481e+07	 	8.82743	 	1.41157	 	
430000	-1.23397	 	617.203	 	0.0116957	 	102.02	 	0.449562	 	2.33016e+07	 	8.82422	 	1.41103	 	
431000	-1.234	 	617.231	 	0.0119992	 	102.03	 	0.449554	 	2.33536e+07	 	8.82925	 	1.41133	 	
432000	-1.234	 	617.228	 	0.012207	 	102.022	 	0.449544	 	2.34092e+07	 	8.82761	 	1.41125	 	
433000	-1.23409	 	617.323	 	0.0123645	 	102.09	 	0.449735	 	2.34621e+07	 	8.82712	 	1.41126	 	
434000	-1.23415	 	617.381	 	0.013259	 	102.129	 	0.449826	 	2.35132e+07	 	8.82973	 	1.41181	 	
435000	-1.2341	 	617.337	 	0.0129998	 	102.073	 	0.449655	 	2.35727e+07	 	8.83206	 	1.41174	 	
436000	-1.2341	 	617.338	 	0.0125533	 	102.06	 	0.449601	 	2.36276e+07	 	8.83477	 	1.41189	 	
437000	-1.23397	 	617.203	 	0.0128486	 	101.976	 	0.449373	 	2.36892e+07	 	8.83397	 	1.41153	 	
438000	-1.23383	 	617.059	 	0.0133463	 	101.864	 	0.449038	 	2.37491e+07	 	8.83738	 	1.41112	 	
439000	-1.23392	 	617.151	 	0.0131141	 	101.934	 	0.449251	 	2.38006e+07	 	8.83483	 	1.41094	 	
440000	-1.2339	 	617.133	 	0.0129848	 	101.927	 	0.449209	 	2.38579e+07	 	8.83822	 	1.4115	 	
441000	-1.23402	 	617.254	 	0.0129092	 	102.026	 	0.449511	 	2.39082e+07	 	8.8342	 	1.41139	 	
442000	-1.23399	 	617.221	 	0.0131539	 	102.001	 	0.449445	 	2.39598e+07	 	8.83369	 	1.41116	 	
443000	-1.23412	 	617.357	 	0.0126678	 	102.096	 	0.449707	 	2.40106e+07	 	8.83396	 	1.41213	 	
444000	-1.23409	 	617.33	 	0.0120728	 	102.07	 	0.449627	 	2.40706e+07	 	8.83511	 	1.4122	 	
445000	-1.23418	 	617.417	 	0.0130316	 	102.135	 	0.449769	 	2.41204e+07	 	8.84076	 	1.413	 	
446000	-1.23419	 	617.431	 	0.0132941	 	102.116	 	0.449699	 	2.41788e+07	 	8.84351	 	1.41303	 	
447000	-1.23412	 	617.358	 	0.0135974	 	102.079	 	0.449618	 	2.4235e+07	 	8.84012	 	1.41303	 	
448000	-1.23405	 	617.288	 	0.0129981	 	102.028	 	0.44945	 	2.42962e+07	 	8.84426	 	1.41315	 	
449000	-1.23396	 	617.207	 	0.0125856	 	101.979	 	0.449278	 	2.43557e+07	 	8.84956	 	1.41339	 	
450000	-1.23406	 	617.304	 	0.0113636	 	102.06	 	0.449494	 	2.44049e+07	 	8.85079	 	1.41378	 	
451000	-1.23395	 	617.199	 	0.0106094	 	102.013	 	0.449356	 	2.44636e+07	 	8.85201	 	1.41352	 	
452000	-1.2339	 	617.144	 	0.0102291	 	101.957	 	0.449205	 	2.45183e+07	 	8.85128	 	1.4132	 	
453000	-1.2338	 	617.045	 	0.0105221	 	101.887	 	0.448979	 	2.4577e+07	 	8.85569	 	1.41318	 	
454000	-1.23382	 	617.061	 	0.00946502	 	101.904	 	0.449031	 	2.4632e+07	 	8.8552	 	1.41311	 	
455000	-1.23397	 	617.216	 	0.00816849	 	102.016	 	0.449321	 	2.46829e+07	 	8.8584	 	1.41387	 	
456000	-1.23401	 	617.257	 	0.00795049	 	102.056	 	0.449446	 	2.47373e+07	 	8.85626	 	1.41428	 	
457000	-1.23403	 	617.277	 	0.00879577	 	102.072	 	0.449515	 	2.47914e+07	 	8.85284	 	1.41414	 	
458000	-1.23396	 	617.208	 	0.00894527	 	102.011	 	0.449332	 	2.48487e+07	 	8.85475	 	1.41356	 	
459000	-1.23406	 	617.309	 	0.0101112	 	102.08	 	0.449538	 	2.49016e+07	 	8.85268	 	1.41412	 	
460000	-1.23398	 	617.23	 	0.0102298	 	102.032	 	0.449419	 	2.49576e+07	 	8.85034	 	1.41396	 	
461000	-1.23413	 	617.38	 	0.00895322	 	102.126	 	0.449698	 	2.50057e+07	 	8.84791	 	1.41444	 	
462000	-1.23408	 	617.329	 	0.00857851	 	102.093	 	0.449595	 	2.50643e+07	 	8.84951	 	1.41452	 	
463000	-1.234	 	617.253	 	0.00831817	 	102.048	 	0.449488	 	2.51199e+07	 	8.84686	 	1.41451	 	
464000	-1.23406	 	617.312	 	0.00846156	 	102.092	 	0.449637	 	2.51712e+07	 	8.84289	 	1.4142	 	
465000	-1.23414	 	617.386	 	0.00952724	 	102.162	 	0.449843	 	2.52259e+07	 	8.84093	 	1.41412	 	
466000	-1.23418	 	617.422	 	0.00879727	 	102.187	 	0.449944	 	2.52772e+07	 	8.83616	 	1.41408	 	
467000	-1.23418	 	617.425	 	0.00806999	 	102.19	 	0.449942	 	2.53271e+07	 	8.83804	 	1.4142	 	
468000	-1.23422	 	617.468	 	0.00739326	 	102.221	 	0.450038	 	2.53746e+07	 	8.83646	 	1.41447	 	
469000	-1.23415	 	617.391	 	0.00660422	 	102.154	 	0.449856	 	2.54313e+07	 	8.83552	 	1.41407	 	
470000	-1.2341	 	617.347	 	0.00643937	 	102.111	 	0.449728	 	2.54834e+07	 	8.83688	 	1.41377	 	
471000	-1.23416	 	617.405	 	0.00681311	 	102.162	 	0.449875	 	2.55325e+07	 	8.83621	 	1.41375	 	
472000	-1.23426	 	617.513	 	0.00672668	 	102.246	 	0.450091	 	2.55857e+07	 	8.83878	 	1.41514	 	
473000	-1.23434	 	617.59	 	0.00705962	 	102.302	 	0.450251	 	2.56379e+07	 	8.83814	 	1.41529	 	
474000	-1.23438	 	617.633	 	0.00798091	 	102.326	 	0.450284	 	2.56934e+07	 	8.84303	 	1.41576	 	
475000	-1.2344	 	617.646	 	0.00850301	 	102.352	 	0.450376	 	2.57424e+07	 	8.84034	 	1.4154	 	
476000	-1.23443	 	617.68	 	0.00855732	 	102.387	 	0.450491	 	2.57935e+07	 	8.83735	 	1.41519	 	
477000	-1.23437	 	617.617	 	0.00851564	 	102.362	 	0.450441	 	2.58502e+07	 	8.83455	 	1.41468	 	
478000	-1.23434	 	617.582	 	0.00903561	 	102.329	 	0.45038	 	2.59055e+07	 	8.83024	 	1.41386	 	
479000	-1.23446	 	617.703	 	0.00916925	 	102.415	 	0.450632	 	2.59567e+07	 	8.82806	 	1.41379	 	
480000	-1.23447	 	617.71	 	0.00859099	 	102.412	 	0.450612	 	2.60087e+07	 	8.82983	 	1.41362	 	
481000	-1.23458	 	617.821	 	0.00918614	 	102.474	 	0.450734	 	2.60657e+07	 	8.83756	 	1.41502	 	
482000	-1.23455	 	617.796	 	0.0091486	 	102.471	 	0.450745	 	2.61205e+07	 	8.83448	 	1.41473	 	
483000	-1.23458	 	617.822	 	0.00953953	 	102.485	 	0.450815	 	2.61742e+07	 	8.82979	 	1.41401	 	
484000	-1.23459	 	617.831	 	0.0102627	 	102.487	 	0.450813	 	2.62298e+07	 	8.83078	 	1.41392	 	
485000	-1.23447	 	617.706	 	0.0097632	 	102.402	 	0.450577	 	2.62864e+07	 	8.83079	 	1.41352	 	
486000	-1.23446	 	617.699	 	0.00884961	 	102.403	 	0.4506	 	2.63381e+07	 	8.82769	 	1.41283	 	
487000	-1.23458	 	617.818	 	0.00850569	 	102.466	 	0.450765	 	2.63911e+07	 	8.82932	 	1.4134	 	
488000	-1.23448	 	617.717	 	0.00786739	 	102.394	 	0.45056	 	2.64469e+07	 	8.82993	 	1.41308	 	
489000	-1.23456	 	617.794	 	0.00720888	 	102.466	 	0.450759	 	2.6503e+07	 	8.83045	 	1.41352	 	
490000	-1.23447	 	617.706	 	0.00652732	 	102.422	 	0.450631	 	2.65564e+07	 	8.83128	 	1.41355	 	
491000	-1.23457	 	617.807	 	0.00617773	 	102.505	 	0.450854	 	2.66028e+07	 	8.83214	 	1.41415	 	
492000	-1.23465	 	617.882	 	0.00569664	 	102.55	 	0.451004	 	2.66533e+07	 	8.82859	 	1.41355	 	
493000	-1.23467	 	617.911	 	0.00598404	 	102.55	 	0.450992	 	2.6707e+07	 	8.83038	 	1.41384	 	
494000	-1.23471	 	617.949	 	0.00529239	 	102.59	 	0.451126	 	2.67579e+07	 	8.82661	 	1.4139	 	
495000	-1.23485	 	618.086	 	0.00414648	 	102.693	 	0.451408	 	2.68095e+07	 	8.82708	 	1.4143	 	
496000	-1.23491	 	618.148	 	0.00498241	 	102.734	 	0.451538	 	2.68582e+07	 	8.82467	 	1.41456	 	
497000	-1.23495	 	618.187	 	0.00477905	 	102.774	 	0.451662	 	2.69119e+07	 	8.823	 	1.41483	 	
498000	-1.23484	 	618.078	 	0.00441182	 	102.695	 	0.451452	 	2.6971e+07	 	8.82149	 	1.41461	 	
499000	-1.23476	 	618.002	 	0.00416828	 	102.634	 	0.451304	 	2.70269e+07	 	8.81822	 	1.41417	 	
500000	-1.23468	 	617.916	 	0.00439255	 	102.552	 	0.451065	 	2.7086e+07	 	8.82009	 	1.41386	 	
501000	-1.23466	 	617.893	 	0.00498664	 	102.528	 	0.451007	 	2.71403e+07	 	8.81868	 	1.41373	 	
502000	-1.23463	 	617.867	 	0.00526098	 	102.527	 	0.451049	 	2.71965e+07	 	8.81206	 	1.41331	 	
503000	-1.23468	 	617.92	 	0.00552416	 	102.554	 	0.451089	 	2.7252e+07	 	8.81716	 	1.41418	 	
504000	-1.23462	 	617.858	 	0.00533872	 	102.512	 	0.451003	 	2.73062e+07	 	8.81249	 	1.41353	 	
505000	-1.23457	 	617.808	 	0.00469991	 	102.472	 	0.450878	 	2.73616e+07	 	8.81474	 	1.41324	 	
506000	-1.23453	 	617.765	 	0.00517042	 	102.449	 	0.450815	 	2.74158e+07	 	8.81491	 	1.41321	 	
507000	-1.23448	 	617.714	 	0.00485394	 	102.39	 	0.450638	 	2.74707e+07	 	8.81685	 	1.41279	 	
508000	-1.23448	 	617.712	 	0.00448226	 	102.388	 	0.450618	 	2.75266e+07	 	8.81882	 	1.41242	 	
509000	-1.23446	 	617.692	 	0.00392378	 	102.379	 	0.450596	 	2.75861e+07	 	8.8183	 	1.41253	 	
510000	-1.23457	 	617.799	 	0.00402315	 	102.469	 	0.450853	 	2.7634e+07	 	8.81733	 	1.41268	 	
511000	-1.23459	 	617.821	 	0.00406602	 	102.474	 	0.450849	 	2.76858e+07	 	8.82023	 	1.41318	 	
512000	-1.23454	 	617.778	 	0.0036198	 	102.436	 	0.450743	 	2.77418e+07	 	8.82025	 	1.41328	 	
513000	-1.23463	 	617.876	 	0.00338152	 	102.499	 	0.450909	 	2.77923e+07	 	8.82145	 	1.41442	 	
514000	-1.23466	 	617.899	 	0.00337906	 	102.506	 	0.450926	 	2.7846e+07	 	8.82168	 	1.41427	 	
515000	-1.23467	 	617.914	 	0.00311355	 	102.508	 	0.450945	 	2.79029e+07	 	8.8197	 	1.41408	 	
516000	-1.23462	 	617.852	 	0.00266451	 	102.457	 	0.450827	 	2.7961e+07	 	8.81638	 	1.41342	 	
517000	-1.23466	 	617.902	 	0.00217425	 	102.483	 	0.450857	 	2.8006e+07	 	8.82251	 	1.41455	 	
518000	-1.23468	 	617.918	 	0.00134736	 	102.503	 	0.45089	 	2.8059e+07	 	8.82592	 	1.41443	 	
519000	-1.23465	 	617.887	 	0.000541108	 	102.489	 	0.450851	 	2.81166e+07	 	8.8262	 	1.41411	 	
520000	-1.23467	 	617.908	 	-0.000355471	 	102.51	 	0.450899	 	2.81666e+07	 	8.82778	 	1.41435	 	
521000	-1.23468	 	617.922	 	-0.00116185	 	102.509	 	0.450896	 	2.82209e+07	 	8.8275	 	1.41421	 	
522000	-1.23469	 	617.926	 	-0.00102676	 	102.487	 	0.450813	 	2.82744e+07	 	8.83068	 	1.41401	 	
523000	-1.23473	 	617.971	 	-0.00174639	 	102.524	 	0.450906	 	2.83247e+07	 	8.83233	 	1.41465	 	
524000	-1.23464	 	617.88	 	-0.00225152	 	102.451	 	0.450676	 	2.83827e+07	 	8.83641	 	1.41453	 	
525000	-1.23461	 	617.854	 	-0.0025861	 	102.425	 	0.450623	 	2.84378e+07	 	8.83347	 	1.41456	 	
526000	-1.23473	 	617.969	 	-0.00165957	 	102.502	 	0.450831	 	2.84839e+07	 	8.83458	 	1.41495	 	
527000	-1.2347	 	617.948	 	-0.00151063	 	102.46	 	0.45069	 	2.85408e+07	 	8.83817	 	1.41502	 	
528000	-1.23461	 	617.853	 	-0.00114811	 	102.367	 	0.450412	 	2.85985e+07	 	8.84113	 	1.41441	 	
529000	-1.23454	 	617.775	 	-0.00112066	 	102.292	 	0.450183	 	2.86555e+07	 	8.84417	 	1.41378	 	
530000	-1.23458	 	617.819	 	-0.00141275	 	102.325	 	0.450268	 	2.87105e+07	 	8.8452	 	1.41423	 	
531000	-1.23451	 	617.753	 	-0.00132174	 	102.273	 	0.450118	 	2.87691e+07	 	8.84628	 	1.41399	 	
532000	-1.23446	 	617.701	 	-0.000532754	 	102.245	 	0.450077	 	2.88241e+07	 	8.84039	 	1.41331	 	
533000	-1.2345	 	617.73	 	-0.000980891	 	102.256	 	0.450113	 	2.88787e+07	 	8.83995	 	1.41299	 	
534000	-1.23457	 	617.804	 	-0.00166912	 	102.308	 	0.450269	 	2.89276e+07	 	8.83786	 	1.41307	 	
535000	-1.23452	 	617.754	 	-0.00197883	 	102.265	 	0.450166	 	2.89822e+07	 	8.83544	 	1.41227	 	
536000	-1.23444	 	617.672	 	-0.00171535	 	102.185	 	0.44992	 	2.90405e+07	 	8.83892	 	1.41179	 	
537000	-1.23444	 	617.668	 	-0.00189963	 	102.162	 	0.44985	 	2.90961e+07	 	8.84003	 	1.41211	 	
538000	-1.23444	 	617.67	 	-0.00168928	 	102.164	 	0.449837	 	2.91483e+07	 	8.84294	 	1.4125	 	
539000	-1.23442	 	617.649	 	-0.00144175	 	102.153	 	0.449808	 	2.92048e+07	 	8.84245	 	1.41198	 	
540000	-1.23442	 	617.653	 	-0.000721157	 	102.141	 	0.449765	 	2.92602e+07	 	8.84385	 	1.41179	 	
541000	-1.2345	 	617.729	 	0.000261109	 	102.197	 	0.44994	 	2.93119e+07	 	8.84122	 	1.41165	 	
542000	-1.23461	 	617.835	 	0.000286799	 	102.267	 	0.450153	 	2.93616e+07	 	8.83826	 	1.41137	 	
543000	-1.23467	 	617.893	 	-0.000187403	 	102.313	 	0.450291	 	2.94152e+07	 	8.83699	 	1.41125	 	
544000	-1.2347	 	617.921	 	-0.000162335	 	102.321	 	0.45029	 	2.94674e+07	 	8.8401	 	1.41139	 	
545000	-1.23465	 	617.875	 	-0.000301716	 	102.258	 	0.450073	 	2.95223e+07	 	8.84639	 	1.41138	 	
546000	-1.23459	 	617.812	 	-0.000866914	 	102.233	 	0.450004	 	2.95791e+07	 	8.84653	 	1.41099	 	
547000	-1.23462	 	617.836	 	-6.91133e-05	 	102.25	 	0.450086	 	2.9632e+07	 	8.8413	 	1.41053	 	
548000	-1.23454	 	617.755	 	-0.000228887	 	102.182	 	0.449899	 	2.96888e+07	 	8.84104	 	1.40995	 	
549000	-1.2346	 	617.811	 	-0.000155911	 	102.22	 	0.450041	 	2.97387e+07	 	8.83555	 	1.40987	 	
550000	-1.2346	 	617.817	 	4.47545e-05	 	102.227	 	0.450075	 	2.97917e+07	 	8.83321	 	1.40968	 	
551000	-1.23462	 	617.834	 	0.00033559	 	102.243	 	0.450122	 	2.98448e+07	 	8.83299	 	1.40978	 	
552000	-1.23464	 	617.857	 	0.00071048	 	102.269	 	0.450203	 	2.99e+07	 	8.8315	 	1.41001	 	
553000	-1.23464	 	617.859	 	0.00078972	 	102.282	 	0.450255	 	2.99553e+07	 	8.82928	 	1.41006	 	
554000	-1.23463	 	617.848	 	0.00038722	 	102.267	 	0.450185	 	3.00081e+07	 	8.83357	 	1.41017	 	
555000	-1.23458	 	617.795	 	0.000852874	 	102.217	 	0.450013	 	3.00624e+07	 	8.83844	 	1.41	 	
556000	-1.23454	 	617.756	 	0.000694119	 	102.193	 	0.449931	 	3.0123e+07	 	8.84079	 	1.41024	 	
557000	-1.23462	 	617.84	 	-0.000268097	 	102.25	 	0.450103	 	3.01734e+07	 	8.83865	 	1.40998	 	
558000	-1.23453	 	617.75	 	-4.58065e-05	 	102.166	 	0.449859	 	3.02302e+07	 	8.84018	 	1.40986	 	
559000	-1.23456	 	617.778	 	0.000791986	 	102.191	 	0.449922	 	3.02798e+07	 	8.84122	 	1.40959	 	
560000	-1.23453	 	617.749	 	0.00133888	 	102.151	 	0.449772	 	3.03365e+07	 	8.84705	 	1.40952	 	
561000	-1.23454	 	617.754	 	0.00109554	 	102.146	 	0.449758	 	3.03878e+07	 	8.84691	 	1.40944	 	
562000	-1.23453	 	617.742	 	0.00115449	 	102.143	 	0.449747	 	3.04451e+07	 	8.84743	 	1.4094	 	
563000	-1.23455	 	617.762	 	0.00102306	 	102.161	 	0.449802	 	3.05013e+07	 	8.84686	 	1.40946	 	
564000	-1.23461	 	617.818	 	0.00108536	 	102.201	 	0.449924	 	3.05533e+07	 	8.84529	 	1.40919	 	
565000	-1.23466	 	617.871	 	0.0011436	 	102.205	 	0.449926	 	3.06041e+07	 	8.8465	 	1.40917	 	
566000	-1.2347	 	617.911	 	0.00150231	 	102.223	 	0.449983	 	3.06592e+07	 	8.8455	 	1.40936	 	
567000	-1.23475	 	617.957	 	0.000637019	 	102.249	 	0.450056	 	3.07161e+07	 	8.8454	 	1.40946	 	
568000	-1.23477	 	617.988	 	-5.13996e-05	 	102.278	 	0.450124	 	3.07741e+07	 	8.84721	 	1.40988	 	
569000	-1.23474	 	617.955	 	-0.000273752	 	102.247	 	0.450018	 	3.0831e+07	 	8.85033	 	1.40994	 	
570000	-1.23477	 	617.985	 	-0.00108793	 	102.271	 	0.4501	 	3.08852e+07	 	8.84778	 	1.40953	 	
571000	-1.23473	 	617.94	 	-0.00100735	 	102.229	 	0.449989	 	3.09416e+07	 	8.84697	 	1.40933	 	
572000	-1.23474	 	617.954	 	-0.000236722	 	102.252	 	0.45004	 	3.09893e+07	 	8.84903	 	1.40954	 	
573000	-1.23479	 	618	 	0.000664171	 	102.289	 	0.450155	 	3.10388e+07	 	8.84731	 	1.40978	 	
574000	-1.23484	 	618.053	 	0.000772622	 	102.349	 	0.45033	 	3.10894e+07	 	8.84594	 	1.40968	 	
575000	-1.23483	 	618.046	 	0.00114159	 	102.338	 	0.450284	 	3.11405e+07	 	8.84839	 	1.40967	 	
576000	-1.23476	 	617.974	 	0.00104872	 	102.281	 	0.450138	 	3.11987e+07	 	8.84645	 	1.40925	 	
577000	-1.23477	 	617.98	 	0.00178274	 	102.285	 	0.450135	 	3.12572e+07	 	8.84824	 	1.40932	 	
578000	-1.2348	 	618.013	 	0.00199382	 	102.323	 	0.450255	 	3.13151e+07	 	8.84607	 	1.40961	 	
579000	-1.23492	 	618.13	 	0.00206818	 	102.398	 	0.450463	 	3.13656e+07	 	8.84621	 	1.41022	 	
580000	-1.23491	 	618.12	 	0.00192281	 	102.362	 	0.450339	 	3.14216e+07	 	8.85012	 	1.41019	 	
581000	-1.23496	 	618.178	 	0.00152269	 	102.4	 	0.450459	 	3.14755e+07	 	8.84775	 	1.4102	 	
582000	-1.23499	 	618.199	 	0.000871014	 	102.4	 	0.450459	 	3.15259e+07	 	8.84784	 	1.41018	 	
583000	-1.235	 	618.215	 	0.000881072	 	102.418	 	0.450535	 	3.15779e+07	 	8.84391	 	1.41	 	
584000	-1.235	 	618.217	 	0.00150915	 	102.417	 	0.450518	 	3.16339e+07	 	8.846	 	1.41015	 	
585000	-1.23506	 	618.27	 	0.00199522	 	102.437	 	0.450586	 	3.16856e+07	 	8.84423	 	1.41009	 	
586000	-1.23502	 	618.23	 	0.00224815	 	102.408	 	0.450489	 	3.17434e+07	 	8.84668	 	1.41005	 	
587000	-1.23499	 	618.202	 	0.00263689	 	102.39	 	0.450473	 	3.17997e+07	 	8.84156	 	1.4093	 	
588000	-1.23503	 	618.236	 	0.00289924	 	102.42	 	0.450561	 	3.18516e+07	 	8.84073	 	1.40918	 	
589000	-1.23503	 	618.242	 	0.00299198	 	102.422	 	0.450539	 	3.19067e+07	 	8.84499	 	1.40956	 	
590000	-1.235	 	618.209	 	0.00329913	 	102.405	 	0.450487	 	3.19632e+07	 	8.84569	 	1.40927	 	
591000	-1.23495	 	618.162	 	0.00305596	 	102.381	 	0.450422	 	3.20204e+07	 	8.8455	 	1.40925	 	
592000	-1.23489	 	618.096	 	0.00250559	 	102.331	 	0.450269	 	3.20765e+07	 	8.84776	 	1.40876	 	
593000	-1.23494	 	618.141	 	0.00177906	 	102.345	 	0.450288	 	3.21235e+07	 	8.8504	 	1.40874	 	
594000	-1.23499	 	618.198	 	0.000958771	 	102.37	 	0.45035	 	3.217e+07	 	8.85142	 	1.40903	 	
595000	-1.23497	 	618.176	 	0.00104687	 	102.339	 	0.450267	 	3.22238e+07	 	8.85109	 	1.40874	 	
596000	-1.23494	 	618.144	 	0.00153634	 	102.304	 	0.450173	 	3.22753e+07	 	8.85084	 	1.40838	 	
597000	-1.23498	 	618.178	 	0.00244872	 	102.348	 	0.450334	 	3.233e+07	 	8.8451	 	1.40783	 	
598000	-1.23492	 	618.117	 	0.00240321	 	102.281	 	0.450139	 	3.23867e+07	 	8.84644	 	1.40751	 	
599000	-1.23492	 	618.115	 	0.00222376	 	102.274	 	0.450127	 	3.24427e+07	 	8.84507	 	1.4073	 	
600000	-1.23493	 	618.126	 	0.00292897	 	102.289	 	0.450193	 	3.24947e+07	 	8.84156	 	1.40669	 	
601000	-1.23489	 	618.079	 	0.0027518	 	102.25	 	0.450056	 	3.25487e+07	 	8.84557	 	1.40669	 	
602000	-1.23485	 	618.044	 	0.00240604	 	102.221	 	0.449959	 	3.26011e+07	 	8.84837	 	1.40677	 	
603000	-1.23488	 	618.071	 	0.00260954	 	102.249	 	0.450033	 	3.2652e+07	 	8.84876	 	1.40687	 	
604000	-1.23487	 	618.063	 	0.0028589	 	102.247	 	0.450043	 	3.27076e+07	 	8.84657	 	1.40654	 	
605000	-1.23482	 	618.016	 	0.00302112	 	102.212	 	0.449935	 	3.27686e+07	 	8.84822	 	1.40641	 	
606000	-1.23481	 	618.001	 	0.00277733	 	102.215	 	0.44996	 	3.28258e+07	 	8.84564	 	1.40627	 	
607000	-1.23484	 	618.026	 	0.00336434	 	102.223	 	0.449987	 	3.28745e+07	 	8.84473	 	1.406	 	
608000	-1.23482	 	618.013	 	0.00395347	 	102.212	 	0.449961	 	3.29278e+07	 	8.84427	 	1.40646	 	
609000	-1.23482	 	618.013	 	0.00373076	 	102.209	 	0.449959	 	3.29824e+07	 	8.84332	 	1.40657	 	
610000	-1.23485	 	618.047	 	0.00349609	 	102.236	 	0.450035	 	3.30316e+07	 	8.84329	 	1.40669	 	
611000	-1.23477	 	617.96	 	0.00315731	 	102.163	 	0.449813	 	3.30908e+07	 	8.84612	 	1.40627	 	
612000	-1.23476	 	617.952	 	0.00271323	 	102.15	 	0.449779	 	3.31431e+07	 	8.84569	 	1.40635	 	
613000	-1.23473	 	617.924	 	0.00266679	 	102.147	 	0.449794	 	3.3196e+07	 	8.842	 	1.4062	 	
614000	-1.23479	 	617.982	 	0.00309643	 	102.173	 	0.44984	 	3.32423e+07	 	8.8461	 	1.40622	 	
615000	-1.23477	 	617.955	 	0.0025872	 	102.141	 	0.449765	 	3.32992e+07	 	8.84405	 	1.4055	 	
616000	-1.23484	 	618.025	 	0.00214013	 	102.185	 	0.449884	 	3.33468e+07	 	8.84428	 	1.40551	 	
617000	-1.23483	 	618.015	 	0.00276194	 	102.182	 	0.449882	 	3.34051e+07	 	8.84374	 	1.40554	 	
618000	-1.23492	 	618.11	 	0.00287221	 	102.24	 	0.450033	 	3.34571e+07	 	8.84522	 	1.40604	 	
619000	-1.23487	 	618.059	 	0.00317464	 	102.193	 	0.449907	 	3.35135e+07	 	8.84436	 	1.40594	 	
620000	-1.23489	 	618.084	 	0.00391268	 	102.207	 	0.449948	 	3.35682e+07	 	8.84421	 	1.40597	 	
621000	-1.23494	 	618.13	 	0.00473357	 	102.245	 	0.45006	 	3.36205e+07	 	8.84295	 	1.40606	 	
622000	-1.23489	 	618.079	 	0.00439849	 	102.216	 	0.449994	 	3.36769e+07	 	8.84089	 	1.40557	 	
623000	-1.23497	 	618.161	 	0.00366044	 	102.263	 	0.450128	 	3.37255e+07	 	8.84058	 	1.40558	 	
624000	-1.23499	 	618.183	 	0.00424416	 	102.279	 	0.450166	 	3.37785e+07	 	8.84126	 	1.40588	 	
625000	-1.23491	 	618.1	 	0.0041665	 	102.222	 	0.450021	 	3.38377e+07	 	8.83924	 	1.40549	 	
626000	-1.2349	 	618.089	 	0.00424602	 	102.215	 	0.450021	 	3.38955e+07	 	8.83633	 	1.40515	 	
627000	-1.23495	 	618.136	 	0.00448635	 	102.246	 	0.450127	 	3.3948e+07	 	8.83334	 	1.40513	 	
628000	-1.23494	 	618.122	 	0.00404973	 	102.244	 	0.450137	 	3.40042e+07	 	8.83113	 	1.40486	 	
629000	-1.23494	 	618.123	 	0.00430563	 	102.241	 	0.45012	 	3.40556e+07	 	8.83231	 	1.40489	 	
630000	-1.23502	 	618.2	 	0.00514579	 	102.293	 	0.450271	 	3.41073e+07	 	8.83145	 	1.40505	 	
631000	-1.23499	 	618.178	 	0.00530881	 	102.286	 	0.450231	 	3.41679e+07	 	8.83465	 	1.40555	 	
632000	-1.23498	 	618.169	 	0.00474096	 	102.292	 	0.45025	 	3.42222e+07	 	8.83416	 	1.40563	 	
633000	-1.23496	 	618.146	 	0.00512636	 	102.277	 	0.450207	 	3.42828e+07	 	8.83452	 	1.40598	 	
634000	-1.23502	 	618.21	 	0.00524045	 	102.319	 	0.450307	 	3.43324e+07	 	8.83688	 	1.40658	 	
635000	-1.23511	 	618.299	 	0.00510617	 	102.39	 	0.450508	 	3.43855e+07	 	8.83639	 	1.40697	 	
636000	-1.23509	 	618.285	 	0.00459678	 	102.392	 	0.45049	 	3.44333e+07	 	8.8397	 	1.40749	 	
637000	-1.23503	 	618.229	 	0.00447655	 	102.356	 	0.450395	 	3.44894e+07	 	8.83914	 	1.4072	 	
638000	-1.235	 	618.198	 	0.00497924	 	102.344	 	0.450338	 	3.45464e+07	 	8.84248	 	1.40753	 	
639000	-1.23498	 	618.176	 	0.00492389	 	102.311	 	0.450227	 	3.46007e+07	 	8.84538	 	1.40804	 	
640000	-1.23496	 	618.163	 	0.00476653	 	102.308	 	0.450208	 	3.4658e+07	 	8.84704	 	1.40832	 	
641000	-1.23498	 	618.177	 	0.00421076	 	102.311	 	0.450224	 	3.47127e+07	 	8.84587	 	1.40811	 	
642000	-1.235	 	618.206	 	0.00348504	 	102.341	 	0.450299	 	3.47646e+07	 	8.84731	 	1.40847	 	
643000	-1.23501	 	618.216	 	0.00310069	 	102.35	 	0.450312	 	3.48136e+07	 	8.84907	 	1.40861	 	
644000	-1.23509	 	618.292	 	0.00358012	 	102.389	 	0.450398	 	3.48669e+07	 	8.85255	 	1.40927	 	
645000	-1.23514	 	618.348	 	0.0043613	 	102.424	 	0.450505	 	3.49164e+07	 	8.85082	 	1.40909	 	
646000	-1.23514	 	618.349	 	0.00458502	 	102.431	 	0.450546	 	3.49717e+07	 	8.84777	 	1.40918	 	
647000	-1.23516	 	618.366	 	0.00461523	 	102.451	 	0.450617	 	3.50249e+07	 	8.84546	 	1.40879	 	
648000	-1.23516	 	618.355	 	0.00406106	 	102.439	 	0.450569	 	3.50788e+07	 	8.84779	 	1.40835	 	
649000	-1.2351	 	618.299	 	0.00458618	 	102.398	 	0.450449	 	3.51368e+07	 	8.84847	 	1.40812	 	
650000	-1.23508	 	618.284	 	0.00524677	 	102.388	 	0.450429	 	3.51922e+07	 	8.84719	 	1.40799	 	
651000	-1.23506	 	618.262	 	0.00549726	 	102.371	 	0.450362	 	3.5245e+07	 	8.8501	 	1.40826	 	
652000	-1.23501	 	618.213	 	0.00556128	 	102.344	 	0.450289	 	3.52997e+07	 	8.85004	 	1.40824	 	
653000	-1.23504	 	618.24	 	0.00606675	 	102.372	 	0.450386	 	3.53513e+07	 	8.84694	 	1.40822	 	
654000	-1.2351	 	618.305	 	0.005299	 	102.417	 	0.450516	 	3.54037e+07	 	8.84617	 	1.40835	 	
655000	-1.23505	 	618.247	 	0.00577685	 	102.378	 	0.450431	 	3.54608e+07	 	8.84298	 	1.4078	 	
656000	-1.23512	 	618.317	 	0.00571122	 	102.442	 	0.45062	 	3.55096e+07	 	8.84088	 	1.40771	 	
657000	-1.23511	 	618.313	 	0.00578528	 	102.448	 	0.450645	 	3.55603e+07	 	8.83968	 	1.4078	 	
658000	-1.23511	 	618.304	 	0.00544544	 	102.447	 	0.450638	 	3.5618e+07	 	8.84052	 	1.40788	 	
659000	-1.23521	 	618.413	 	0.00594394	 	102.53	 	0.450856	 	3.56663e+07	 	8.84251	 	1.40882	 	
660000	-1.23521	 	618.407	 	0.00643948	 	102.511	 	0.45082	 	3.57221e+07	 	8.83987	 	1.40841	 	
661000	-1.23515	 	618.352	 	0.00667295	 	102.491	 	0.450755	 	3.57794e+07	 	8.84103	 	1.40859	 	
662000	-1.23519	 	618.389	 	0.00738122	 	102.527	 	0.450868	 	3.58339e+07	 	8.83923	 	1.40841	 	
663000	-1.23521	 	618.41	 	0.00743416	 	102.555	 	0.450954	 	3.58865e+07	 	8.83797	 	1.40829	 	
664000	-1.2352	 	618.4	 	0.00678104	 	102.566	 	0.450995	 	3.59401e+07	 	8.8366	 	1.40807	 	
665000	-1.23517	 	618.367	 	0.00613277	 	102.552	 	0.450967	 	3.59958e+07	 	8.83469	 	1.40781	 	
666000	-1.23519	 	618.388	 	0.00597187	 	102.57	 	0.451009	 	3.60455e+07	 	8.83589	 	1.40787	 	
667000	-1.23518	 	618.377	 	0.00614526	 	102.557	 	0.450988	 	3.61038e+07	 	8.83356	 	1.40773	 	
668000	-1.23512	 	618.317	 	0.0062213	 	102.519	 	0.450894	 	3.61621e+07	 	8.83203	 	1.40744	 	
669000	-1.23513	 	618.324	 	0.00562318	 	102.516	 	0.450885	 	3.62207e+07	 	8.83205	 	1.40722	 	
670000	-1.23513	 	618.322	 	0.00550325	 	102.497	 	0.450832	 	3.6274e+07	 	8.83201	 	1.40674	 	
671000	-1.23513	 	618.325	 	0.00535883	 	102.494	 	0.450829	 	3.63308e+07	 	8.83142	 	1.40678	 	
672000	-1.23515	 	618.339	 	0.00475503	 	102.505	 	0.450862	 	3.63807e+07	 	8.8309	 	1.40678	 	
673000	-1.23513	 	618.325	 	0.0053912	 	102.511	 	0.450875	 	3.64365e+07	 	8.83149	 	1.40724	 	
674000	-1.2351	 	618.295	 	0.00579095	 	102.485	 	0.450807	 	3.64943e+07	 	8.8308	 	1.40702	 	
675000	-1.23512	 	618.312	 	0.00510951	 	102.504	 	0.450866	 	3.65466e+07	 	8.82989	 	1.40679	 	
676000	-1.23514	 	618.328	 	0.00462332	 	102.508	 	0.450887	 	3.65968e+07	 	8.82858	 	1.40659	 	
677000	-1.23507	 	618.26	 	0.00443877	 	102.458	 	0.450741	 	3.66537e+07	 	8.82952	 	1.40644	 	
678000	-1.23499	 	618.18	 	0.00435687	 	102.383	 	0.450526	 	3.67092e+07	 	8.8308	 	1.40619	 	
679000	-1.23502	 	618.209	 	0.00495469	 	102.403	 	0.450583	 	3.67607e+07	 	8.83023	 	1.40587	 	
680000	-1.23503	 	618.216	 	0.00445405	 	102.41	 	0.450624	 	3.68132e+07	 	8.8272	 	1.40535	 	
681000	-1.23511	 	618.288	 	0.00359065	 	102.472	 	0.450819	 	3.68597e+07	 	8.82384	 	1.40517	 	
682000	-1.23513	 	618.309	 	0.00343872	 	102.479	 	0.45082	 	3.69118e+07	 	8.82636	 	1.40528	 	
683000	-1.23519	 	618.375	 	0.00267502	 	102.525	 	0.450958	 	3.69604e+07	 	8.82503	 	1.40548	 	
684000	-1.23523	 	618.417	 	0.00244088	 	102.542	 	0.450991	 	3.70096e+07	 	8.82725	 	1.40533	 	
685000	-1.23526	 	618.445	 	0.00230345	 	102.566	 	0.451069	 	3.70607e+07	 	8.82524	 	1.4053	 	
686000	-1.23525	 	618.432	 	0.00186556	 	102.566	 	0.451089	 	3.71152e+07	 	8.82212	 	1.40482	 	
687000	-1.23524	 	618.421	 	0.00192338	 	102.566	 	0.451116	 	3.71713e+07	 	8.81801	 	1.40462	 	
688000	-1.2352	 	618.375	 	0.00226394	 	102.528	 	0.450996	 	3.72236e+07	 	8.82061	 	1.40451	 	
689000	-1.23517	 	618.342	 	0.00181598	 	102.505	 	0.450934	 	3.72789e+07	 	8.82023	 	1.40432	 	
690000	-1.23522	 	618.401	 	0.00254237	 	102.553	 	0.451074	 	3.73294e+07	 	8.81925	 	1.40459	 	
691000	-1.2353	 	618.476	 	0.00330458	 	102.601	 	0.451199	 	3.73778e+07	 	8.82055	 	1.40487	 	
692000	-1.2353	 	618.481	 	0.00352149	 	102.595	 	0.451166	 	3.74299e+07	 	8.82262	 	1.40472	 	
693000	-1.23527	 	618.444	 	0.00409193	 	102.57	 	0.451104	 	3.74857e+07	 	8.82153	 	1.40449	 	
694000	-1.2353	 	618.476	 	0.00452387	 	102.589	 	0.451172	 	3.75352e+07	 	8.81936	 	1.40448	 	
695000	-1.23528	 	618.454	 	0.00434297	 	102.57	 	0.451117	 	3.7593e+07	 	8.81981	 	1.40426	 	
696000	-1.23525	 	618.425	 	0.00424073	 	102.553	 	0.451078	 	3.76472e+07	 	8.81846	 	1.40423	 	
697000	-1.23525	 	618.425	 	0.0045484	 	102.568	 	0.451129	 	3.77e+07	 	8.81721	 	1.40429	 	
698000	-1.23525	 	618.423	 	0.00396144	 	102.565	 	0.451116	 	3.77558e+07	 	8.81795	 	1.40428	 	
699000	-1.23529	 	618.464	 	0.00445862	 	102.582	 	0.451158	 	3.7808e+07	 	8.81869	 	1.404	 	
700000	-1.23535	 	618.528	 	0.00513624	 	102.625	 	0.451265	 	3.78643e+07	 	8.82021	 	1.40444	 	
701000	-1.23539	 	618.569	 	0.00573001	 	102.645	 	0.451319	 	3.79194e+07	 	8.82057	 	1.40473	 	
702000	-1.23543	 	618.608	 	0.00623269	 	102.672	 	0.451391	 	3.79742e+07	 	8.82106	 	1.40478	 	
703000	-1.23549	 	618.669	 	0.00554144	 	102.711	 	0.451485	 	3.803e+07	 	8.82295	 	1.40528	 	
704000	-1.23544	 	618.617	 	0.00595742	 	102.672	 	0.451358	 	3.80919e+07	 	8.82605	 	1.40525	 	
705000	-1.23547	 	618.651	 	0.00606261	 	102.693	 	0.451431	 	3.81439e+07	 	8.82382	 	1.40499	 	
706000	-1.23548	 	618.659	 	0.0063091	 	102.697	 	0.451436	 	3.81989e+07	 	8.82463	 	1.40511	 	
707000	-1.23538	 	618.558	 	0.0059819	 	102.618	 	0.451211	 	3.82598e+07	 	8.82554	 	1.40482	 	
708000	-1.23535	 	618.528	 	0.00581499	 	102.611	 	0.451187	 	3.83202e+07	 	8.82617	 	1.40536	 	
709000	-1.23538	 	618.566	 	0.00628546	 	102.634	 	0.451237	 	3.83741e+07	 	8.82853	 	1.40572	 	
710000	-1.2353	 	618.483	 	0.00596411	 	102.584	 	0.451096	 	3.84323e+07	 	8.82871	 	1.40597	 	
711000	-1.23529	 	618.472	 	0.0058364	 	102.578	 	0.451091	 	3.84896e+07	 	8.82694	 	1.40555	 	
712000	-1.23529	 	618.477	 	0.00592346	 	102.587	 	0.451126	 	3.85457e+07	 	8.82553	 	1.40552	 	
713000	-1.2353	 	618.478	 	0.00602724	 	102.593	 	0.451141	 	3.86012e+07	 	8.82591	 	1.4055	 	
714000	-1.23529	 	618.472	 	0.00606261	 	102.585	 	0.451122	 	3.86547e+07	 	8.82526	 	1.40534	 	
715000	-1.23528	 	618.464	 	0.00618943	 	102.585	 	0.451123	 	3.87106e+07	 	8.82522	 	1.40529	 	
716000	-1.23537	 	618.554	 	0.00701075	 	102.652	 	0.451323	 	3.87591e+07	 	8.82284	 	1.40546	 	
717000	-1.23542	 	618.603	 	0.00763063	 	102.687	 	0.451428	 	3.88118e+07	 	8.82189	 	1.40539	 	
718000	-1.23544	 	618.619	 	0.00691435	 	102.718	 	0.451529	 	3.88641e+07	 	8.81939	 	1.40526	 	
719000	-1.23549	 	618.675	 	0.00730303	 	102.761	 	0.451647	 	3.89139e+07	 	8.81957	 	1.40564	 	
720000	-1.23549	 	618.67	 	0.00754372	 	102.756	 	0.451628	 	3.89649e+07	 	8.82042	 	1.40557	 	
721000	-1.23547	 	618.653	 	0.00732619	 	102.739	 	0.451542	 	3.90221e+07	 	8.82642	 	1.406	 	
722000	-1.23548	 	618.666	 	0.00755068	 	102.75	 	0.451563	 	3.90775e+07	 	8.82769	 	1.40603	 	
723000	-1.23551	 	618.693	 	0.0082223	 	102.774	 	0.451629	 	3.91339e+07	 	8.8278	 	1.40612	 	
724000	-1.23546	 	618.647	 	0.00824367	 	102.739	 	0.451542	 	3.91929e+07	 	8.82643	 	1.4061	 	
725000	-1.23545	 	618.631	 	0.00783861	 	102.722	 	0.451491	 	3.92532e+07	 	8.82665	 	1.4059	 	
726000	-1.23553	 	618.713	 	0.00779778	 	102.759	 	0.451566	 	3.93041e+07	 	8.83116	 	1.40675	 	
727000	-1.23554	 	618.721	 	0.00775827	 	102.77	 	0.451604	 	3.93583e+07	 	8.82973	 	1.40643	 	
728000	-1.23549	 	618.672	 	0.00776073	 	102.731	 	0.45149	 	3.94126e+07	 	8.83053	 	1.40647	 	
729000	-1.23551	 	618.696	 	0.00750887	 	102.74	 	0.451526	 	3.94634e+07	 	8.82914	 	1.40628	 	
730000	-1.23552	 	618.703	 	0.00705087	 	102.741	 	0.451522	 	3.95175e+07	 	8.83017	 	1.40627	 	
731000	-1.23556	 	618.744	 	0.00684308	 	102.769	 	0.451595	 	3.95736e+07	 	8.83068	 	1.40655	 	
732000	-1.23551	 	618.691	 	0.00650712	 	102.725	 	0.451464	 	3.96283e+07	 	8.83234	 	1.4064	 	
733000	-1.23556	 	618.744	 	0.00673623	 	102.768	 	0.451571	 	3.96823e+07	 	8.83396	 	1.4069	 	
734000	-1.23565	 	618.836	 	0.00754264	 	102.841	 	0.451771	 	3.97334e+07	 	8.83417	 	1.40746	 	
735000	-1.23564	 	618.829	 	0.0079551	 	102.817	 	0.45172	 	3.97867e+07	 	8.83205	 	1.40712	 	
736000	-1.23559	 	618.779	 	0.00788606	 	102.788	 	0.451638	 	3.98478e+07	 	8.83206	 	1.40712	 	
737000	-1.23552	 	618.712	 	0.00806169	 	102.738	 	0.451484	 	3.99056e+07	 	8.83456	 	1.40693	 	
738000	-1.23553	 	618.718	 	0.00742596	 	102.751	 	0.451519	 	3.99602e+07	 	8.83474	 	1.40676	 	
739000	-1.2356	 	618.783	 	0.00662449	 	102.811	 	0.451699	 	4.00117e+07	 	8.83266	 	1.40702	 	
740000	-1.23564	 	618.828	 	0.00587002	 	102.861	 	0.451848	 	4.00598e+07	 	8.83107	 	1.40716	 	
741000	-1.23562	 	618.803	 	0.00581825	 	102.846	 	0.451814	 	4.0112e+07	 	8.82982	 	1.40705	 	
742000	-1.23563	 	618.817	 	0.00599129	 	102.864	 	0.451864	 	4.0161e+07	 	8.82984	 	1.40722	 	
743000	-1.23563	 	618.82	 	0.00661465	 	102.88	 	0.451918	 	4.02138e+07	 	8.82826	 	1.40728	 	
744000	-1.23561	 	618.794	 	0.0065137	 	102.874	 	0.451918	 	4.02712e+07	 	8.82605	 	1.40722	 	
745000	-1.23566	 	618.854	 	0.0065809	 	102.921	 	0.452055	 	4.03198e+07	 	8.82464	 	1.40746	 	
746000	-1.23565	 	618.834	 	0.00713507	 	102.913	 	0.452057	 	4.03768e+07	 	8.82118	 	1.40712	 	
747000	-1.23562	 	618.812	 	0.00753492	 	102.898	 	0.452009	 	4.04327e+07	 	8.82198	 	1.40713	 	
748000	-1.23561	 	618.798	 	0.00746366	 	102.892	 	0.451998	 	4.04886e+07	 	8.82124	 	1.40696	 	
749000	-1.23564	 	618.831	 	0.00678945	 	102.917	 	0.452069	 	4.05366e+07	 	8.82085	 	1.40712	 	
750000	-1.23565	 	618.839	 	0.0062193	 	102.926	 	0.452093	 	4.05911e+07	 	8.82124	 	1.40712	 	
751000	-1.23568	 	618.865	 	0.00622563	 	102.937	 	0.452132	 	4.06449e+07	 	8.8199	 	1.40708	 	
752000	-1.23568	 	618.867	 	0.0066734	 	102.941	 	0.452136	 	4.0697e+07	 	8.82094	 	1.407	 	
753000	-1.23563	 	618.817	 	0.00665087	 	102.907	 	0.452039	 	4.07521e+07	 	8.82143	 	1.40691	 	
754000	-1.23563	 	618.82	 	0.00625328	 	102.896	 	0.452001	 	4.08072e+07	 	8.82225	 	1.40702	 	
755000	-1.2356	 	618.785	 	0.00617277	 	102.85	 	0.451837	 	4.08595e+07	 	8.82799	 	1.40716	 	
756000	-1.23558	 	618.772	 	0.00598745	 	102.835	 	0.451799	 	4.09124e+07	 	8.82762	 	1.40708	 	
757000	-1.23553	 	618.715	 	0.00569301	 	102.805	 	0.451743	 	4.09687e+07	 	8.82341	 	1.40677	 	
758000	-1.23556	 	618.75	 	0.0059343	 	102.827	 	0.451801	 	4.1021e+07	 	8.8238	 	1.40678	 	
759000	-1.23559	 	618.781	 	0.00659597	 	102.86	 	0.451901	 	4.10715e+07	 	8.82262	 	1.4068	 	
760000	-1.23553	 	618.718	 	0.00684553	 	102.82	 	0.451778	 	4.11258e+07	 	8.8243	 	1.40672	 	
761000	-1.23546	 	618.643	 	0.00700956	 	102.761	 	0.451604	 	4.11842e+07	 	8.82611	 	1.40637	 	
762000	-1.23548	 	618.659	 	0.00701731	 	102.771	 	0.451641	 	4.12381e+07	 	8.82441	 	1.40614	 	
763000	-1.23557	 	618.756	 	0.00775886	 	102.836	 	0.451816	 	4.12894e+07	 	8.82518	 	1.40669	 	
764000	-1.2356	 	618.785	 	0.00843444	 	102.862	 	0.451911	 	4.13422e+07	 	8.82214	 	1.4066	 	
765000	-1.2356	 	618.79	 	0.00882105	 	102.866	 	0.451919	 	4.13986e+07	 	8.8225	 	1.40683	 	
766000	-1.23559	 	618.778	 	0.00876753	 	102.855	 	0.451874	 	4.14564e+07	 	8.82453	 	1.40666	 	
767000	-1.23568	 	618.867	 	0.00892186	 	102.922	 	0.452059	 	4.15032e+07	 	8.82453	 	1.40715	 	
768000	-1.23565	 	618.833	 	0.00926544	 	102.892	 	0.451967	 	4.15596e+07	 	8.82592	 	1.40707	 	
769000	-1.23561	 	618.803	 	0.00900685	 	102.879	 	0.451916	 	4.16207e+07	 	8.8284	 	1.40724	 	
770000	-1.23562	 	618.804	 	0.00950559	 	102.879	 	0.451921	 	4.16736e+07	 	8.82764	 	1.40705	 	
771000	-1.23562	 	618.809	 	0.00980005	 	102.891	 	0.451948	 	4.17279e+07	 	8.82829	 	1.40781	 	
772000	-1.23565	 	618.847	 	0.00981383	 	102.921	 	0.452051	 	4.17797e+07	 	8.82552	 	1.408	 	
773000	-1.23572	 	618.909	 	0.00981891	 	102.974	 	0.452214	 	4.18305e+07	 	8.82271	 	1.40776	 	
774000	-1.23575	 	618.941	 	0.00985666	 	103.006	 	0.452318	 	4.18836e+07	 	8.8206	 	1.40763	 	
775000	-1.23568	 	618.873	 	0.00979252	 	102.952	 	0.452156	 	4.19421e+07	 	8.82238	 	1.40752	 	
776000	-1.23571	 	618.898	 	0.00978718	 	102.963	 	0.452182	 	4.19917e+07	 	8.82298	 	1.40732	 	
777000	-1.23571	 	618.9	 	0.0103562	 	102.961	 	0.452189	 	4.20435e+07	 	8.82139	 	1.40704	 	
778000	-1.2357	 	618.889	 	0.00978058	 	102.955	 	0.452176	 	4.20969e+07	 	8.82079	 	1.40686	 	
779000	-1.2357	 	618.883	 	0.00942373	 	102.949	 	0.452153	 	4.21558e+07	 	8.82156	 	1.4067	 	
780000	-1.23567	 	618.85	 	0.00936769	 	102.909	 	0.452022	 	4.22129e+07	 	8.82455	 	1.40641	 	
781000	-1.23563	 	618.814	 	0.00898775	 	102.873	 	0.451925	 	4.22693e+07	 	8.82437	 	1.40606	 	
782000	-1.23562	 	618.804	 	0.00852125	 	102.871	 	0.451928	 	4.23257e+07	 	8.82328	 	1.40592	 	
783000	-1.23568	 	618.86	 	0.00830872	 	102.907	 	0.452038	 	4.23748e+07	 	8.82168	 	1.40589	 	
784000	-1.23565	 	618.829	 	0.00776827	 	102.902	 	0.452039	 	4.24296e+07	 	8.81926	 	1.40555	 	
785000	-1.23566	 	618.834	 	0.00797189	 	102.906	 	0.452071	 	4.24829e+07	 	8.8161	 	1.4052	 	
786000	-1.23564	 	618.814	 	0.00792293	 	102.906	 	0.452073	 	4.25398e+07	 	8.81575	 	1.40537	 	
787000	-1.23568	 	618.855	 	0.00770557	 	102.936	 	0.452157	 	4.25915e+07	 	8.81575	 	1.40565	 	
788000	-1.23566	 	618.84	 	0.00743603	 	102.927	 	0.45215	 	4.26444e+07	 	8.81314	 	1.40549	 	
789000	-1.23569	 	618.866	 	0.00722175	 	102.947	 	0.452207	 	4.26972e+07	 	8.81267	 	1.40597	 	
790000	-1.2357	 	618.886	 	0.00756994	 	102.977	 	0.452294	 	4.2744e+07	 	8.81193	 	1.4063	 	
791000	-1.23571	 	618.888	 	0.00740806	 	102.988	 	0.452327	 	4.2799e+07	 	8.81193	 	1.40639	 	
792000	-1.23565	 	618.833	 	0.00713636	 	102.937	 	0.452156	 	4.28574e+07	 	8.81613	 	1.40606	 	
793000	-1.23566	 	618.842	 	0.00737579	 	102.954	 	0.452217	 	4.29104e+07	 	8.8141	 	1.406	 	
794000	-1.23561	 	618.792	 	0.00766341	 	102.916	 	0.45212	 	4.29677e+07	 	8.81274	 	1.4056	 	
795000	-1.2356	 	618.774	 	0.00770757	 	102.885	 	0.452025	 	4.30227e+07	 	8.81433	 	1.40541	 	
796000	-1.23563	 	618.811	 	0.00737807	 	102.914	 	0.452077	 	4.30697e+07	 	8.81869	 	1.40618	 	
797000	-1.23565	 	618.829	 	0.0072587	 	102.929	 	0.45212	 	4.31242e+07	 	8.81819	 	1.40598	 	
798000	-1.23567	 	618.851	 	0.00699632	 	102.932	 	0.452116	 	4.31794e+07	 	8.82039	 	1.40599	 	
799000	-1.23563	 	618.806	 	0.00680941	 	102.89	 	0.45198	 	4.32401e+07	 	8.82311	 	1.40583	 	
800000	-1.23563	 	618.807	 	0.00720783	 	102.896	 	0.452009	 	4.32921e+07	 	8.82144	 	1.40569	 	
801000	-1.23561	 	618.785	 	0.00698931	 	102.885	 	0.451972	 	4.33518e+07	 	8.82217	 	1.4057	 	
802000	-1.23555	 	618.726	 	0.0074472	 	102.856	 	0.451897	 	4.34115e+07	 	8.82167	 	1.40569	 	
803000	-1.23559	 	618.766	 	0.00782814	 	102.896	 	0.452013	 	4.34633e+07	 	8.82067	 	1.40572	 	
804000	-1.23562	 	618.799	 	0.00794484	 	102.92	 	0.452101	 	4.3517e+07	 	8.81755	 	1.40559	 	
805000	-1.23558	 	618.762	 	0.00803733	 	102.893	 	0.452024	 	4.35723e+07	 	8.81797	 	1.4053	 	
806000	-1.23553	 	618.703	 	0.00780244	 	102.84	 	0.451864	 	4.36273e+07	 	8.81989	 	1.40508	 	
807000	-1.23549	 	618.669	 	0.00738719	 	102.82	 	0.451804	 	4.36801e+07	 	8.82066	 	1.40498	 	
808000	-1.2355	 	618.677	 	0.00795177	 	102.828	 	0.451829	 	4.37377e+07	 	8.82002	 	1.40491	 	
809000	-1.23551	 	618.689	 	0.00824904	 	102.838	 	0.451864	 	4.37879e+07	 	8.81919	 	1.40501	 	
810000	-1.23552	 	618.701	 	0.0080794	 	102.847	 	0.451898	 	4.38384e+07	 	8.81784	 	1.4049	 	
811000	-1.23553	 	618.709	 	0.00808465	 	102.844	 	0.451879	 	4.38918e+07	 	8.8193	 	1.40501	 	
812000	-1.2355	 	618.677	 	0.0082511	 	102.824	 	0.451808	 	4.39504e+07	 	8.82156	 	1.40533	 	
813000	-1.23554	 	618.722	 	0.00892237	 	102.867	 	0.451935	 	4.40029e+07	 	8.82054	 	1.40552	 	
814000	-1.23558	 	618.762	 	0.0095768	 	102.903	 	0.452048	 	4.40539e+07	 	8.81859	 	1.40546	 	
815000	-1.23559	 	618.768	 	0.00964379	 	102.897	 	0.452015	 	4.41066e+07	 	8.82083	 	1.40582	 	
816000	-1.23557	 	618.752	 	0.0100241	 	102.89	 	0.451998	 	4.41576e+07	 	8.8205	 	1.4058	 	
817000	-1.23562	 	618.804	 	0.0105658	 	102.922	 	0.452088	 	4.42074e+07	 	8.8201	 	1.40624	 	
818000	-1.23563	 	618.814	 	0.0105254	 	102.938	 	0.452158	 	4.42615e+07	 	8.81622	 	1.40612	 	
819000	-1.23557	 	618.755	 	0.010385	 	102.896	 	0.452021	 	4.43199e+07	 	8.81944	 	1.40614	 	
820000	-1.23562	 	618.796	 	0.00985476	 	102.908	 	0.452048	 	4.43715e+07	 	8.82019	 	1.40587	 	
821000	-1.23561	 	618.796	 	0.0101394	 	102.908	 	0.452035	 	4.44295e+07	 	8.82248	 	1.40635	 	
822000	-1.23557	 	618.751	 	0.0101149	 	102.863	 	0.451898	 	4.44865e+07	 	8.82432	 	1.40636	 	
823000	-1.23554	 	618.725	 	0.0102169	 	102.855	 	0.451893	 	4.45425e+07	 	8.82156	 	1.40604	 	
824000	-1.23562	 	618.799	 	0.0107817	 	102.895	 	0.451982	 	4.4597e+07	 	8.82475	 	1.40646	 	
825000	-1.23569	 	618.874	 	0.0114313	 	102.952	 	0.452142	 	4.46498e+07	 	8.8246	 	1.40691	 	
826000	-1.23573	 	618.92	 	0.0113662	 	102.976	 	0.452213	 	4.47033e+07	 	8.8239	 	1.40697	 	
827000	-1.23575	 	618.939	 	0.0109573	 	102.992	 	0.452262	 	4.47548e+07	 	8.8233	 	1.40701	 	
828000	-1.23576	 	618.942	 	0.0108445	 	102.974	 	0.452192	 	4.48049e+07	 	8.82615	 	1.40676	 	
829000	-1.23572	 	618.901	 	0.0106654	 	102.948	 	0.452129	 	4.4862e+07	 	8.82496	 	1.40673	 	
830000	-1.23571	 	618.897	 	0.0110836	 	102.951	 	0.452141	 	4.49193e+07	 	8.8245	 	1.40683	 	
831000	-1.23565	 	618.835	 	0.0112005	 	102.902	 	0.451989	 	4.4975e+07	 	8.82659	 	1.4068	 	
832000	-1.23563	 	618.812	 	0.0109738	 	102.888	 	0.451927	 	4.50352e+07	 	8.83039	 	1.40686	 	
833000	-1.23558	 	618.76	 	0.0112165	 	102.854	 	0.451833	 	4.5092e+07	 	8.83028	 	1.40654	 	
834000	-1.2355	 	618.686	 	0.0113209	 	102.806	 	0.451696	 	4.51491e+07	 	8.83099	 	1.40648	 	
835000	-1.23553	 	618.717	 	0.0110172	 	102.821	 	0.45173	 	4.51973e+07	 	8.83214	 	1.40685	 	
836000	-1.23558	 	618.762	 	0.0106558	 	102.852	 	0.451823	 	4.5252e+07	 	8.83078	 	1.40681	 	
837000	-1.23556	 	618.748	 	0.0107324	 	102.845	 	0.45181	 	4.5304e+07	 	8.82992	 	1.40671	 	
838000	-1.23555	 	618.741	 	0.0107456	 	102.839	 	0.451792	 	4.53595e+07	 	8.83033	 	1.40684	 	
839000	-1.23554	 	618.724	 	0.0106282	 	102.824	 	0.451769	 	4.54172e+07	 	8.82726	 	1.40629	 	
840000	-1.23555	 	618.739	 	0.0106823	 	102.836	 	0.4518	 	4.54714e+07	 	8.82779	 	1.40649	 	
841000	-1.23559	 	618.779	 	0.0108263	 	102.881	 	0.451931	 	4.5527e+07	 	8.82666	 	1.40665	 	
842000	-1.23557	 	618.759	 	0.0109786	 	102.859	 	0.451884	 	4.55867e+07	 	8.82475	 	1.40649	 	
843000	-1.23553	 	618.711	 	0.0113015	 	102.823	 	0.451779	 	4.56455e+07	 	8.82555	 	1.40631	 	
844000	-1.23554	 	618.721	 	0.0117219	 	102.832	 	0.451806	 	4.57001e+07	 	8.82533	 	1.40618	 	
845000	-1.23552	 	618.704	 	0.0120137	 	102.809	 	0.451744	 	4.57533e+07	 	8.82513	 	1.40597	 	
846000	-1.23555	 	618.736	 	0.0117146	 	102.836	 	0.4518	 	4.58084e+07	 	8.82771	 	1.40651	 	
847000	-1.23556	 	618.743	 	0.0113885	 	102.826	 	0.451746	 	4.58585e+07	 	8.83185	 	1.40671	 	
848000	-1.23556	 	618.749	 	0.0113124	 	102.828	 	0.451731	 	4.59156e+07	 	8.83491	 	1.40713	 	
849000	-1.23563	 	618.817	 	0.0111889	 	102.878	 	0.451861	 	4.59636e+07	 	8.83615	 	1.40764	 	
850000	-1.23562	 	618.813	 	0.0107026	 	102.874	 	0.451835	 	4.60185e+07	 	8.83841	 	1.40771	 	
851000	-1.23561	 	618.802	 	0.011128	 	102.867	 	0.45179	 	4.60763e+07	 	8.84203	 	1.40792	 	
852000	-1.23552	 	618.714	 	0.0111969	 	102.804	 	0.451587	 	4.61352e+07	 	8.84655	 	1.4081	 	
853000	-1.2355	 	618.695	 	0.0113633	 	102.786	 	0.451556	 	4.61924e+07	 	8.84366	 	1.40772	 	
854000	-1.23552	 	618.719	 	0.0114385	 	102.794	 	0.451583	 	4.62452e+07	 	8.84309	 	1.40804	 	
855000	-1.23547	 	618.666	 	0.0115968	 	102.754	 	0.451468	 	4.63011e+07	 	8.84346	 	1.40779	 	
856000	-1.23547	 	618.659	 	0.0118364	 	102.741	 	0.451438	 	4.63563e+07	 	8.84284	 	1.40758	 	
857000	-1.23545	 	618.642	 	0.0115175	 	102.724	 	0.451384	 	4.64111e+07	 	8.84372	 	1.40743	 	
858000	-1.23547	 	618.664	 	0.0109693	 	102.737	 	0.451421	 	4.64664e+07	 	8.84369	 	1.40768	 	
859000	-1.23547	 	618.665	 	0.0107205	 	102.735	 	0.451412	 	4.65183e+07	 	8.84407	 	1.40771	 	
860000	-1.23546	 	618.655	 	0.0105144	 	102.729	 	0.451385	 	4.65718e+07	 	8.84585	 	1.40781	 	
861000	-1.23541	 	618.603	 	0.0104678	 	102.68	 	0.451235	 	4.66295e+07	 	8.84788	 	1.40767	 	
862000	-1.23544	 	618.634	 	0.0101267	 	102.704	 	0.451307	 	4.66853e+07	 	8.84687	 	1.40758	 	
863000	-1.23544	 	618.627	 	0.00975389	 	102.697	 	0.45129	 	4.67375e+07	 	8.84649	 	1.40733	 	
864000	-1.23541	 	618.598	 	0.00937125	 	102.679	 	0.451256	 	4.6791e+07	 	8.84426	 	1.40712	 	
865000	-1.23536	 	618.548	 	0.00940546	 	102.635	 	0.451134	 	4.68475e+07	 	8.84426	 	1.40678	 	
866000	-1.2354	 	618.591	 	0.00936626	 	102.68	 	0.451265	 	4.68994e+07	 	8.84341	 	1.40687	 	
867000	-1.23539	 	618.582	 	0.00952857	 	102.676	 	0.451256	 	4.69564e+07	 	8.84312	 	1.40672	 	
868000	-1.23538	 	618.566	 	0.00961937	 	102.669	 	0.451232	 	4.70125e+07	 	8.84377	 	1.40656	 	
869000	-1.23536	 	618.547	 	0.00955631	 	102.645	 	0.451156	 	4.70641e+07	 	8.84532	 	1.40677	 	
870000	-1.23534	 	618.525	 	0.00985642	 	102.638	 	0.451144	 	4.71196e+07	 	8.84379	 	1.40651	 	
871000	-1.23529	 	618.48	 	0.00970398	 	102.603	 	0.45103	 	4.71794e+07	 	8.8466	 	1.40647	 	
872000	-1.23526	 	618.448	 	0.00964589	 	102.568	 	0.450919	 	4.72351e+07	 	8.84864	 	1.40652	 	
873000	-1.23527	 	618.458	 	0.0099981	 	102.575	 	0.450947	 	4.72872e+07	 	8.84739	 	1.40642	 	
874000	-1.2352	 	618.389	 	0.0097868	 	102.525	 	0.450796	 	4.73447e+07	 	8.84914	 	1.40628	 	
875000	-1.23513	 	618.322	 	0.00985999	 	102.481	 	0.450677	 	4.74004e+07	 	8.84894	 	1.40638	 	
876000	-1.23511	 	618.301	 	0.00995382	 	102.456	 	0.450604	 	4.74538e+07	 	8.8492	 	1.40604	 	
877000	-1.23513	 	618.317	 	0.0095797	 	102.475	 	0.450654	 	4.75071e+07	 	8.84963	 	1.40615	 	
878000	-1.23507	 	618.258	 	0.00983846	 	102.424	 	0.450508	 	4.75651e+07	 	8.85055	 	1.40625	 	
879000	-1.23504	 	618.229	 	0.00977416	 	102.398	 	0.450445	 	4.76199e+07	 	8.84892	 	1.40593	 	
880000	-1.23506	 	618.246	 	0.00921063	 	102.414	 	0.450502	 	4.76719e+07	 	8.84715	 	1.40593	 	
881000	-1.23502	 	618.211	 	0.00893949	 	102.376	 	0.450382	 	4.77232e+07	 	8.84938	 	1.4059	 	
882000	-1.23499	 	618.179	 	0.008981	 	102.359	 	0.450332	 	4.77792e+07	 	8.84987	 	1.4059	 	
883000	-1.23501	 	618.203	 	0.00914968	 	102.374	 	0.450362	 	4.78348e+07	 	8.85143	 	1.40603	 	
884000	-1.23496	 	618.154	 	0.00882843	 	102.34	 	0.450253	 	4.7893e+07	 	8.85352	 	1.40605	 	
885000	-1.23495	 	618.141	 	0.00840072	 	102.333	 	0.45022	 	4.79468e+07	 	8.85589	 	1.40639	 	
886000	-1.23494	 	618.132	 	0.0083254	 	102.331	 	0.450203	 	4.80007e+07	 	8.85736	 	1.40656	 	
887000	-1.23496	 	618.154	 	0.00853161	 	102.349	 	0.450261	 	4.80567e+07	 	8.85619	 	1.40667	 	
888000	-1.23496	 	618.148	 	0.00859091	 	102.335	 	0.45021	 	4.81107e+07	 	8.8579	 	1.40649	 	
889000	-1.23497	 	618.162	 	0.00887395	 	102.349	 	0.450237	 	4.81602e+07	 	8.85969	 	1.40695	 	
890000	-1.23499	 	618.183	 	0.00893984	 	102.371	 	0.450312	 	4.82105e+07	 	8.8576	 	1.40716	 	
891000	-1.23502	 	618.213	 	0.00925377	 	102.389	 	0.450362	 	4.82668e+07	 	8.85788	 	1.40707	 	
892000	-1.23501	 	618.208	 	0.00951769	 	102.38	 	0.450338	 	4.83174e+07	 	8.85748	 	1.40684	 	
893000	-1.23496	 	618.151	 	0.00963219	 	102.348	 	0.45025	 	4.8372e+07	 	8.85773	 	1.40685	 	
894000	-1.23496	 	618.151	 	0.00960431	 	102.343	 	0.450239	 	4.84266e+07	 	8.85718	 	1.40678	 	
895000	-1.23498	 	618.171	 	0.00913961	 	102.358	 	0.450278	 	4.84774e+07	 	8.85728	 	1.40704	 	
896000	-1.23493	 	618.124	 	0.00883562	 	102.318	 	0.450163	 	4.85366e+07	 	8.85821	 	1.40681	 	
897000	-1.23498	 	618.174	 	0.00882763	 	102.358	 	0.450278	 	4.85875e+07	 	8.85738	 	1.4071	 	
898000	-1.23499	 	618.181	 	0.00887879	 	102.364	 	0.450299	 	4.86398e+07	 	8.85679	 	1.40702	 	
899000	-1.23507	 	618.268	 	0.00912701	 	102.432	 	0.450482	 	4.86895e+07	 	8.85781	 	1.40781	 	
900000	-1.23504	 	618.241	 	0.00922832	 	102.406	 	0.450405	 	4.87436e+07	 	8.85847	 	1.40769	 	
901000	-1.23508	 	618.282	 	0.00921686	 	102.434	 	0.450484	 	4.87929e+07	 	8.85825	 	1.40776	 	
902000	-1.23507	 	618.266	 	0.00881369	 	102.415	 	0.45042	 	4.88524e+07	 	8.85984	 	1.40788	 	
903000	-1.23502	 	618.223	 	0.00875982	 	102.388	 	0.450339	 	4.89105e+07	 	8.86091	 	1.40783	 	
904000	-1.23497	 	618.172	 	0.00895736	 	102.333	 	0.45017	 	4.89678e+07	 	8.86336	 	1.40764	 	
905000	-1.23487	 	618.074	 	0.0090229	 	102.273	 	0.45	 	4.90295e+07	 	8.86376	 	1.40759	 	
906000	-1.23487	 	618.07	 	0.00926488	 	102.267	 	0.449999	 	4.90835e+07	 	8.8612	 	1.40724	 	
907000	-1.23491	 	618.108	 	0.00983266	 	102.295	 	0.450084	 	4.9135e+07	 	8.86045	 	1.40741	 	
908000	-1.23488	 	618.078	 	0.00994077	 	102.279	 	0.450025	 	4.91942e+07	 	8.86238	 	1.40751	 	
909000	-1.23488	 	618.082	 	0.00971301	 	102.281	 	0.450029	 	4.92473e+07	 	8.86255	 	1.40754	 	
910000	-1.23491	 	618.107	 	0.00925036	 	102.294	 	0.450056	 	4.92936e+07	 	8.8639	 	1.40762	 	
911000	-1.23488	 	618.076	 	0.00921794	 	102.28	 	0.450023	 	4.93495e+07	 	8.86341	 	1.40756	 	
912000	-1.2348	 	617.996	 	0.00910353	 	102.218	 	0.449832	 	4.94078e+07	 	8.86597	 	1.40749	 	
913000	-1.23478	 	617.981	 	0.00869314	 	102.211	 	0.449811	 	4.94616e+07	 	8.8662	 	1.40728	 	
914000	-1.23477	 	617.967	 	0.00820958	 	102.197	 	0.449794	 	4.95186e+07	 	8.86283	 	1.40701	 	
915000	-1.23477	 	617.966	 	0.00778831	 	102.194	 	0.449781	 	4.95737e+07	 	8.86387	 	1.40696	 	
916000	-1.23474	 	617.938	 	0.00755966	 	102.186	 	0.44976	 	4.96292e+07	 	8.86352	 	1.40702	 	
917000	-1.23469	 	617.887	 	0.00760606	 	102.141	 	0.449629	 	4.96863e+07	 	8.86417	 	1.40681	 	
918000	-1.23469	 	617.885	 	0.00729758	 	102.14	 	0.449628	 	4.97382e+07	 	8.86401	 	1.40697	 	
919000	-1.23469	 	617.889	 	0.00703399	 	102.151	 	0.449674	 	4.97917e+07	 	8.86195	 	1.40692	 	
920000	-1.23477	 	617.963	 	0.00696539	 	102.213	 	0.449851	 	4.98384e+07	 	8.86088	 	1.40708	 	
921000	-1.23471	 	617.907	 	0.0068898	 	102.179	 	0.44975	 	4.98934e+07	 	8.86205	 	1.40714	 	
922000	-1.23468	 	617.879	 	0.00678262	 	102.157	 	0.449676	 	4.99539e+07	 	8.86415	 	1.4074	 	
923000	-1.23467	 	617.866	 	0.00640341	 	102.141	 	0.449622	 	5.00121e+07	 	8.86567	 	1.40739	 	
924000	-1.23467	 	617.868	 	0.00615344	 	102.142	 	0.449628	 	5.00676e+07	 	8.8648	 	1.40726	 	
925000	-1.23466	 	617.863	 	0.00652859	 	102.138	 	0.449615	 	5.01269e+07	 	8.86514	 	1.40721	 	
926000	-1.23465	 	617.849	 	0.00627197	 	102.133	 	0.449615	 	5.0184e+07	 	8.8633	 	1.40716	 	
927000	-1.23468	 	617.88	 	0.00628094	 	102.155	 	0.449678	 	5.02352e+07	 	8.86305	 	1.40738	 	
928000	-1.23467	 	617.872	 	0.00678302	 	102.159	 	0.449706	 	5.0288e+07	 	8.86052	 	1.40708	 	
929000	-1.23469	 	617.887	 	0.00714191	 	102.168	 	0.449744	 	5.0338e+07	 	8.85833	 	1.40679	 	
930000	-1.23471	 	617.904	 	0.00713247	 	102.182	 	0.449786	 	5.03896e+07	 	8.85784	 	1.40675	 	
931000	-1.23466	 	617.854	 	0.00721008	 	102.134	 	0.449643	 	5.04469e+07	 	8.85935	 	1.40652	 	
932000	-1.23471	 	617.901	 	0.00773955	 	102.164	 	0.449722	 	5.04939e+07	 	8.86015	 	1.40661	 	
933000	-1.23466	 	617.851	 	0.00801959	 	102.136	 	0.449652	 	5.0554e+07	 	8.85874	 	1.4064	 	
934000	-1.23466	 	617.853	 	0.00749491	 	102.147	 	0.449696	 	5.0606e+07	 	8.85665	 	1.40612	 	
935000	-1.23471	 	617.905	 	0.00719254	 	102.186	 	0.449813	 	5.06579e+07	 	8.85544	 	1.40625	 	
936000	-1.23472	 	617.913	 	0.00716987	 	102.185	 	0.449809	 	5.07112e+07	 	8.85591	 	1.4062	 	
937000	-1.23469	 	617.887	 	0.00700288	 	102.15	 	0.449696	 	5.07685e+07	 	8.85816	 	1.40617	 	
938000	-1.23471	 	617.899	 	0.00707753	 	102.165	 	0.449741	 	5.08194e+07	 	8.85758	 	1.40603	 	
939000	-1.23471	 	617.901	 	0.00704447	 	102.168	 	0.449751	 	5.08737e+07	 	8.85718	 	1.40604	 	
940000	-1.2347	 	617.894	 	0.00714554	 	102.164	 	0.449747	 	5.09247e+07	 	8.85614	 	1.40615	 	
941000	-1.23474	 	617.933	 	0.0077203	 	102.201	 	0.449857	 	5.09751e+07	 	8.85534	 	1.40603	 	
942000	-1.23478	 	617.968	 	0.0082539	 	102.229	 	0.449932	 	5.10277e+07	 	8.85555	 	1.406	 	
943000	-1.23481	 	617.996	 	0.00881359	 	102.254	 	0.450026	 	5.10808e+07	 	8.85213	 	1.40579	 	
944000	-1.23479	 	617.982	 	0.00910538	 	102.242	 	0.449985	 	5.11324e+07	 	8.85329	 	1.40576	 	
945000	-1.23485	 	618.038	 	0.00903666	 	102.295	 	0.450142	 	5.11853e+07	 	8.85178	 	1.40587	 	
946000	-1.23482	 	618.01	 	0.00907829	 	102.278	 	0.450111	 	5.12426e+07	 	8.84924	 	1.40557	 	
947000	-1.23481	 	618	 	0.00907132	 	102.278	 	0.450117	 	5.12975e+07	 	8.84855	 	1.40556	 	
948000	-1.23479	 	617.981	 	0.0088869	 	102.275	 	0.450116	 	5.13533e+07	 	8.84733	 	1.40534	 	
949000	-1.23478	 	617.962	 	0.00897113	 	102.274	 	0.450127	 	5.14071e+07	 	8.84489	 	1.4053	 	
950000	-1.23475	 	617.934	 	0.00921553	 	102.257	 	0.450084	 	5.14629e+07	 	8.84438	 	1.40508	 	
951000	-1.23478	 	617.968	 	0.00884686	 	102.278	 	0.450145	 	5.15184e+07	 	8.84413	 	1.40516	 	
952000	-1.23484	 	618.027	 	0.00884997	 	102.32	 	0.450263	 	5.15681e+07	 	8.84382	 	1.40526	 	
953000	-1.23487	 	618.056	 	0.00915927	 	102.345	 	0.450348	 	5.16217e+07	 	8.84168	 	1.40499	 	
954000	-1.23488	 	618.061	 	0.00889964	 	102.351	 	0.450367	 	5.16753e+07	 	8.84123	 	1.40496	 	
955000	-1.23492	 	618.103	 	0.00835161	 	102.377	 	0.450437	 	5.17247e+07	 	8.84163	 	1.40553	 	
956000	-1.23495	 	618.135	 	0.00791873	 	102.409	 	0.450524	 	5.1776e+07	 	8.84177	 	1.4058	 	
957000	-1.235	 	618.185	 	0.00809394	 	102.439	 	0.450597	 	5.18216e+07	 	8.84322	 	1.406	 	
958000	-1.23499	 	618.181	 	0.00840275	 	102.428	 	0.450576	 	5.18742e+07	 	8.84208	 	1.40596	 	
959000	-1.23504	 	618.228	 	0.00876508	 	102.459	 	0.450658	 	5.19245e+07	 	8.84247	 	1.40607	 	
960000	-1.23507	 	618.257	 	0.0089377	 	102.481	 	0.450715	 	5.19744e+07	 	8.84322	 	1.40621	 	
961000	-1.23505	 	618.243	 	0.00925873	 	102.468	 	0.450672	 	5.20344e+07	 	8.84434	 	1.40636	 	
962000	-1.23499	 	618.181	 	0.00918608	 	102.428	 	0.450553	 	5.2093e+07	 	8.8456	 	1.40631	 	
963000	-1.23502	 	618.213	 	0.00870914	 	102.444	 	0.45061	 	5.21426e+07	 	8.84332	 	1.40614	 	
964000	-1.23503	 	618.219	 	0.0088286	 	102.451	 	0.450631	 	5.21969e+07	 	8.84319	 	1.40627	 	
965000	-1.23504	 	618.23	 	0.00926626	 	102.457	 	0.45066	 	5.225e+07	 	8.84122	 	1.40617	 	
966000	-1.23511	 	618.298	 	0.0091197	 	102.502	 	0.450786	 	5.22988e+07	 	8.84118	 	1.40644	 	
967000	-1.23511	 	618.302	 	0.00904461	 	102.504	 	0.450788	 	5.23551e+07	 	8.84149	 	1.4065	 	
968000	-1.23507	 	618.256	 	0.00918438	 	102.46	 	0.450655	 	5.24091e+07	 	8.84315	 	1.40636	 	
969000	-1.23508	 	618.271	 	0.00944499	 	102.48	 	0.45072	 	5.2462e+07	 	8.84204	 	1.40641	 	
970000	-1.23512	 	618.312	 	0.0094264	 	102.524	 	0.450857	 	5.25127e+07	 	8.83942	 	1.40624	 	
971000	-1.2352	 	618.39	 	0.00944336	 	102.585	 	0.451032	 	5.25627e+07	 	8.83885	 	1.40656	 	
972000	-1.23516	 	618.345	 	0.00920675	 	102.549	 	0.450922	 	5.26233e+07	 	8.84026	 	1.40642	 	
973000	-1.2352	 	618.383	 	0.00882961	 	102.573	 	0.451007	 	5.26749e+07	 	8.83749	 	1.40622	 	
974000	-1.23522	 	618.408	 	0.00913128	 	102.589	 	0.451044	 	5.27299e+07	 	8.83883	 	1.40623	 	
975000	-1.23516	 	618.347	 	0.00933366	 	102.539	 	0.450904	 	5.27871e+07	 	8.83902	 	1.40593	 	
976000	-1.23509	 	618.281	 	0.0092823	 	102.487	 	0.450731	 	5.28482e+07	 	8.84317	 	1.40607	 	
977000	-1.2351	 	618.292	 	0.00948159	 	102.494	 	0.450737	 	5.28963e+07	 	8.84509	 	1.40631	 	
978000	-1.23511	 	618.303	 	0.00985885	 	102.51	 	0.450776	 	5.29505e+07	 	8.84579	 	1.40658	 	
979000	-1.23508	 	618.269	 	0.0101726	 	102.482	 	0.450703	 	5.30074e+07	 	8.84535	 	1.4065	 	
980000	-1.23508	 	618.265	 	0.0102058	 	102.482	 	0.450712	 	5.306e+07	 	8.84396	 	1.40634	 	
981000	-1.235	 	618.195	 	0.0100159	 	102.44	 	0.45059	 	5.31218e+07	 	8.84481	 	1.40623	 	
982000	-1.23496	 	618.15	 	0.0102078	 	102.409	 	0.450498	 	5.3181e+07	 	8.84558	 	1.40636	 	
983000	-1.23501	 	618.207	 	0.0100452	 	102.453	 	0.450612	 	5.32302e+07	 	8.84705	 	1.40688	 	
984000	-1.23499	 	618.185	 	0.0103404	 	102.433	 	0.450549	 	5.32894e+07	 	8.84823	 	1.40668	 	
985000	-1.235	 	618.187	 	0.0106077	 	102.436	 	0.450559	 	5.33442e+07	 	8.84776	 	1.40651	 	
986000	-1.235	 	618.189	 	0.0104733	 	102.432	 	0.450545	 	5.3399e+07	 	8.84822	 	1.40645	 	
987000	-1.23499	 	618.178	 	0.010569	 	102.417	 	0.450482	 	5.34541e+07	 	8.85166	 	1.40665	 	
988000	-1.23495	 	618.14	 	0.0105715	 	102.39	 	0.450404	 	5.35111e+07	 	8.85171	 	1.4066	 	
989000	-1.23493	 	618.12	 	0.0107398	 	102.375	 	0.45037	 	5.35672e+07	 	8.85046	 	1.40641	 	
990000	-1.23496	 	618.154	 	0.0108886	 	102.394	 	0.450423	 	5.36217e+07	 	8.85081	 	1.40627	 	
991000	-1.23495	 	618.138	 	0.0111167	 	102.385	 	0.450415	 	5.36768e+07	 	8.84806	 	1.40613	 	
992000	-1.23497	 	618.162	 	0.0113899	 	102.407	 	0.450472	 	5.37307e+07	 	8.84883	 	1.40632	 	
993000	-1.23492	 	618.107	 	0.0112187	 	102.367	 	0.450351	 	5.3791e+07	 	8.8501	 	1.40626	 	
994000	-1.23491	 	618.102	 	0.0113082	 	102.366	 	0.450369	 	5.38475e+07	 	8.84726	 	1.40611	 	
995000	-1.23491	 	618.104	 	0.0109096	 	102.365	 	0.450366	 	5.39029e+07	 	8.84709	 	1.4059	 	
996000	-1.23496	 	618.147	 	0.0105613	 	102.393	 	0.45046	 	5.39552e+07	 	8.84481	 	1.40574	 	
997000	-1.23496	 	618.146	 	0.0107312	 	102.398	 	0.450485	 	5.40119e+07	 	8.84288	 	1.40566	 	
998000	-1.235	 	618.19	 	0.0107397	 	102.431	 	0.450586	 	5.40632e+07	 	8.84141	 	1.40574	 	
999000	-1.23503	 	618.213	 	0.0109843	 	102.458	 	0.450665	 	5.41146e+07	 	8.84097	 	1.40576	 	
