MCcycles: 1000000	 L = 20	 T = 2.4	 Randomstart = 1
MCcycles 	 E 		 E2 		 M 		 M2 		 Mabs 		 accepted		 X 		 Cv
1	-1.88	 	1413.76	 	0.965	 	372.49	 	0.965	 	0.0475	 	0	 	0	 	
1000	-1.23822	 	621.565	 	0.30165	 	103.861	 	0.45397	 	0.3125	 	8.92737	 	1.43913	 	
2000	-1.22874	 	613.229	 	-0.0404575	 	97.4299	 	0.431407	 	0.28	 	9.57706	 	1.61681	 	
3000	-1.23198	 	615.715	 	-0.171412	 	101.172	 	0.450392	 	0.175	 	8.34627	 	1.49392	 	
4000	-1.23403	 	617.366	 	-0.249684	 	103.696	 	0.459574	 	0.2975	 	8.00524	 	1.42958	 	
5000	-1.25156	 	635.13	 	-0.323093	 	115.521	 	0.491029	 	0.25	 	7.94904	 	1.48705	 	
6000	-1.25732	 	641.055	 	-0.269148	 	120.282	 	0.501734	 	0.215	 	8.16148	 	1.51305	 	
7000	-1.25903	 	642.527	 	-0.262405	 	121.178	 	0.504928	 	0.1475	 	7.99867	 	1.46908	 	
8000	-1.25174	 	635.031	 	-0.203072	 	113.797	 	0.483942	 	0.265	 	8.38227	 	1.44007	 	
9000	-1.24728	 	630.468	 	-0.163281	 	110.123	 	0.472453	 	0.315	 	8.68282	 	1.42127	 	
10000	-1.24999	 	633.173	 	-0.146085	 	112.331	 	0.478334	 	0.2825	 	8.67056	 	1.42155	 	
11000	-1.25182	 	634.919	 	-0.171013	 	113.972	 	0.484145	 	0.2575	 	8.42227	 	1.40553	 	
12000	-1.25412	 	637.471	 	-0.197475	 	116.196	 	0.490135	 	0.22	 	8.37655	 	1.44847	 	
13000	-1.25264	 	635.972	 	-0.165902	 	115.783	 	0.489265	 	0.255	 	8.34601	 	1.44551	 	
14000	-1.2521	 	635.358	 	-0.174957	 	114.995	 	0.48745	 	0.2475	 	8.31316	 	1.43396	 	
15000	-1.25292	 	636.086	 	-0.164424	 	115.426	 	0.488995	 	0.215	 	8.24151	 	1.41738	 	
16000	-1.25117	 	634.212	 	-0.160955	 	114.36	 	0.487324	 	0.285	 	8.06926	 	1.3956	 	
17000	-1.25068	 	633.697	 	-0.17872	 	114.052	 	0.486228	 	0.2225	 	8.11877	 	1.39238	 	
18000	-1.25156	 	634.59	 	-0.197227	 	115.136	 	0.489605	 	0.2625	 	8.02122	 	1.39418	 	
19000	-1.25151	 	634.424	 	-0.21282	 	114.894	 	0.489861	 	0.3075	 	7.87841	 	1.37337	 	
20000	-1.25323	 	636.169	 	-0.22039	 	115.943	 	0.492964	 	0.2675	 	7.80741	 	1.37693	 	
21000	-1.25291	 	635.821	 	-0.223795	 	115.408	 	0.491004	 	0.315	 	7.90594	 	1.37317	 	
22000	-1.25161	 	634.547	 	-0.224836	 	114.875	 	0.489196	 	0.2125	 	7.97903	 	1.37787	 	
23000	-1.25273	 	635.747	 	-0.191677	 	115.806	 	0.491442	 	0.2675	 	7.99984	 	1.39181	 	
24000	-1.25308	 	636.066	 	-0.16086	 	116.363	 	0.493795	 	0.2725	 	7.84553	 	1.38625	 	
25000	-1.25189	 	634.871	 	-0.136105	 	115.776	 	0.492409	 	0.2425	 	7.82881	 	1.38512	 	
26000	-1.25203	 	635.012	 	-0.126234	 	115.728	 	0.492453	 	0.375	 	7.8017	 	1.38589	 	
27000	-1.25046	 	633.45	 	-0.110391	 	114.586	 	0.489173	 	0.33	 	7.86261	 	1.38734	 	
28000	-1.24914	 	632.124	 	-0.0934136	 	113.336	 	0.485372	 	0.36	 	7.95912	 	1.38576	 	
29000	-1.24868	 	631.677	 	-0.0739186	 	113.131	 	0.484919	 	0.29	 	7.94703	 	1.38857	 	
30000	-1.24767	 	630.676	 	-0.0651862	 	112.254	 	0.482548	 	0.3	 	7.96373	 	1.38918	 	
31000	-1.24768	 	630.717	 	-0.0467295	 	112.468	 	0.483364	 	0.2575	 	7.92138	 	1.39427	 	
32000	-1.24668	 	629.686	 	-0.0470805	 	111.406	 	0.480339	 	0.2575	 	7.96502	 	1.38873	 	
33000	-1.24585	 	628.863	 	-0.0578794	 	110.834	 	0.478598	 	0.22	 	8.005	 	1.39084	 	
34000	-1.24454	 	627.533	 	-0.0549349	 	109.785	 	0.475442	 	0.2975	 	8.06953	 	1.38578	 	
35000	-1.24433	 	627.33	 	-0.0524991	 	109.744	 	0.475299	 	0.3375	 	8.07507	 	1.3861	 	
36000	-1.24209	 	625.097	 	-0.0516285	 	108.114	 	0.470571	 	0.44	 	8.14143	 	1.38602	 	
37000	-1.24232	 	625.257	 	-0.0370961	 	108.134	 	0.471098	 	0.1925	 	8.06689	 	1.37347	 	
38000	-1.24213	 	625.072	 	-0.0294049	 	107.983	 	0.470739	 	0.2475	 	8.06054	 	1.37478	 	
39000	-1.24299	 	625.935	 	-0.0349651	 	108.255	 	0.471184	 	0.2925	 	8.1038	 	1.37557	 	
40000	-1.242	 	624.967	 	-0.0257044	 	107.493	 	0.468697	 	0.2875	 	8.17589	 	1.37949	 	
41000	-1.24306	 	626.06	 	-0.0170229	 	108.318	 	0.470878	 	0.1825	 	8.17821	 	1.38493	 	
42000	-1.24465	 	627.677	 	-0.00670881	 	109.45	 	0.473557	 	0.18	 	8.2282	 	1.39131	 	
43000	-1.24434	 	627.383	 	-0.00242337	 	109.312	 	0.473009	 	0.22	 	8.25692	 	1.39384	 	
44000	-1.24478	 	627.795	 	0.00319284	 	109.532	 	0.473695	 	0.295	 	8.24031	 	1.38913	 	
45000	-1.24477	 	627.771	 	0.0103016	 	109.535	 	0.473889	 	0.2675	 	8.21086	 	1.38745	 	
46000	-1.24535	 	628.396	 	0.00100065	 	110.057	 	0.474921	 	0.2375	 	8.26542	 	1.39463	 	
47000	-1.2462	 	629.262	 	-0.0110614	 	110.795	 	0.476871	 	0.3325	 	8.26351	 	1.39854	 	
48000	-1.24562	 	628.65	 	-0.00946406	 	110.378	 	0.475909	 	0.2625	 	8.24273	 	1.39233	 	
49000	-1.24581	 	628.836	 	-0.0182139	 	110.442	 	0.475946	 	0.2275	 	8.26349	 	1.3917	 	
50000	-1.24557	 	628.614	 	-0.0227737	 	110.366	 	0.475504	 	0.185	 	8.30178	 	1.39549	 	
51000	-1.24707	 	630.174	 	-0.0166122	 	111.523	 	0.478332	 	0.2325	 	8.33445	 	1.40675	 	
52000	-1.2488	 	631.975	 	-0.0282507	 	112.622	 	0.481144	 	0.17	 	8.34257	 	1.41845	 	
53000	-1.24828	 	631.431	 	-0.0277183	 	112.324	 	0.480445	 	0.2975	 	8.33049	 	1.41423	 	
54000	-1.24789	 	631.021	 	-0.0346909	 	111.849	 	0.479299	 	0.3675	 	8.31577	 	1.41144	 	
55000	-1.24846	 	631.599	 	-0.0439586	 	112.27	 	0.480528	 	0.295	 	8.29477	 	1.41325	 	
56000	-1.24928	 	632.453	 	-0.0530781	 	112.907	 	0.482057	 	0.3925	 	8.31453	 	1.41929	 	
57000	-1.25009	 	633.297	 	-0.0619579	 	113.56	 	0.483656	 	0.2625	 	8.32934	 	1.42562	 	
58000	-1.2497	 	632.891	 	-0.0618909	 	113.24	 	0.482745	 	0.245	 	8.34292	 	1.4218	 	
59000	-1.24937	 	632.568	 	-0.0612507	 	112.883	 	0.48145	 	0.3025	 	8.40214	 	1.4237	 	
60000	-1.24903	 	632.216	 	-0.0672624	 	112.6	 	0.48069	 	0.3175	 	8.40607	 	1.42119	 	
61000	-1.24868	 	631.848	 	-0.0649899	 	112.429	 	0.480427	 	0.2375	 	8.3769	 	1.41832	 	
62000	-1.24867	 	631.839	 	-0.0569342	 	112.386	 	0.480216	 	0.2975	 	8.39275	 	1.41848	 	
63000	-1.24888	 	632.048	 	-0.0598267	 	112.496	 	0.480448	 	0.1725	 	8.40154	 	1.41865	 	
64000	-1.24914	 	632.317	 	-0.0531355	 	112.751	 	0.481337	 	0.2075	 	8.3652	 	1.42029	 	
65000	-1.24847	 	631.65	 	-0.0519704	 	112.249	 	0.479785	 	0.355	 	8.40494	 	1.41995	 	
66000	-1.24742	 	630.626	 	-0.054604	 	111.701	 	0.478163	 	0.2225	 	8.43547	 	1.42505	 	
67000	-1.24799	 	631.206	 	-0.0618875	 	112.143	 	0.479248	 	0.3075	 	8.4466	 	1.4258	 	
68000	-1.24791	 	631.147	 	-0.0593576	 	112.078	 	0.478894	 	0.2325	 	8.47581	 	1.42909	 	
69000	-1.24739	 	630.616	 	-0.053676	 	111.719	 	0.477822	 	0.28	 	8.49712	 	1.42743	 	
70000	-1.24701	 	630.226	 	-0.0469503	 	111.354	 	0.477012	 	0.3125	 	8.47411	 	1.42545	 	
71000	-1.24626	 	629.48	 	-0.0427284	 	110.789	 	0.475172	 	0.3075	 	8.53069	 	1.42614	 	
72000	-1.24649	 	629.689	 	-0.045263	 	111.046	 	0.47609	 	0.2125	 	8.49228	 	1.42325	 	
73000	-1.24593	 	629.134	 	-0.0420625	 	110.688	 	0.475256	 	0.3575	 	8.47527	 	1.42251	 	
74000	-1.2462	 	629.395	 	-0.0421912	 	110.844	 	0.475796	 	0.36	 	8.45468	 	1.42233	 	
75000	-1.24601	 	629.212	 	-0.0422245	 	110.718	 	0.47552	 	0.2475	 	8.44588	 	1.42211	 	
76000	-1.24591	 	629.123	 	-0.0447716	 	110.573	 	0.475005	 	0.255	 	8.46721	 	1.42527	 	
77000	-1.24532	 	628.533	 	-0.040879	 	110.201	 	0.473825	 	0.23	 	8.49882	 	1.42469	 	
78000	-1.24566	 	628.893	 	-0.0340413	 	110.417	 	0.474333	 	0.285	 	8.50863	 	1.42759	 	
79000	-1.24556	 	628.787	 	-0.0372668	 	110.301	 	0.474051	 	0.3175	 	8.50462	 	1.42691	 	
80000	-1.24506	 	628.297	 	-0.0403249	 	109.853	 	0.472556	 	0.235	 	8.55396	 	1.42836	 	
81000	-1.24489	 	628.147	 	-0.0384052	 	109.745	 	0.472151	 	0.3	 	8.57266	 	1.431	 	
82000	-1.245	 	628.263	 	-0.0437639	 	109.866	 	0.472374	 	0.315	 	8.58781	 	1.4321	 	
83000	-1.24536	 	628.627	 	-0.0365061	 	110.254	 	0.473474	 	0.28	 	8.57614	 	1.43376	 	
84000	-1.24538	 	628.646	 	-0.0338935	 	110.323	 	0.473649	 	0.2875	 	8.57725	 	1.43293	 	
85000	-1.2453	 	628.539	 	-0.0314101	 	110.318	 	0.473829	 	0.2125	 	8.54703	 	1.42848	 	
86000	-1.24504	 	628.279	 	-0.0308117	 	110.142	 	0.473175	 	0.265	 	8.57656	 	1.42835	 	
87000	-1.24537	 	628.603	 	-0.0248133	 	110.372	 	0.473797	 	0.1875	 	8.57437	 	1.42842	 	
88000	-1.24571	 	628.957	 	-0.0186584	 	110.561	 	0.474306	 	0.35	 	8.5727	 	1.43102	 	
89000	-1.24596	 	629.223	 	-0.0202549	 	110.819	 	0.475078	 	0.22	 	8.55812	 	1.4334	 	
90000	-1.2459	 	629.149	 	-0.0191518	 	110.713	 	0.474763	 	0.28	 	8.56394	 	1.43177	 	
91000	-1.24587	 	629.123	 	-0.0168853	 	110.657	 	0.474611	 	0.1425	 	8.56437	 	1.43087	 	
92000	-1.24576	 	629.008	 	-0.014207	 	110.625	 	0.47452	 	0.21	 	8.56574	 	1.43022	 	
93000	-1.24546	 	628.717	 	-0.0176322	 	110.457	 	0.474	 	0.3525	 	8.57761	 	1.43166	 	
94000	-1.24522	 	628.474	 	-0.0175958	 	110.26	 	0.473373	 	0.2975	 	8.59474	 	1.43159	 	
95000	-1.24511	 	628.345	 	-0.0214516	 	110.179	 	0.473213	 	0.2775	 	8.58607	 	1.42793	 	
96000	-1.24549	 	628.736	 	-0.0267733	 	110.429	 	0.473882	 	0.22	 	8.58461	 	1.42944	 	
97000	-1.24514	 	628.38	 	-0.029386	 	110.162	 	0.473125	 	0.2625	 	8.59279	 	1.42835	 	
98000	-1.24513	 	628.386	 	-0.0305228	 	110.159	 	0.473052	 	0.295	 	8.60317	 	1.43221	 	
99000	-1.24416	 	627.421	 	-0.0305586	 	109.407	 	0.47074	 	0.3425	 	8.6535	 	1.43208	 	
100000	-1.24376	 	627.012	 	-0.031171	 	109.062	 	0.469843	 	0.31	 	8.65024	 	1.42955	 	
101000	-1.24349	 	626.724	 	-0.0295911	 	108.932	 	0.469595	 	0.3025	 	8.63499	 	1.42748	 	
102000	-1.24338	 	626.61	 	-0.0330969	 	108.801	 	0.469192	 	0.2	 	8.64374	 	1.425	 	
103000	-1.2432	 	626.42	 	-0.0315191	 	108.684	 	0.468971	 	0.35	 	8.62924	 	1.42315	 	
104000	-1.24272	 	625.942	 	-0.0328182	 	108.391	 	0.468185	 	0.3275	 	8.62999	 	1.42434	 	
105000	-1.24292	 	626.134	 	-0.0340249	 	108.504	 	0.46861	 	0.1625	 	8.61073	 	1.42262	 	
106000	-1.24292	 	626.139	 	-0.0333785	 	108.363	 	0.468037	 	0.26	 	8.64155	 	1.42418	 	
107000	-1.24269	 	625.889	 	-0.0294563	 	108.188	 	0.467561	 	0.3025	 	8.64265	 	1.42056	 	
108000	-1.24228	 	625.484	 	-0.0284106	 	107.86	 	0.466571	 	0.255	 	8.66023	 	1.42049	 	
109000	-1.24188	 	625.079	 	-0.0249174	 	107.588	 	0.465846	 	0.295	 	8.65941	 	1.41896	 	
110000	-1.24124	 	624.44	 	-0.0243291	 	107.143	 	0.464485	 	0.3525	 	8.68522	 	1.41761	 	
111000	-1.24135	 	624.549	 	-0.0256015	 	107.269	 	0.464842	 	0.18	 	8.68238	 	1.41777	 	
112000	-1.24117	 	624.366	 	-0.0234962	 	107.165	 	0.464659	 	0.365	 	8.66741	 	1.41742	 	
113000	-1.24068	 	623.89	 	-0.0255654	 	106.86	 	0.463706	 	0.1125	 	8.68769	 	1.41902	 	
114000	-1.2407	 	623.912	 	-0.0288896	 	106.92	 	0.463914	 	0.2775	 	8.68054	 	1.42	 	
115000	-1.24031	 	623.521	 	-0.0260495	 	106.674	 	0.463381	 	0.2975	 	8.66037	 	1.41872	 	
116000	-1.24043	 	623.633	 	-0.0297704	 	106.712	 	0.46349	 	0.2025	 	8.65942	 	1.41789	 	
117000	-1.24014	 	623.349	 	-0.0328219	 	106.553	 	0.463109	 	0.4675	 	8.65225	 	1.41852	 	
118000	-1.24012	 	623.326	 	-0.0311471	 	106.53	 	0.463031	 	0.255	 	8.65433	 	1.41857	 	
119000	-1.24027	 	623.491	 	-0.0310155	 	106.595	 	0.463163	 	0.2025	 	8.66116	 	1.42062	 	
120000	-1.24062	 	623.853	 	-0.0296108	 	106.921	 	0.464028	 	0.1975	 	8.66344	 	1.4235	 	
121000	-1.24042	 	623.645	 	-0.0265587	 	106.717	 	0.463455	 	0.1825	 	8.66704	 	1.42087	 	
122000	-1.24057	 	623.796	 	-0.0260376	 	106.847	 	0.463792	 	0.2575	 	8.66892	 	1.42165	 	
123000	-1.24102	 	624.255	 	-0.0237834	 	107.203	 	0.464802	 	0.265	 	8.66118	 	1.42434	 	
124000	-1.24057	 	623.803	 	-0.0241981	 	106.812	 	0.463651	 	0.2025	 	8.67616	 	1.42245	 	
125000	-1.24042	 	623.645	 	-0.0245368	 	106.663	 	0.463322	 	0.2025	 	8.66496	 	1.42147	 	
126000	-1.24029	 	623.511	 	-0.022531	 	106.576	 	0.463012	 	0.275	 	8.67653	 	1.42047	 	
127000	-1.24031	 	623.527	 	-0.0253672	 	106.476	 	0.462731	 	0.3175	 	8.67841	 	1.42012	 	
128000	-1.24	 	623.221	 	-0.0268076	 	106.234	 	0.462112	 	0.21	 	8.67294	 	1.41953	 	
129000	-1.23979	 	623.001	 	-0.0266593	 	106.02	 	0.46143	 	0.295	 	8.68875	 	1.41829	 	
130000	-1.23968	 	622.905	 	-0.024595	 	105.902	 	0.460892	 	0.295	 	8.72234	 	1.4202	 	
131000	-1.23978	 	622.998	 	-0.0259202	 	105.968	 	0.461016	 	0.2575	 	8.73089	 	1.42008	 	
132000	-1.23968	 	622.909	 	-0.0273745	 	105.925	 	0.460881	 	0.3225	 	8.73371	 	1.42145	 	
133000	-1.23966	 	622.889	 	-0.0309332	 	106.047	 	0.461245	 	0.25	 	8.72846	 	1.42146	 	
134000	-1.24009	 	623.311	 	-0.034865	 	106.316	 	0.461993	 	0.2	 	8.72552	 	1.42114	 	
135000	-1.23995	 	623.178	 	-0.0332391	 	106.208	 	0.461642	 	0.2775	 	8.73423	 	1.42112	 	
136000	-1.24001	 	623.228	 	-0.0293708	 	106.282	 	0.461913	 	0.1325	 	8.72362	 	1.41903	 	
137000	-1.23983	 	623.051	 	-0.0265491	 	106.144	 	0.461476	 	0.28	 	8.73348	 	1.42017	 	
138000	-1.23977	 	622.995	 	-0.0252676	 	106.074	 	0.461267	 	0.2775	 	8.73605	 	1.42043	 	
139000	-1.23952	 	622.735	 	-0.0234724	 	105.88	 	0.460769	 	0.3575	 	8.73207	 	1.4183	 	
140000	-1.23983	 	623.049	 	-0.0205677	 	106.145	 	0.461489	 	0.405	 	8.73173	 	1.42031	 	
141000	-1.23972	 	622.937	 	-0.0182484	 	106.118	 	0.461509	 	0.285	 	8.71741	 	1.41893	 	
142000	-1.23978	 	622.996	 	-0.0178948	 	106.214	 	0.461848	 	0.285	 	8.70535	 	1.41864	 	
143000	-1.2396	 	622.798	 	-0.0150199	 	106.064	 	0.461532	 	0.3225	 	8.69133	 	1.41659	 	
144000	-1.23922	 	622.425	 	-0.0163995	 	105.728	 	0.460543	 	0.355	 	8.70326	 	1.41592	 	
145000	-1.23902	 	622.224	 	-0.014727	 	105.57	 	0.460046	 	0.2725	 	8.71391	 	1.41548	 	
146000	-1.23904	 	622.239	 	-0.0173006	 	105.598	 	0.460093	 	0.28	 	8.71834	 	1.41521	 	
147000	-1.23904	 	622.237	 	-0.0199577	 	105.636	 	0.460255	 	0.2525	 	8.70935	 	1.41439	 	
148000	-1.23928	 	622.47	 	-0.0233233	 	105.766	 	0.460647	 	0.2375	 	8.70325	 	1.41465	 	
149000	-1.23883	 	622.016	 	-0.0230092	 	105.365	 	0.45948	 	0.3	 	8.71491	 	1.41243	 	
150000	-1.23863	 	621.819	 	-0.0231324	 	105.285	 	0.459208	 	0.31	 	8.7234	 	1.41299	 	
151000	-1.23882	 	622.017	 	-0.023059	 	105.491	 	0.459806	 	0.31	 	8.71751	 	1.41517	 	
152000	-1.2392	 	622.404	 	-0.0247709	 	105.721	 	0.460473	 	0.2575	 	8.71114	 	1.41706	 	
153000	-1.23917	 	622.362	 	-0.0271065	 	105.661	 	0.460336	 	0.335	 	8.70706	 	1.41496	 	
154000	-1.2393	 	622.493	 	-0.023597	 	105.769	 	0.460687	 	0.205	 	8.69819	 	1.41524	 	
155000	-1.23946	 	622.657	 	-0.0251183	 	105.917	 	0.461051	 	0.27	 	8.70394	 	1.41498	 	
156000	-1.23938	 	622.575	 	-0.0275282	 	105.917	 	0.461109	 	0.255	 	8.69535	 	1.41541	 	
157000	-1.2394	 	622.607	 	-0.0282734	 	105.902	 	0.460945	 	0.2025	 	8.71415	 	1.41709	 	
158000	-1.23954	 	622.75	 	-0.0279256	 	106.007	 	0.461185	 	0.2325	 	8.7211	 	1.41795	 	
159000	-1.23965	 	622.86	 	-0.029846	 	106.015	 	0.461205	 	0.3275	 	8.72109	 	1.41736	 	
160000	-1.23939	 	622.604	 	-0.0290195	 	105.848	 	0.460644	 	0.16	 	8.73789	 	1.41834	 	
161000	-1.23945	 	622.66	 	-0.0268743	 	105.874	 	0.460746	 	0.3325	 	8.73322	 	1.418	 	
162000	-1.23936	 	622.564	 	-0.0278995	 	105.785	 	0.46057	 	0.29	 	8.72308	 	1.41674	 	
163000	-1.2397	 	622.912	 	-0.0311063	 	106.015	 	0.46117	 	0.215	 	8.72682	 	1.41751	 	
164000	-1.23986	 	623.065	 	-0.0341898	 	106.163	 	0.461637	 	0.1825	 	8.71652	 	1.41787	 	
165000	-1.23966	 	622.86	 	-0.0332263	 	105.96	 	0.461008	 	0.3075	 	8.72849	 	1.41653	 	
166000	-1.23956	 	622.758	 	-0.0333541	 	105.835	 	0.4607	 	0.325	 	8.72398	 	1.41509	 	
167000	-1.23946	 	622.649	 	-0.0335757	 	105.741	 	0.460357	 	0.2925	 	8.73736	 	1.41416	 	
168000	-1.23976	 	622.946	 	-0.0360679	 	105.99	 	0.461056	 	0.2575	 	8.73368	 	1.41459	 	
169000	-1.23986	 	623.06	 	-0.0355204	 	106.127	 	0.461421	 	0.1925	 	8.73483	 	1.41588	 	
170000	-1.24001	 	623.211	 	-0.0354594	 	106.211	 	0.461648	 	0.2625	 	8.73478	 	1.41703	 	
171000	-1.24007	 	623.275	 	-0.0360437	 	106.242	 	0.461681	 	0.2175	 	8.74249	 	1.41737	 	
172000	-1.24019	 	623.384	 	-0.0384901	 	106.322	 	0.462013	 	0.2325	 	8.72499	 	1.41634	 	
173000	-1.24036	 	623.554	 	-0.0378138	 	106.504	 	0.462568	 	0.2025	 	8.71516	 	1.41645	 	
174000	-1.24049	 	623.675	 	-0.0349272	 	106.577	 	0.462754	 	0.2525	 	8.71702	 	1.41535	 	
175000	-1.24033	 	623.522	 	-0.0329907	 	106.457	 	0.462445	 	0.2625	 	8.7144	 	1.4153	 	
176000	-1.24035	 	623.545	 	-0.0354747	 	106.478	 	0.462513	 	0.2425	 	8.71298	 	1.41569	 	
177000	-1.24045	 	623.637	 	-0.0382789	 	106.596	 	0.462904	 	0.23	 	8.70153	 	1.41508	 	
178000	-1.24061	 	623.789	 	-0.0406316	 	106.693	 	0.463207	 	0.1225	 	8.69522	 	1.41416	 	
179000	-1.24103	 	624.227	 	-0.0439086	 	107.036	 	0.464123	 	0.275	 	8.6968	 	1.41736	 	
180000	-1.24114	 	624.339	 	-0.0463315	 	107.131	 	0.464416	 	0.2075	 	8.69069	 	1.41747	 	
181000	-1.24126	 	624.455	 	-0.0433323	 	107.188	 	0.464626	 	0.2875	 	8.68203	 	1.41661	 	
182000	-1.24114	 	624.335	 	-0.0445186	 	106.993	 	0.463927	 	0.2825	 	8.70916	 	1.41769	 	
183000	-1.24091	 	624.103	 	-0.0437721	 	106.779	 	0.463347	 	0.2525	 	8.70942	 	1.41591	 	
184000	-1.24099	 	624.176	 	-0.0413592	 	106.862	 	0.463573	 	0.1825	 	8.7092	 	1.41592	 	
185000	-1.24068	 	623.862	 	-0.0416564	 	106.563	 	0.462671	 	0.2675	 	8.72402	 	1.41504	 	
186000	-1.24034	 	623.522	 	-0.0425115	 	106.225	 	0.461618	 	0.31	 	8.74513	 	1.41402	 	
187000	-1.24011	 	623.287	 	-0.0436778	 	106.041	 	0.461153	 	0.425	 	8.73991	 	1.41258	 	
188000	-1.24024	 	623.431	 	-0.0461274	 	106.191	 	0.461529	 	0.205	 	8.74494	 	1.41495	 	
189000	-1.24029	 	623.493	 	-0.0474359	 	106.271	 	0.461634	 	0.2775	 	8.76195	 	1.41699	 	
190000	-1.24044	 	623.643	 	-0.0480081	 	106.373	 	0.46189	 	0.2175	 	8.76508	 	1.41696	 	
191000	-1.24085	 	624.051	 	-0.0444739	 	106.675	 	0.462755	 	0.2275	 	8.75738	 	1.41806	 	
192000	-1.24085	 	624.044	 	-0.0428152	 	106.665	 	0.462756	 	0.2375	 	8.75319	 	1.41735	 	
193000	-1.24092	 	624.112	 	-0.044477	 	106.753	 	0.463028	 	0.2125	 	8.74803	 	1.41724	 	
194000	-1.24139	 	624.592	 	-0.0476121	 	107.117	 	0.464005	 	0.1975	 	8.74875	 	1.41922	 	
195000	-1.24152	 	624.719	 	-0.0496263	 	107.223	 	0.464302	 	0.2125	 	8.74696	 	1.41897	 	
196000	-1.24149	 	624.687	 	-0.0500822	 	107.17	 	0.464229	 	0.2925	 	8.7361	 	1.4178	 	
197000	-1.24134	 	624.534	 	-0.0498814	 	107.017	 	0.463798	 	0.2575	 	8.73912	 	1.41699	 	
198000	-1.24154	 	624.735	 	-0.0469004	 	107.158	 	0.464198	 	0.2525	 	8.73606	 	1.41778	 	
199000	-1.24128	 	624.49	 	-0.0480386	 	106.996	 	0.463648	 	0.2375	 	8.75333	 	1.41955	 	
200000	-1.24134	 	624.549	 	-0.049405	 	107.071	 	0.463838	 	0.315	 	8.75551	 	1.42001	 	
201000	-1.24126	 	624.469	 	-0.0485518	 	107.031	 	0.463747	 	0.2175	 	8.75279	 	1.42001	 	
202000	-1.24137	 	624.576	 	-0.0499665	 	107.093	 	0.463881	 	0.3425	 	8.75804	 	1.42011	 	
203000	-1.24118	 	624.385	 	-0.0487232	 	106.934	 	0.463473	 	0.195	 	8.7546	 	1.41984	 	
204000	-1.24132	 	624.527	 	-0.0506198	 	107.009	 	0.463703	 	0.3625	 	8.75024	 	1.41995	 	
205000	-1.24138	 	624.594	 	-0.0503073	 	106.995	 	0.463612	 	0.19	 	8.75875	 	1.42045	 	
206000	-1.24147	 	624.677	 	-0.0497571	 	107.024	 	0.463696	 	0.33	 	8.75775	 	1.42017	 	
207000	-1.24127	 	624.476	 	-0.0488773	 	106.872	 	0.463313	 	0.315	 	8.75365	 	1.41927	 	
208000	-1.24111	 	624.317	 	-0.0490778	 	106.72	 	0.462823	 	0.2475	 	8.76571	 	1.41895	 	
209000	-1.24106	 	624.267	 	-0.050231	 	106.652	 	0.462663	 	0.2675	 	8.76199	 	1.41858	 	
210000	-1.24101	 	624.208	 	-0.0482401	 	106.549	 	0.46235	 	0.27	 	8.76751	 	1.41744	 	
211000	-1.24086	 	624.055	 	-0.0472595	 	106.423	 	0.462009	 	0.3225	 	8.76754	 	1.41779	 	
212000	-1.24112	 	624.337	 	-0.0447913	 	106.607	 	0.462437	 	0.3525	 	8.77825	 	1.42173	 	
213000	-1.24118	 	624.409	 	-0.0427988	 	106.651	 	0.462528	 	0.18	 	8.78239	 	1.42326	 	
214000	-1.24116	 	624.383	 	-0.0417629	 	106.632	 	0.462498	 	0.395	 	8.77915	 	1.4224	 	
215000	-1.2411	 	624.325	 	-0.0405259	 	106.569	 	0.462271	 	0.325	 	8.78823	 	1.42263	 	
216000	-1.24093	 	624.156	 	-0.0394071	 	106.461	 	0.46193	 	0.305	 	8.79557	 	1.42315	 	
217000	-1.24101	 	624.244	 	-0.038118	 	106.51	 	0.462084	 	0.2825	 	8.79234	 	1.4237	 	
218000	-1.24114	 	624.365	 	-0.0370058	 	106.588	 	0.462326	 	0.2275	 	8.78741	 	1.42318	 	
219000	-1.24127	 	624.498	 	-0.0356453	 	106.661	 	0.462488	 	0.255	 	8.79297	 	1.42322	 	
220000	-1.24137	 	624.61	 	-0.0375456	 	106.707	 	0.462563	 	0.3575	 	8.80041	 	1.4252	 	
221000	-1.24132	 	624.564	 	-0.0369902	 	106.68	 	0.462487	 	0.1925	 	8.80089	 	1.42584	 	
222000	-1.24137	 	624.613	 	-0.0382829	 	106.706	 	0.462543	 	0.2875	 	8.80296	 	1.42648	 	
223000	-1.24147	 	624.713	 	-0.0404448	 	106.79	 	0.462821	 	0.215	 	8.79543	 	1.42552	 	
224000	-1.24126	 	624.505	 	-0.0417346	 	106.664	 	0.46245	 	0.19	 	8.80017	 	1.42572	 	
225000	-1.24129	 	624.535	 	-0.0433864	 	106.685	 	0.462452	 	0.3775	 	8.8083	 	1.42569	 	
226000	-1.24112	 	624.352	 	-0.0431802	 	106.538	 	0.462032	 	0.3075	 	8.81205	 	1.4245	 	
227000	-1.24107	 	624.306	 	-0.0426277	 	106.49	 	0.46191	 	0.245	 	8.81081	 	1.42377	 	
228000	-1.24119	 	624.424	 	-0.0429397	 	106.56	 	0.462102	 	0.2125	 	8.81023	 	1.42403	 	
229000	-1.24115	 	624.379	 	-0.0446914	 	106.508	 	0.462045	 	0.3	 	8.79733	 	1.42346	 	
230000	-1.24099	 	624.222	 	-0.0458717	 	106.405	 	0.461753	 	0.225	 	8.79954	 	1.42309	 	
231000	-1.24087	 	624.104	 	-0.0452508	 	106.287	 	0.461359	 	0.3075	 	8.81079	 	1.42348	 	
232000	-1.24108	 	624.314	 	-0.047462	 	106.45	 	0.461809	 	0.1875	 	8.8097	 	1.42405	 	
233000	-1.24106	 	624.296	 	-0.0490748	 	106.459	 	0.461881	 	0.215	 	8.80203	 	1.42356	 	
234000	-1.24098	 	624.213	 	-0.0475952	 	106.39	 	0.461626	 	0.3075	 	8.81254	 	1.42342	 	
235000	-1.24099	 	624.219	 	-0.0472096	 	106.383	 	0.461577	 	0.2375	 	8.81745	 	1.42384	 	
236000	-1.2409	 	624.142	 	-0.0478272	 	106.279	 	0.461204	 	0.175	 	8.83144	 	1.42511	 	
237000	-1.2408	 	624.043	 	-0.0477954	 	106.191	 	0.460956	 	0.215	 	8.83284	 	1.42438	 	
238000	-1.24081	 	624.049	 	-0.0493864	 	106.205	 	0.461011	 	0.23	 	8.83002	 	1.42424	 	
239000	-1.24079	 	624.033	 	-0.0476295	 	106.192	 	0.460981	 	0.2625	 	8.82941	 	1.42457	 	
240000	-1.24065	 	623.889	 	-0.0467851	 	106.11	 	0.460754	 	0.26	 	8.82997	 	1.4246	 	
241000	-1.24056	 	623.798	 	-0.0482655	 	106.054	 	0.460641	 	0.375	 	8.82402	 	1.42395	 	
242000	-1.24063	 	623.867	 	-0.0479201	 	106.107	 	0.460808	 	0.31	 	8.82065	 	1.42388	 	
243000	-1.24076	 	623.998	 	-0.0456041	 	106.218	 	0.461125	 	0.2575	 	8.81795	 	1.4243	 	
244000	-1.24073	 	623.976	 	-0.0448796	 	106.181	 	0.460968	 	0.255	 	8.82694	 	1.42504	 	
245000	-1.24059	 	623.835	 	-0.0435603	 	106.052	 	0.460632	 	0.33	 	8.82489	 	1.42433	 	
246000	-1.24073	 	623.972	 	-0.0453398	 	106.124	 	0.460779	 	0.1525	 	8.83203	 	1.42497	 	
247000	-1.24081	 	624.05	 	-0.0468985	 	106.215	 	0.461068	 	0.34	 	8.8256	 	1.42515	 	
248000	-1.24079	 	624.032	 	-0.0485525	 	106.231	 	0.461139	 	0.165	 	8.82158	 	1.42482	 	
249000	-1.24067	 	623.91	 	-0.0489965	 	106.112	 	0.460784	 	0.3025	 	8.82655	 	1.42492	 	
250000	-1.24047	 	623.718	 	-0.047912	 	105.954	 	0.46028	 	0.2075	 	8.83801	 	1.42497	 	
251000	-1.24046	 	623.703	 	-0.0467736	 	105.913	 	0.460147	 	0.33	 	8.84132	 	1.42538	 	
252000	-1.24027	 	623.521	 	-0.0466484	 	105.774	 	0.459715	 	0.295	 	8.84947	 	1.42587	 	
253000	-1.23999	 	623.239	 	-0.0470891	 	105.545	 	0.459027	 	0.235	 	8.85954	 	1.42512	 	
254000	-1.23986	 	623.118	 	-0.0477561	 	105.484	 	0.458855	 	0.1975	 	8.86036	 	1.42601	 	
255000	-1.23985	 	623.106	 	-0.0470013	 	105.504	 	0.458925	 	0.2725	 	8.85785	 	1.42612	 	
256000	-1.23979	 	623.045	 	-0.0478862	 	105.445	 	0.458737	 	0.3225	 	8.86225	 	1.42593	 	
257000	-1.24003	 	623.284	 	-0.0500355	 	105.638	 	0.459289	 	0.2675	 	8.85815	 	1.42635	 	
258000	-1.23983	 	623.084	 	-0.0498227	 	105.481	 	0.458834	 	0.165	 	8.86243	 	1.42594	 	
259000	-1.23986	 	623.114	 	-0.0486993	 	105.516	 	0.458952	 	0.3975	 	8.85873	 	1.42501	 	
260000	-1.23959	 	622.841	 	-0.0488235	 	105.323	 	0.458288	 	0.1425	 	8.87987	 	1.42564	 	
261000	-1.23967	 	622.925	 	-0.0468987	 	105.364	 	0.458417	 	0.39	 	8.87741	 	1.4256	 	
262000	-1.23959	 	622.848	 	-0.0472438	 	105.299	 	0.458183	 	0.39	 	8.88608	 	1.42595	 	
263000	-1.23944	 	622.694	 	-0.0466567	 	105.19	 	0.457834	 	0.1975	 	8.89378	 	1.42565	 	
264000	-1.23952	 	622.778	 	-0.0451939	 	105.272	 	0.458077	 	0.1925	 	8.89089	 	1.42583	 	
265000	-1.23945	 	622.717	 	-0.0434628	 	105.276	 	0.458039	 	0.2225	 	8.8983	 	1.42671	 	
266000	-1.23942	 	622.677	 	-0.0445435	 	105.304	 	0.458202	 	0.2775	 	8.88503	 	1.42527	 	
267000	-1.23941	 	622.66	 	-0.0457696	 	105.268	 	0.458108	 	0.2375	 	8.88462	 	1.42435	 	
268000	-1.23947	 	622.714	 	-0.0458476	 	105.306	 	0.458218	 	0.225	 	8.88349	 	1.42379	 	
269000	-1.23942	 	622.66	 	-0.0471791	 	105.262	 	0.45808	 	0.2125	 	8.88634	 	1.42277	 	
270000	-1.23925	 	622.492	 	-0.0479637	 	105.129	 	0.457667	 	0.3575	 	8.89388	 	1.4224	 	
271000	-1.23905	 	622.292	 	-0.0468845	 	105.015	 	0.457333	 	0.2725	 	8.89742	 	1.4226	 	
272000	-1.23907	 	622.309	 	-0.0468931	 	104.99	 	0.457237	 	0.2125	 	8.90149	 	1.42261	 	
273000	-1.23902	 	622.26	 	-0.0465156	 	104.963	 	0.457166	 	0.2525	 	8.90098	 	1.42278	 	
274000	-1.23892	 	622.164	 	-0.0461213	 	104.902	 	0.457021	 	0.2925	 	8.89778	 	1.42305	 	
275000	-1.23899	 	622.237	 	-0.0461127	 	104.943	 	0.457144	 	0.2325	 	8.89614	 	1.42387	 	
276000	-1.23892	 	622.167	 	-0.0471747	 	104.903	 	0.45705	 	0.2325	 	8.89387	 	1.42307	 	
277000	-1.23908	 	622.334	 	-0.0489517	 	105.024	 	0.457383	 	0.2775	 	8.89347	 	1.42392	 	
278000	-1.2392	 	622.452	 	-0.0479073	 	105.092	 	0.457571	 	0.3275	 	8.89329	 	1.4244	 	
279000	-1.23917	 	622.419	 	-0.0489302	 	105.096	 	0.457559	 	0.2725	 	8.8966	 	1.42468	 	
280000	-1.23907	 	622.317	 	-0.0490845	 	105.015	 	0.45735	 	0.2575	 	8.89474	 	1.42412	 	
281000	-1.23891	 	622.162	 	-0.0497894	 	104.931	 	0.457125	 	0.1875	 	8.89412	 	1.42433	 	
282000	-1.23871	 	621.954	 	-0.0502119	 	104.723	 	0.456507	 	0.3725	 	8.90133	 	1.42316	 	
283000	-1.23857	 	621.821	 	-0.0493184	 	104.638	 	0.456328	 	0.2325	 	8.89345	 	1.42281	 	
284000	-1.23863	 	621.881	 	-0.0488289	 	104.683	 	0.456445	 	0.25	 	8.89402	 	1.42354	 	
285000	-1.23844	 	621.684	 	-0.0481238	 	104.46	 	0.45574	 	0.3075	 	8.90849	 	1.42245	 	
286000	-1.23847	 	621.714	 	-0.0471511	 	104.508	 	0.455899	 	0.2475	 	8.90424	 	1.42255	 	
287000	-1.23841	 	621.659	 	-0.0460349	 	104.448	 	0.455682	 	0.3375	 	8.91213	 	1.42236	 	
288000	-1.23832	 	621.571	 	-0.0448252	 	104.397	 	0.455548	 	0.27	 	8.91125	 	1.42296	 	
289000	-1.23838	 	621.627	 	-0.0457343	 	104.444	 	0.455699	 	0.32	 	8.90817	 	1.42321	 	
290000	-1.23819	 	621.439	 	-0.0452122	 	104.29	 	0.455206	 	0.305	 	8.91878	 	1.42279	 	
291000	-1.23817	 	621.424	 	-0.0438668	 	104.224	 	0.454945	 	0.2575	 	8.93076	 	1.42277	 	
292000	-1.238	 	621.251	 	-0.0433992	 	104.073	 	0.454473	 	0.2825	 	8.93963	 	1.42258	 	
293000	-1.23798	 	621.223	 	-0.0420652	 	104.038	 	0.45444	 	0.3425	 	8.9301	 	1.42131	 	
294000	-1.23776	 	621.007	 	-0.0424459	 	103.851	 	0.453862	 	0.345	 	8.93957	 	1.4214	 	
295000	-1.23777	 	621.016	 	-0.0431423	 	103.867	 	0.453909	 	0.18	 	8.93896	 	1.42153	 	
296000	-1.2378	 	621.045	 	-0.0436611	 	103.899	 	0.453995	 	0.24	 	8.93929	 	1.42182	 	
297000	-1.23784	 	621.09	 	-0.0441321	 	103.94	 	0.454145	 	0.275	 	8.93358	 	1.42164	 	
298000	-1.23786	 	621.106	 	-0.043491	 	103.921	 	0.454107	 	0.2375	 	8.93149	 	1.42121	 	
299000	-1.23782	 	621.066	 	-0.0444861	 	103.901	 	0.454032	 	0.2325	 	8.9343	 	1.421	 	
300000	-1.23773	 	620.973	 	-0.0444613	 	103.843	 	0.453882	 	0.265	 	8.9333	 	1.42114	 	
301000	-1.23789	 	621.135	 	-0.0446135	 	103.95	 	0.454179	 	0.245	 	8.93289	 	1.42159	 	
302000	-1.23796	 	621.209	 	-0.0459583	 	104.003	 	0.454309	 	0.315	 	8.93504	 	1.42218	 	
303000	-1.2379	 	621.142	 	-0.0448253	 	103.956	 	0.454194	 	0.315	 	8.93312	 	1.42166	 	
304000	-1.23778	 	621.027	 	-0.0441857	 	103.878	 	0.453969	 	0.2325	 	8.9345	 	1.42166	 	
305000	-1.23797	 	621.225	 	-0.042282	 	104.009	 	0.454302	 	0.35	 	8.93877	 	1.42287	 	
306000	-1.23802	 	621.271	 	-0.0431565	 	104.031	 	0.454364	 	0.3575	 	8.93849	 	1.42334	 	
307000	-1.23799	 	621.246	 	-0.0416547	 	103.996	 	0.454261	 	0.3125	 	8.93945	 	1.42382	 	
308000	-1.23788	 	621.135	 	-0.0415746	 	103.921	 	0.454051	 	0.1825	 	8.93998	 	1.42365	 	
309000	-1.23794	 	621.198	 	-0.0427292	 	103.958	 	0.45414	 	0.255	 	8.94213	 	1.42359	 	
310000	-1.23782	 	621.075	 	-0.0437802	 	103.876	 	0.453943	 	0.335	 	8.93759	 	1.42318	 	
311000	-1.23789	 	621.144	 	-0.0429792	 	103.912	 	0.454052	 	0.335	 	8.9362	 	1.42289	 	
312000	-1.23781	 	621.068	 	-0.0429819	 	103.848	 	0.453899	 	0.2875	 	8.93279	 	1.42261	 	
313000	-1.23799	 	621.244	 	-0.0422479	 	103.99	 	0.45432	 	0.2825	 	8.92815	 	1.42314	 	
314000	-1.23783	 	621.084	 	-0.0412761	 	103.864	 	0.453959	 	0.2725	 	8.9302	 	1.42264	 	
315000	-1.2378	 	621.049	 	-0.0422774	 	103.826	 	0.453863	 	0.2	 	8.92895	 	1.42233	 	
316000	-1.23777	 	621.02	 	-0.0426831	 	103.772	 	0.453673	 	0.32	 	8.93497	 	1.42236	 	
317000	-1.23767	 	620.914	 	-0.0433183	 	103.716	 	0.453583	 	0.26	 	8.92552	 	1.42157	 	
318000	-1.23778	 	621.022	 	-0.0448772	 	103.823	 	0.453898	 	0.2475	 	8.92256	 	1.42134	 	
319000	-1.23782	 	621.065	 	-0.0450785	 	103.879	 	0.454113	 	0.315	 	8.91309	 	1.42096	 	
320000	-1.23781	 	621.048	 	-0.0436433	 	103.862	 	0.45406	 	0.2725	 	8.91386	 	1.42018	 	
321000	-1.23786	 	621.103	 	-0.0448795	 	103.89	 	0.454165	 	0.225	 	8.90978	 	1.42058	 	
322000	-1.23771	 	620.953	 	-0.0453288	 	103.737	 	0.45368	 	0.325	 	8.91938	 	1.42028	 	
323000	-1.23762	 	620.859	 	-0.0460697	 	103.646	 	0.453438	 	0.2775	 	8.91813	 	1.41922	 	
324000	-1.23751	 	620.742	 	-0.0465205	 	103.579	 	0.453281	 	0.28	 	8.91404	 	1.4185	 	
325000	-1.2376	 	620.827	 	-0.0451681	 	103.679	 	0.453587	 	0.1825	 	8.90927	 	1.41836	 	
326000	-1.23769	 	620.922	 	-0.0452072	 	103.769	 	0.453897	 	0.29	 	8.90016	 	1.41804	 	
327000	-1.23759	 	620.816	 	-0.0458714	 	103.662	 	0.453596	 	0.265	 	8.90086	 	1.41711	 	
328000	-1.23761	 	620.835	 	-0.0450343	 	103.694	 	0.453695	 	0.2425	 	8.89949	 	1.41808	 	
329000	-1.23768	 	620.908	 	-0.0464584	 	103.759	 	0.453904	 	0.375	 	8.89483	 	1.41835	 	
330000	-1.23755	 	620.781	 	-0.0471914	 	103.673	 	0.453632	 	0.3275	 	8.89997	 	1.41864	 	
331000	-1.2376	 	620.833	 	-0.048525	 	103.728	 	0.453783	 	0.265	 	8.9	 	1.41886	 	
332000	-1.23756	 	620.798	 	-0.0480115	 	103.707	 	0.453705	 	0.2775	 	8.90323	 	1.41908	 	
333000	-1.2375	 	620.735	 	-0.0469615	 	103.649	 	0.453553	 	0.18	 	8.90189	 	1.41835	 	
334000	-1.23757	 	620.798	 	-0.0482482	 	103.696	 	0.453698	 	0.2925	 	8.89979	 	1.41859	 	
335000	-1.23767	 	620.898	 	-0.0496549	 	103.763	 	0.453899	 	0.2375	 	8.89728	 	1.41869	 	
336000	-1.23768	 	620.912	 	-0.0495093	 	103.786	 	0.453961	 	0.285	 	8.89725	 	1.41852	 	
337000	-1.23769	 	620.927	 	-0.0482293	 	103.782	 	0.453905	 	0.2575	 	8.90415	 	1.41867	 	
338000	-1.23759	 	620.826	 	-0.047178	 	103.712	 	0.453697	 	0.19	 	8.90645	 	1.41863	 	
339000	-1.23754	 	620.771	 	-0.0472613	 	103.68	 	0.453637	 	0.245	 	8.90241	 	1.41772	 	
340000	-1.23777	 	620.996	 	-0.0489599	 	103.859	 	0.454141	 	0.34	 	8.90066	 	1.41825	 	
341000	-1.23776	 	620.982	 	-0.0486918	 	103.851	 	0.454114	 	0.285	 	8.90133	 	1.41765	 	
342000	-1.23786	 	621.084	 	-0.0484869	 	103.9	 	0.454235	 	0.26	 	8.9035	 	1.41801	 	
343000	-1.23794	 	621.158	 	-0.0468736	 	103.944	 	0.454385	 	0.31	 	8.89888	 	1.41734	 	
344000	-1.23799	 	621.212	 	-0.0470372	 	103.971	 	0.454492	 	0.2625	 	8.89402	 	1.41671	 	
345000	-1.2379	 	621.114	 	-0.0464795	 	103.895	 	0.454276	 	0.35	 	8.89522	 	1.41665	 	
346000	-1.23778	 	620.999	 	-0.0472603	 	103.828	 	0.454116	 	0.37	 	8.89159	 	1.41596	 	
347000	-1.2377	 	620.916	 	-0.0468085	 	103.791	 	0.454004	 	0.37	 	8.89303	 	1.41641	 	
348000	-1.23779	 	621.005	 	-0.045192	 	103.842	 	0.454191	 	0.235	 	8.88573	 	1.41589	 	
349000	-1.23778	 	620.999	 	-0.0443673	 	103.857	 	0.454218	 	0.0975	 	8.88829	 	1.4169	 	
350000	-1.23769	 	620.915	 	-0.0438519	 	103.785	 	0.453993	 	0.3175	 	8.89199	 	1.4169	 	
351000	-1.23771	 	620.935	 	-0.0448669	 	103.78	 	0.453995	 	0.19	 	8.88966	 	1.41662	 	
352000	-1.23761	 	620.829	 	-0.0451777	 	103.719	 	0.453816	 	0.1725	 	8.89127	 	1.41677	 	
353000	-1.23756	 	620.779	 	-0.0449687	 	103.666	 	0.453672	 	0.335	 	8.89123	 	1.41684	 	
354000	-1.23751	 	620.73	 	-0.0439055	 	103.64	 	0.453598	 	0.2525	 	8.89162	 	1.41677	 	
355000	-1.23747	 	620.7	 	-0.0429586	 	103.6	 	0.453424	 	0.28	 	8.90118	 	1.41747	 	
356000	-1.23743	 	620.658	 	-0.0421769	 	103.569	 	0.453365	 	0.22	 	8.89716	 	1.41707	 	
357000	-1.23742	 	620.638	 	-0.0425809	 	103.541	 	0.453299	 	0.2975	 	8.89535	 	1.41647	 	
358000	-1.23731	 	620.532	 	-0.0417811	 	103.455	 	0.453063	 	0.31	 	8.89543	 	1.41542	 	
359000	-1.23736	 	620.576	 	-0.0403918	 	103.5	 	0.453183	 	0.27	 	8.89585	 	1.4155	 	
360000	-1.23736	 	620.575	 	-0.0390326	 	103.516	 	0.453217	 	0.32	 	8.89735	 	1.41552	 	
361000	-1.23736	 	620.571	 	-0.0390649	 	103.502	 	0.453188	 	0.3825	 	8.89594	 	1.41515	 	
362000	-1.2373	 	620.51	 	-0.0402011	 	103.489	 	0.453204	 	0.31	 	8.88805	 	1.41421	 	
363000	-1.23738	 	620.591	 	-0.0405698	 	103.54	 	0.453374	 	0.1875	 	8.88358	 	1.41381	 	
364000	-1.23736	 	620.566	 	-0.0400418	 	103.51	 	0.453294	 	0.2775	 	8.8834	 	1.41388	 	
365000	-1.23733	 	620.54	 	-0.0388555	 	103.466	 	0.453179	 	0.3175	 	8.88209	 	1.41359	 	
366000	-1.2373	 	620.502	 	-0.0399067	 	103.43	 	0.453103	 	0.2625	 	8.87887	 	1.41314	 	
367000	-1.23723	 	620.429	 	-0.0390616	 	103.394	 	0.453022	 	0.2675	 	8.87593	 	1.41286	 	
368000	-1.23735	 	620.559	 	-0.0385862	 	103.467	 	0.453198	 	0.265	 	8.87967	 	1.41405	 	
369000	-1.23735	 	620.555	 	-0.0391432	 	103.481	 	0.453237	 	0.315	 	8.87982	 	1.41415	 	
370000	-1.23733	 	620.534	 	-0.039525	 	103.501	 	0.453323	 	0.3275	 	8.87515	 	1.41359	 	
371000	-1.23747	 	620.677	 	-0.0406725	 	103.627	 	0.453677	 	0.2825	 	8.87429	 	1.41439	 	
372000	-1.23743	 	620.642	 	-0.0416628	 	103.604	 	0.453607	 	0.2175	 	8.875	 	1.41484	 	
373000	-1.23749	 	620.705	 	-0.0428954	 	103.661	 	0.453812	 	0.265	 	8.86812	 	1.41483	 	
374000	-1.23746	 	620.664	 	-0.043824	 	103.647	 	0.453777	 	0.1825	 	8.86728	 	1.41407	 	
375000	-1.23738	 	620.581	 	-0.0430827	 	103.599	 	0.453686	 	0.2425	 	8.86117	 	1.41299	 	
376000	-1.2373	 	620.503	 	-0.042797	 	103.575	 	0.453661	 	0.2175	 	8.85499	 	1.41263	 	
377000	-1.23718	 	620.378	 	-0.0430239	 	103.476	 	0.453389	 	0.27	 	8.85465	 	1.41179	 	
378000	-1.23707	 	620.266	 	-0.0432104	 	103.387	 	0.45313	 	0.295	 	8.85679	 	1.4118	 	
379000	-1.23703	 	620.23	 	-0.0425551	 	103.353	 	0.453041	 	0.2675	 	8.85591	 	1.41148	 	
380000	-1.237	 	620.193	 	-0.0415951	 	103.362	 	0.453101	 	0.15	 	8.85077	 	1.41156	 	
381000	-1.23702	 	620.218	 	-0.0409296	 	103.385	 	0.453195	 	0.2575	 	8.84625	 	1.4112	 	
382000	-1.23693	 	620.121	 	-0.0398489	 	103.314	 	0.453	 	0.3425	 	8.84624	 	1.4109	 	
383000	-1.2369	 	620.095	 	-0.0387626	 	103.294	 	0.452959	 	0.2775	 	8.84411	 	1.41025	 	
384000	-1.23685	 	620.04	 	-0.0386587	 	103.252	 	0.452809	 	0.215	 	8.8489	 	1.41014	 	
385000	-1.23689	 	620.078	 	-0.0376914	 	103.285	 	0.452932	 	0.245	 	8.84417	 	1.41025	 	
386000	-1.23676	 	619.957	 	-0.0375692	 	103.171	 	0.45258	 	0.325	 	8.84993	 	1.41034	 	
387000	-1.23684	 	620.036	 	-0.0384477	 	103.221	 	0.452736	 	0.1425	 	8.8469	 	1.41065	 	
388000	-1.23684	 	620.041	 	-0.0394267	 	103.211	 	0.452675	 	0.3	 	8.85229	 	1.41146	 	
389000	-1.23696	 	620.163	 	-0.0406785	 	103.3	 	0.452916	 	0.18	 	8.85292	 	1.4121	 	
390000	-1.23697	 	620.173	 	-0.0416137	 	103.319	 	0.45299	 	0.2425	 	8.84972	 	1.41147	 	
391000	-1.23703	 	620.223	 	-0.0404884	 	103.357	 	0.453095	 	0.25	 	8.84966	 	1.4114	 	
392000	-1.23687	 	620.068	 	-0.0399685	 	103.231	 	0.452712	 	0.2	 	8.85498	 	1.41087	 	
393000	-1.2369	 	620.092	 	-0.0410479	 	103.252	 	0.452763	 	0.15	 	8.85577	 	1.41067	 	
394000	-1.23685	 	620.038	 	-0.040839	 	103.204	 	0.452638	 	0.2525	 	8.85462	 	1.41024	 	
395000	-1.23696	 	620.155	 	-0.0408173	 	103.292	 	0.452866	 	0.2225	 	8.85703	 	1.41089	 	
396000	-1.23705	 	620.251	 	-0.0420937	 	103.366	 	0.453102	 	0.3325	 	8.85224	 	1.4114	 	
397000	-1.23699	 	620.192	 	-0.0414401	 	103.318	 	0.452961	 	0.1825	 	8.85343	 	1.41177	 	
398000	-1.23708	 	620.286	 	-0.0415428	 	103.387	 	0.453142	 	0.3025	 	8.85505	 	1.41305	 	
399000	-1.23703	 	620.24	 	-0.0407048	 	103.365	 	0.453081	 	0.1725	 	8.85494	 	1.41362	 	
400000	-1.23704	 	620.254	 	-0.04053	 	103.379	 	0.453131	 	0.3525	 	8.85354	 	1.41404	 	
401000	-1.23704	 	620.252	 	-0.0394155	 	103.375	 	0.453093	 	0.2975	 	8.85725	 	1.41421	 	
402000	-1.23708	 	620.293	 	-0.0383579	 	103.388	 	0.453134	 	0.29	 	8.85653	 	1.41456	 	
403000	-1.23705	 	620.26	 	-0.0375234	 	103.341	 	0.453001	 	0.2225	 	8.85696	 	1.41411	 	
404000	-1.23705	 	620.268	 	-0.03687	 	103.326	 	0.452936	 	0.335	 	8.86074	 	1.4143	 	
405000	-1.23701	 	620.219	 	-0.0358765	 	103.287	 	0.452834	 	0.3125	 	8.85982	 	1.41368	 	
406000	-1.23701	 	620.216	 	-0.0369334	 	103.289	 	0.452866	 	0.285	 	8.8558	 	1.41321	 	
407000	-1.23711	 	620.317	 	-0.0361079	 	103.375	 	0.453142	 	0.2175	 	8.84993	 	1.41276	 	
408000	-1.23733	 	620.537	 	-0.0344916	 	103.537	 	0.453563	 	0.3	 	8.85364	 	1.41387	 	
409000	-1.23735	 	620.556	 	-0.0331805	 	103.575	 	0.453707	 	0.3075	 	8.84797	 	1.41339	 	
410000	-1.23724	 	620.44	 	-0.033406	 	103.467	 	0.453384	 	0.3125	 	8.85164	 	1.41313	 	
411000	-1.23711	 	620.312	 	-0.0330095	 	103.366	 	0.45308	 	0.37	 	8.85556	 	1.41313	 	
412000	-1.23712	 	620.324	 	-0.0325375	 	103.375	 	0.453111	 	0.325	 	8.8548	 	1.41319	 	
413000	-1.23709	 	620.302	 	-0.0331677	 	103.336	 	0.452958	 	0.2975	 	8.8617	 	1.41354	 	
414000	-1.23696	 	620.173	 	-0.0327152	 	103.246	 	0.452646	 	0.2225	 	8.87107	 	1.41342	 	
415000	-1.237	 	620.209	 	-0.0325358	 	103.28	 	0.452773	 	0.2325	 	8.86621	 	1.41269	 	
416000	-1.23708	 	620.287	 	-0.0331956	 	103.323	 	0.452904	 	0.305	 	8.86432	 	1.41252	 	
417000	-1.23709	 	620.286	 	-0.0320984	 	103.307	 	0.452864	 	0.245	 	8.86347	 	1.41215	 	
418000	-1.23712	 	620.32	 	-0.0308616	 	103.328	 	0.45295	 	0.285	 	8.85929	 	1.41212	 	
419000	-1.23701	 	620.215	 	-0.0308312	 	103.256	 	0.452704	 	0.2625	 	8.86652	 	1.41199	 	
420000	-1.23692	 	620.124	 	-0.0313454	 	103.174	 	0.452462	 	0.245	 	8.86872	 	1.41153	 	
421000	-1.23689	 	620.089	 	-0.0305901	 	103.15	 	0.452405	 	0.2975	 	8.86737	 	1.41103	 	
422000	-1.23685	 	620.04	 	-0.0305869	 	103.135	 	0.45239	 	0.2875	 	8.86339	 	1.41071	 	
423000	-1.2369	 	620.094	 	-0.0309753	 	103.172	 	0.452497	 	0.3325	 	8.8626	 	1.41085	 	
424000	-1.23697	 	620.172	 	-0.0309446	 	103.221	 	0.452623	 	0.29	 	8.8642	 	1.41188	 	
425000	-1.23701	 	620.216	 	-0.0297809	 	103.248	 	0.452698	 	0.295	 	8.86419	 	1.41224	 	
426000	-1.23712	 	620.326	 	-0.0301913	 	103.331	 	0.452947	 	0.295	 	8.86104	 	1.41241	 	
427000	-1.2372	 	620.406	 	-0.0306987	 	103.354	 	0.452996	 	0.385	 	8.86324	 	1.41291	 	
428000	-1.23722	 	620.422	 	-0.0312166	 	103.371	 	0.453035	 	0.245	 	8.86434	 	1.41311	 	
429000	-1.23725	 	620.451	 	-0.0314011	 	103.389	 	0.453078	 	0.1925	 	8.86549	 	1.41297	 	
430000	-1.23721	 	620.412	 	-0.0321475	 	103.362	 	0.453002	 	0.235	 	8.86573	 	1.41313	 	
431000	-1.23716	 	620.367	 	-0.0328148	 	103.344	 	0.452978	 	0.2825	 	8.86198	 	1.41321	 	
432000	-1.23717	 	620.368	 	-0.0325622	 	103.343	 	0.453014	 	0.32	 	8.85615	 	1.4124	 	
433000	-1.23718	 	620.381	 	-0.0314901	 	103.343	 	0.453038	 	0.26	 	8.85252	 	1.41187	 	
434000	-1.23714	 	620.341	 	-0.0313442	 	103.322	 	0.453	 	0.25	 	8.84918	 	1.41185	 	
435000	-1.23722	 	620.42	 	-0.0307916	 	103.364	 	0.453104	 	0.3125	 	8.85096	 	1.41256	 	
436000	-1.23712	 	620.328	 	-0.031048	 	103.284	 	0.452815	 	0.295	 	8.86157	 	1.4132	 	
437000	-1.23713	 	620.332	 	-0.0313669	 	103.294	 	0.452883	 	0.31	 	8.85548	 	1.41244	 	
438000	-1.23723	 	620.441	 	-0.0301114	 	103.358	 	0.453034	 	0.2775	 	8.85925	 	1.41371	 	
439000	-1.23715	 	620.357	 	-0.0295495	 	103.292	 	0.45283	 	0.2825	 	8.86245	 	1.41386	 	
440000	-1.23715	 	620.358	 	-0.0285304	 	103.304	 	0.452852	 	0.17	 	8.86428	 	1.41387	 	
441000	-1.23718	 	620.39	 	-0.0274827	 	103.335	 	0.452945	 	0.2125	 	8.86302	 	1.41357	 	
442000	-1.23729	 	620.497	 	-0.0282576	 	103.435	 	0.453258	 	0.25	 	8.8576	 	1.41296	 	
443000	-1.23734	 	620.543	 	-0.0281254	 	103.485	 	0.453421	 	0.2725	 	8.8539	 	1.41261	 	
444000	-1.23738	 	620.581	 	-0.0288251	 	103.521	 	0.453526	 	0.3375	 	8.85292	 	1.41277	 	
445000	-1.23734	 	620.541	 	-0.0281511	 	103.481	 	0.453392	 	0.245	 	8.85631	 	1.41259	 	
446000	-1.23739	 	620.592	 	-0.027102	 	103.523	 	0.453465	 	0.2875	 	8.86278	 	1.4131	 	
447000	-1.23734	 	620.538	 	-0.0276874	 	103.458	 	0.453267	 	0.235	 	8.86557	 	1.41287	 	
448000	-1.23727	 	620.475	 	-0.0276933	 	103.406	 	0.453069	 	0.195	 	8.8738	 	1.41354	 	
449000	-1.23715	 	620.356	 	-0.0273095	 	103.33	 	0.45283	 	0.2725	 	8.87848	 	1.41346	 	
450000	-1.23722	 	620.423	 	-0.0260452	 	103.404	 	0.453042	 	0.16	 	8.87719	 	1.4134	 	
451000	-1.2373	 	620.506	 	-0.025452	 	103.468	 	0.453209	 	0.2675	 	8.87873	 	1.41338	 	
452000	-1.2373	 	620.501	 	-0.0264669	 	103.479	 	0.453282	 	0.3275	 	8.8721	 	1.41297	 	
453000	-1.23738	 	620.584	 	-0.0276455	 	103.559	 	0.453518	 	0.245	 	8.86964	 	1.41294	 	
454000	-1.23742	 	620.617	 	-0.0267347	 	103.568	 	0.453519	 	0.35	 	8.87355	 	1.41293	 	
455000	-1.23758	 	620.785	 	-0.0255164	 	103.682	 	0.453841	 	0.165	 	8.87232	 	1.41357	 	
456000	-1.23766	 	620.863	 	-0.026612	 	103.735	 	0.453998	 	0.29	 	8.87066	 	1.41342	 	
457000	-1.23764	 	620.85	 	-0.0274198	 	103.727	 	0.453944	 	0.295	 	8.87526	 	1.41413	 	
458000	-1.23761	 	620.814	 	-0.0275017	 	103.707	 	0.453883	 	0.215	 	8.87643	 	1.41402	 	
459000	-1.23752	 	620.73	 	-0.0275277	 	103.645	 	0.453674	 	0.22	 	8.88225	 	1.4144	 	
460000	-1.23761	 	620.823	 	-0.0286014	 	103.706	 	0.453839	 	0.2425	 	8.88242	 	1.41465	 	
461000	-1.23758	 	620.785	 	-0.0294443	 	103.679	 	0.453778	 	0.3375	 	8.8807	 	1.41418	 	
462000	-1.23759	 	620.798	 	-0.0294305	 	103.681	 	0.453821	 	0.34	 	8.87507	 	1.41367	 	
463000	-1.2376	 	620.803	 	-0.029166	 	103.67	 	0.453769	 	0.28	 	8.87787	 	1.41368	 	
464000	-1.23763	 	620.839	 	-0.0289485	 	103.72	 	0.453914	 	0.3375	 	8.87695	 	1.41369	 	
465000	-1.23762	 	620.824	 	-0.0282687	 	103.7	 	0.453863	 	0.345	 	8.87644	 	1.41339	 	
466000	-1.23762	 	620.822	 	-0.0292156	 	103.702	 	0.453903	 	0.3175	 	8.87096	 	1.41303	 	
467000	-1.23769	 	620.891	 	-0.0279808	 	103.764	 	0.454104	 	0.28	 	8.86661	 	1.41318	 	
468000	-1.23755	 	620.745	 	-0.0281915	 	103.667	 	0.453845	 	0.27	 	8.86526	 	1.41274	 	
469000	-1.23752	 	620.725	 	-0.0273682	 	103.656	 	0.453826	 	0.2525	 	8.86371	 	1.41283	 	
470000	-1.2375	 	620.703	 	-0.0270466	 	103.655	 	0.453822	 	0.28	 	8.86376	 	1.41305	 	
471000	-1.23757	 	620.767	 	-0.027212	 	103.718	 	0.454031	 	0.185	 	8.85833	 	1.41281	 	
472000	-1.23752	 	620.715	 	-0.0271009	 	103.683	 	0.453956	 	0.2875	 	8.8554	 	1.41195	 	
473000	-1.23762	 	620.814	 	-0.0267817	 	103.751	 	0.454124	 	0.2675	 	8.85792	 	1.41277	 	
474000	-1.2377	 	620.893	 	-0.0255321	 	103.829	 	0.45436	 	0.2225	 	8.8548	 	1.41249	 	
475000	-1.23762	 	620.818	 	-0.0259819	 	103.774	 	0.45422	 	0.2425	 	8.8532	 	1.41243	 	
476000	-1.23761	 	620.81	 	-0.0261087	 	103.759	 	0.454174	 	0.2525	 	8.85381	 	1.41215	 	
477000	-1.23769	 	620.891	 	-0.025083	 	103.818	 	0.454312	 	0.2775	 	8.85746	 	1.41292	 	
478000	-1.23758	 	620.778	 	-0.0248848	 	103.743	 	0.454111	 	0.225	 	8.85683	 	1.41246	 	
479000	-1.23749	 	620.686	 	-0.0246394	 	103.651	 	0.453878	 	0.265	 	8.85349	 	1.4116	 	
480000	-1.23745	 	620.65	 	-0.0242697	 	103.637	 	0.453849	 	0.3475	 	8.85241	 	1.4119	 	
481000	-1.2373	 	620.5	 	-0.024075	 	103.533	 	0.453578	 	0.385	 	8.84992	 	1.41154	 	
482000	-1.23723	 	620.423	 	-0.0240814	 	103.479	 	0.453422	 	0.2675	 	8.85106	 	1.41125	 	
483000	-1.23724	 	620.431	 	-0.0232142	 	103.488	 	0.453458	 	0.16	 	8.84942	 	1.41126	 	
484000	-1.23719	 	620.39	 	-0.0230396	 	103.458	 	0.453331	 	0.3125	 	8.85603	 	1.41179	 	
485000	-1.23715	 	620.343	 	-0.0224334	 	103.422	 	0.453205	 	0.3825	 	8.85985	 	1.41149	 	
486000	-1.23716	 	620.354	 	-0.0233318	 	103.422	 	0.453225	 	0.2575	 	8.8568	 	1.41131	 	
487000	-1.23721	 	620.41	 	-0.0226614	 	103.473	 	0.45336	 	0.3025	 	8.85769	 	1.41144	 	
488000	-1.23725	 	620.449	 	-0.0228991	 	103.495	 	0.453426	 	0.2725	 	8.85696	 	1.41162	 	
489000	-1.23721	 	620.405	 	-0.0222427	 	103.479	 	0.453408	 	0.3675	 	8.85321	 	1.41127	 	
490000	-1.23713	 	620.317	 	-0.0214888	 	103.435	 	0.45331	 	0.33	 	8.84967	 	1.41068	 	
491000	-1.2372	 	620.395	 	-0.022284	 	103.488	 	0.453457	 	0.255	 	8.8494	 	1.41079	 	
492000	-1.23718	 	620.373	 	-0.0227208	 	103.479	 	0.453449	 	0.305	 	8.84698	 	1.41045	 	
493000	-1.23713	 	620.32	 	-0.0227431	 	103.465	 	0.453435	 	0.3575	 	8.84311	 	1.41021	 	
494000	-1.23723	 	620.415	 	-0.0215555	 	103.555	 	0.453693	 	0.2175	 	8.84154	 	1.41053	 	
495000	-1.23723	 	620.424	 	-0.0205033	 	103.585	 	0.453796	 	0.3	 	8.8385	 	1.41068	 	
496000	-1.23722	 	620.41	 	-0.0209474	 	103.554	 	0.453707	 	0.23	 	8.83927	 	1.41051	 	
497000	-1.23728	 	620.468	 	-0.0207923	 	103.606	 	0.453868	 	0.235	 	8.83658	 	1.41044	 	
498000	-1.23722	 	620.41	 	-0.0209405	 	103.564	 	0.453742	 	0.2275	 	8.83807	 	1.41013	 	
499000	-1.2372	 	620.386	 	-0.0211005	 	103.559	 	0.453729	 	0.2475	 	8.83778	 	1.41045	 	
500000	-1.23725	 	620.435	 	-0.0209997	 	103.607	 	0.453877	 	0.265	 	8.8355	 	1.41023	 	
501000	-1.23732	 	620.508	 	-0.0199489	 	103.648	 	0.453984	 	0.26	 	8.83631	 	1.4111	 	
502000	-1.23734	 	620.526	 	-0.0204657	 	103.683	 	0.454113	 	0.2175	 	8.83138	 	1.41048	 	
503000	-1.2374	 	620.59	 	-0.0198508	 	103.722	 	0.454223	 	0.255	 	8.8312	 	1.41071	 	
504000	-1.23741	 	620.603	 	-0.0188523	 	103.745	 	0.454301	 	0.2825	 	8.82896	 	1.41077	 	
505000	-1.23745	 	620.64	 	-0.0182811	 	103.789	 	0.454432	 	0.235	 	8.82747	 	1.41072	 	
506000	-1.23751	 	620.704	 	-0.0185392	 	103.831	 	0.454552	 	0.215	 	8.82651	 	1.41115	 	
507000	-1.23749	 	620.674	 	-0.0191453	 	103.799	 	0.454472	 	0.3625	 	8.82552	 	1.4106	 	
508000	-1.2374	 	620.584	 	-0.0189781	 	103.748	 	0.454325	 	0.345	 	8.82652	 	1.41047	 	
509000	-1.23735	 	620.541	 	-0.0186258	 	103.725	 	0.454257	 	0.255	 	8.8271	 	1.4103	 	
510000	-1.23746	 	620.648	 	-0.0196293	 	103.785	 	0.454428	 	0.265	 	8.82647	 	1.4108	 	
511000	-1.23748	 	620.675	 	-0.0198623	 	103.796	 	0.454461	 	0.2475	 	8.82609	 	1.41101	 	
512000	-1.23739	 	620.572	 	-0.0196436	 	103.693	 	0.454144	 	0.2725	 	8.83087	 	1.41013	 	
513000	-1.23744	 	620.626	 	-0.0197578	 	103.735	 	0.454282	 	0.3225	 	8.82745	 	1.41009	 	
514000	-1.23745	 	620.631	 	-0.020585	 	103.744	 	0.454304	 	0.3	 	8.82787	 	1.41004	 	
515000	-1.23738	 	620.566	 	-0.0212362	 	103.693	 	0.454156	 	0.3175	 	8.82932	 	1.40995	 	
516000	-1.23739	 	620.568	 	-0.0214609	 	103.679	 	0.454102	 	0.31	 	8.83165	 	1.40954	 	
517000	-1.23742	 	620.602	 	-0.0212676	 	103.715	 	0.454232	 	0.3425	 	8.827	 	1.40899	 	
518000	-1.23739	 	620.57	 	-0.0205165	 	103.694	 	0.45416	 	0.2675	 	8.82898	 	1.40909	 	
519000	-1.23747	 	620.647	 	-0.0205464	 	103.754	 	0.454327	 	0.2275	 	8.82859	 	1.40928	 	
520000	-1.23747	 	620.654	 	-0.0200409	 	103.762	 	0.454342	 	0.3225	 	8.82992	 	1.40972	 	
521000	-1.23731	 	620.495	 	-0.0198336	 	103.657	 	0.454032	 	0.2375	 	8.83295	 	1.40982	 	
522000	-1.23723	 	620.415	 	-0.0197168	 	103.583	 	0.453801	 	0.27	 	8.83695	 	1.40966	 	
523000	-1.23726	 	620.451	 	-0.020627	 	103.618	 	0.453892	 	0.2125	 	8.8379	 	1.41035	 	
524000	-1.23722	 	620.408	 	-0.021152	 	103.6	 	0.45386	 	0.28	 	8.83527	 	1.41006	 	
525000	-1.23731	 	620.503	 	-0.02114	 	103.661	 	0.454023	 	0.195	 	8.8358	 	1.41068	 	
526000	-1.23737	 	620.563	 	-0.0203777	 	103.7	 	0.454144	 	0.2775	 	8.8338	 	1.41087	 	
527000	-1.23726	 	620.45	 	-0.0205321	 	103.613	 	0.453874	 	0.2025	 	8.83862	 	1.41092	 	
528000	-1.23719	 	620.373	 	-0.0203195	 	103.531	 	0.45365	 	0.215	 	8.83797	 	1.41001	 	
529000	-1.23718	 	620.361	 	-0.019939	 	103.532	 	0.453695	 	0.2975	 	8.83192	 	1.40928	 	
530000	-1.23721	 	620.394	 	-0.0205409	 	103.54	 	0.453712	 	0.355	 	8.83241	 	1.40922	 	
531000	-1.23719	 	620.377	 	-0.0201008	 	103.53	 	0.453707	 	0.3575	 	8.8291	 	1.40917	 	
532000	-1.23719	 	620.371	 	-0.0193079	 	103.53	 	0.453683	 	0.34	 	8.83288	 	1.40961	 	
533000	-1.23711	 	620.295	 	-0.0186613	 	103.488	 	0.453569	 	0.2625	 	8.83255	 	1.40941	 	
534000	-1.23712	 	620.3	 	-0.019031	 	103.493	 	0.45358	 	0.22	 	8.83288	 	1.40911	 	
535000	-1.23709	 	620.273	 	-0.0195981	 	103.487	 	0.453552	 	0.3275	 	8.83468	 	1.4096	 	
536000	-1.23702	 	620.204	 	-0.0191607	 	103.433	 	0.453399	 	0.2275	 	8.83539	 	1.40972	 	
537000	-1.23702	 	620.204	 	-0.0187878	 	103.427	 	0.453391	 	0.2225	 	8.8339	 	1.40941	 	
538000	-1.23703	 	620.209	 	-0.0193464	 	103.433	 	0.453428	 	0.305	 	8.83091	 	1.40883	 	
539000	-1.23707	 	620.254	 	-0.0193021	 	103.468	 	0.453542	 	0.3075	 	8.8282	 	1.40874	 	
540000	-1.23709	 	620.269	 	-0.0193838	 	103.486	 	0.45362	 	0.2825	 	8.82417	 	1.40853	 	
541000	-1.23716	 	620.335	 	-0.0202392	 	103.536	 	0.453763	 	0.2725	 	8.82299	 	1.4084	 	
542000	-1.23718	 	620.355	 	-0.0207012	 	103.542	 	0.453774	 	0.28	 	8.82402	 	1.40836	 	
543000	-1.2371	 	620.274	 	-0.0201435	 	103.48	 	0.453605	 	0.365	 	8.82364	 	1.40782	 	
544000	-1.23708	 	620.25	 	-0.0206299	 	103.46	 	0.453563	 	0.21	 	8.82187	 	1.40756	 	
545000	-1.23711	 	620.287	 	-0.0199914	 	103.488	 	0.453641	 	0.28	 	8.82161	 	1.40793	 	
546000	-1.23711	 	620.284	 	-0.0202679	 	103.483	 	0.45365	 	0.3225	 	8.81825	 	1.40762	 	
547000	-1.23706	 	620.235	 	-0.0198721	 	103.458	 	0.453577	 	0.2675	 	8.81887	 	1.40751	 	
548000	-1.23717	 	620.348	 	-0.0187713	 	103.537	 	0.453814	 	0.32	 	8.81607	 	1.40749	 	
549000	-1.23721	 	620.387	 	-0.0191154	 	103.577	 	0.453943	 	0.21	 	8.81293	 	1.40748	 	
550000	-1.23718	 	620.354	 	-0.0186722	 	103.551	 	0.453888	 	0.2275	 	8.81056	 	1.40721	 	
551000	-1.23713	 	620.303	 	-0.018651	 	103.523	 	0.453842	 	0.2075	 	8.80586	 	1.40665	 	
552000	-1.23705	 	620.219	 	-0.0182614	 	103.444	 	0.453605	 	0.2125	 	8.80889	 	1.40627	 	
553000	-1.23709	 	620.255	 	-0.0182477	 	103.469	 	0.45366	 	0.1825	 	8.81067	 	1.40666	 	
554000	-1.23709	 	620.266	 	-0.0179856	 	103.481	 	0.453684	 	0.27	 	8.81239	 	1.40713	 	
555000	-1.23705	 	620.224	 	-0.0181177	 	103.435	 	0.453536	 	0.13	 	8.81544	 	1.40669	 	
556000	-1.23714	 	620.308	 	-0.0170461	 	103.512	 	0.453759	 	0.29	 	8.8137	 	1.40692	 	
557000	-1.23699	 	620.163	 	-0.0168816	 	103.382	 	0.453347	 	0.3175	 	8.82184	 	1.40656	 	
558000	-1.23715	 	620.325	 	-0.0158991	 	103.501	 	0.453652	 	0.2375	 	8.82525	 	1.40764	 	
559000	-1.2372	 	620.373	 	-0.0153808	 	103.533	 	0.453751	 	0.1525	 	8.82375	 	1.40781	 	
560000	-1.23719	 	620.365	 	-0.0152255	 	103.536	 	0.453764	 	0.3175	 	8.8231	 	1.40814	 	
561000	-1.23719	 	620.366	 	-0.0143357	 	103.55	 	0.453828	 	0.335	 	8.8191	 	1.40765	 	
562000	-1.23711	 	620.288	 	-0.0149365	 	103.51	 	0.45373	 	0.31	 	8.81742	 	1.40757	 	
563000	-1.23713	 	620.302	 	-0.0146798	 	103.537	 	0.453812	 	0.21	 	8.81617	 	1.40745	 	
564000	-1.2371	 	620.277	 	-0.0146133	 	103.507	 	0.453695	 	0.3725	 	8.8214	 	1.40759	 	
565000	-1.23718	 	620.351	 	-0.0135888	 	103.57	 	0.453891	 	0.205	 	8.81819	 	1.40727	 	
566000	-1.23709	 	620.257	 	-0.0134438	 	103.492	 	0.453677	 	0.2775	 	8.81796	 	1.40644	 	
567000	-1.23702	 	620.19	 	-0.0137589	 	103.431	 	0.453481	 	0.18	 	8.8221	 	1.40628	 	
568000	-1.237	 	620.174	 	-0.01322	 	103.41	 	0.453404	 	0.3375	 	8.82506	 	1.40648	 	
569000	-1.23704	 	620.203	 	-0.0128706	 	103.408	 	0.453372	 	0.33	 	8.82896	 	1.40628	 	
570000	-1.23701	 	620.172	 	-0.0134833	 	103.386	 	0.453313	 	0.265	 	8.82865	 	1.40619	 	
571000	-1.23699	 	620.15	 	-0.0141665	 	103.359	 	0.453256	 	0.3525	 	8.82591	 	1.40571	 	
572000	-1.23697	 	620.137	 	-0.0143003	 	103.355	 	0.453229	 	0.26	 	8.82846	 	1.40601	 	
573000	-1.23703	 	620.196	 	-0.0138731	 	103.407	 	0.453376	 	0.2675	 	8.82815	 	1.40595	 	
574000	-1.23704	 	620.204	 	-0.0141736	 	103.424	 	0.453418	 	0.28	 	8.82866	 	1.40634	 	
575000	-1.2371	 	620.271	 	-0.0147379	 	103.479	 	0.453555	 	0.345	 	8.8309	 	1.40678	 	
576000	-1.23702	 	620.185	 	-0.0148076	 	103.392	 	0.453267	 	0.2125	 	8.83809	 	1.40618	 	
577000	-1.23704	 	620.204	 	-0.0148747	 	103.402	 	0.453309	 	0.24	 	8.83587	 	1.40623	 	
578000	-1.23702	 	620.192	 	-0.0142862	 	103.399	 	0.453286	 	0.1425	 	8.83835	 	1.40625	 	
579000	-1.23702	 	620.182	 	-0.0143542	 	103.397	 	0.453294	 	0.35	 	8.83613	 	1.40613	 	
580000	-1.23704	 	620.21	 	-0.0141904	 	103.416	 	0.453362	 	0.3825	 	8.83393	 	1.40606	 	
581000	-1.23705	 	620.218	 	-0.0149434	 	103.418	 	0.453372	 	0.3475	 	8.83311	 	1.40623	 	
582000	-1.23706	 	620.229	 	-0.0151846	 	103.435	 	0.453411	 	0.27	 	8.83439	 	1.4067	 	
583000	-1.23714	 	620.316	 	-0.0144042	 	103.479	 	0.453479	 	0.23	 	8.8423	 	1.40759	 	
584000	-1.23717	 	620.341	 	-0.013534	 	103.505	 	0.453554	 	0.2625	 	8.84179	 	1.40714	 	
585000	-1.23712	 	620.292	 	-0.0131709	 	103.47	 	0.453455	 	0.315	 	8.84236	 	1.40732	 	
586000	-1.23704	 	620.215	 	-0.0136765	 	103.428	 	0.453341	 	0.3025	 	8.84196	 	1.40724	 	
587000	-1.23706	 	620.236	 	-0.0132882	 	103.439	 	0.453363	 	0.2525	 	8.84303	 	1.40782	 	
588000	-1.23695	 	620.13	 	-0.0129993	 	103.36	 	0.45315	 	0.2275	 	8.84269	 	1.40759	 	
589000	-1.23694	 	620.118	 	-0.0123139	 	103.366	 	0.453189	 	0.365	 	8.83926	 	1.4074	 	
590000	-1.2369	 	620.072	 	-0.0119942	 	103.333	 	0.453125	 	0.305	 	8.83484	 	1.4069	 	
591000	-1.23688	 	620.056	 	-0.0120275	 	103.332	 	0.453139	 	0.31	 	8.83256	 	1.40687	 	
592000	-1.23687	 	620.038	 	-0.0125097	 	103.32	 	0.453116	 	0.13	 	8.83108	 	1.40664	 	
593000	-1.23688	 	620.051	 	-0.0131654	 	103.333	 	0.45317	 	0.345	 	8.82836	 	1.40663	 	
594000	-1.23684	 	620.013	 	-0.0137769	 	103.307	 	0.453082	 	0.2725	 	8.83071	 	1.40689	 	
595000	-1.23682	 	619.995	 	-0.0145252	 	103.317	 	0.453118	 	0.2825	 	8.82932	 	1.407	 	
596000	-1.23686	 	620.031	 	-0.0141083	 	103.339	 	0.453179	 	0.31	 	8.82945	 	1.4071	 	
597000	-1.23679	 	619.96	 	-0.0144923	 	103.282	 	0.453019	 	0.335	 	8.8296	 	1.40702	 	
598000	-1.23686	 	620.031	 	-0.013994	 	103.343	 	0.453198	 	0.1925	 	8.82821	 	1.40694	 	
599000	-1.23689	 	620.06	 	-0.01477	 	103.369	 	0.453284	 	0.1625	 	8.82623	 	1.40679	 	
600000	-1.23692	 	620.095	 	-0.0151842	 	103.373	 	0.453281	 	0.31	 	8.82822	 	1.40721	 	
601000	-1.23691	 	620.082	 	-0.0159755	 	103.388	 	0.453347	 	0.2125	 	8.82445	 	1.40717	 	
602000	-1.23689	 	620.063	 	-0.0162176	 	103.397	 	0.453386	 	0.3125	 	8.8221	 	1.40727	 	
603000	-1.23692	 	620.101	 	-0.0154536	 	103.415	 	0.453406	 	0.205	 	8.82662	 	1.40801	 	
604000	-1.23696	 	620.133	 	-0.0147749	 	103.441	 	0.453484	 	0.2575	 	8.82587	 	1.40772	 	
605000	-1.23706	 	620.243	 	-0.0137727	 	103.522	 	0.453712	 	0.18	 	8.82492	 	1.4082	 	
606000	-1.23704	 	620.218	 	-0.0139016	 	103.501	 	0.453671	 	0.225	 	8.82238	 	1.40807	 	
607000	-1.23701	 	620.187	 	-0.014313	 	103.481	 	0.453593	 	0.29	 	8.82618	 	1.40864	 	
608000	-1.23695	 	620.129	 	-0.0147222	 	103.444	 	0.453499	 	0.255	 	8.82471	 	1.40849	 	
609000	-1.23692	 	620.099	 	-0.0152638	 	103.413	 	0.453398	 	0.325	 	8.82703	 	1.40847	 	
610000	-1.23697	 	620.153	 	-0.0147966	 	103.446	 	0.453503	 	0.23	 	8.82497	 	1.40848	 	
611000	-1.23706	 	620.242	 	-0.0157381	 	103.522	 	0.453727	 	0.1675	 	8.82295	 	1.40848	 	
612000	-1.23708	 	620.26	 	-0.0153472	 	103.54	 	0.453785	 	0.265	 	8.82155	 	1.40864	 	
613000	-1.23705	 	620.231	 	-0.0155284	 	103.51	 	0.453688	 	0.2875	 	8.82372	 	1.40905	 	
614000	-1.23703	 	620.219	 	-0.0157184	 	103.498	 	0.453647	 	0.2	 	8.82497	 	1.4093	 	
615000	-1.23699	 	620.179	 	-0.016012	 	103.461	 	0.453502	 	0.3125	 	8.83128	 	1.40953	 	
616000	-1.23708	 	620.265	 	-0.0160237	 	103.536	 	0.453705	 	0.2475	 	8.83208	 	1.41012	 	
617000	-1.23708	 	620.269	 	-0.0153787	 	103.536	 	0.453706	 	0.2575	 	8.83181	 	1.41001	 	
618000	-1.23712	 	620.308	 	-0.0145032	 	103.58	 	0.453832	 	0.26	 	8.83123	 	1.41036	 	
619000	-1.23717	 	620.365	 	-0.0148165	 	103.612	 	0.453906	 	0.2225	 	8.83312	 	1.41041	 	
620000	-1.23725	 	620.448	 	-0.0149383	 	103.659	 	0.454009	 	0.275	 	8.83717	 	1.41121	 	
621000	-1.23727	 	620.461	 	-0.0142902	 	103.675	 	0.454062	 	0.265	 	8.83576	 	1.41109	 	
622000	-1.23722	 	620.408	 	-0.0148521	 	103.639	 	0.453959	 	0.27	 	8.83645	 	1.41101	 	
623000	-1.23723	 	620.429	 	-0.0146511	 	103.666	 	0.454015	 	0.335	 	8.83904	 	1.41134	 	
624000	-1.23724	 	620.435	 	-0.0144582	 	103.679	 	0.454062	 	0.1925	 	8.83769	 	1.41132	 	
625000	-1.23723	 	620.431	 	-0.0140569	 	103.672	 	0.454013	 	0.1925	 	8.84211	 	1.41165	 	
626000	-1.23725	 	620.441	 	-0.0132215	 	103.692	 	0.454109	 	0.34	 	8.83588	 	1.41133	 	
627000	-1.2372	 	620.389	 	-0.0133802	 	103.637	 	0.453928	 	0.2075	 	8.84051	 	1.41115	 	
628000	-1.23721	 	620.408	 	-0.012777	 	103.634	 	0.453897	 	0.165	 	8.84386	 	1.41141	 	
629000	-1.23724	 	620.433	 	-0.0121494	 	103.645	 	0.45393	 	0.2475	 	8.84316	 	1.41136	 	
630000	-1.23718	 	620.371	 	-0.0120606	 	103.576	 	0.453728	 	0.245	 	8.84514	 	1.41077	 	
631000	-1.2372	 	620.389	 	-0.0121982	 	103.586	 	0.45374	 	0.27	 	8.8475	 	1.41107	 	
632000	-1.23713	 	620.321	 	-0.0120487	 	103.514	 	0.453543	 	0.3425	 	8.84712	 	1.4105	 	
633000	-1.23715	 	620.345	 	-0.0113545	 	103.528	 	0.453578	 	0.22	 	8.8479	 	1.4108	 	
634000	-1.23721	 	620.398	 	-0.0121569	 	103.578	 	0.453736	 	0.2425	 	8.84457	 	1.41086	 	
635000	-1.23724	 	620.437	 	-0.0113123	 	103.61	 	0.453847	 	0.1925	 	8.84121	 	1.41106	 	
636000	-1.23726	 	620.445	 	-0.0106023	 	103.618	 	0.453895	 	0.3125	 	8.83736	 	1.41051	 	
637000	-1.23717	 	620.361	 	-0.0106409	 	103.549	 	0.453674	 	0.215	 	8.84179	 	1.4103	 	
638000	-1.23719	 	620.374	 	-0.0102813	 	103.551	 	0.453718	 	0.3475	 	8.83624	 	1.40993	 	
639000	-1.23725	 	620.437	 	-0.00946894	 	103.594	 	0.453823	 	0.335	 	8.83818	 	1.41012	 	
640000	-1.23723	 	620.413	 	-0.0094315	 	103.569	 	0.453756	 	0.095	 	8.83824	 	1.40972	 	
641000	-1.23724	 	620.425	 	-0.00877638	 	103.577	 	0.453786	 	0.245	 	8.83665	 	1.40964	 	
642000	-1.23718	 	620.361	 	-0.0092337	 	103.53	 	0.453659	 	0.3125	 	8.83654	 	1.40948	 	
643000	-1.23722	 	620.405	 	-0.00847497	 	103.55	 	0.453705	 	0.3375	 	8.83782	 	1.40967	 	
644000	-1.23721	 	620.4	 	-0.00867038	 	103.542	 	0.453667	 	0.31	 	8.84018	 	1.40982	 	
645000	-1.23716	 	620.346	 	-0.00827706	 	103.505	 	0.45354	 	0.32	 	8.8439	 	1.41011	 	
646000	-1.23724	 	620.426	 	-0.00750614	 	103.548	 	0.453641	 	0.31	 	8.84676	 	1.41065	 	
647000	-1.23714	 	620.326	 	-0.00766397	 	103.459	 	0.453373	 	0.3625	 	8.8501	 	1.41021	 	
648000	-1.23711	 	620.299	 	-0.00704046	 	103.44	 	0.45331	 	0.1825	 	8.85162	 	1.41029	 	
649000	-1.23714	 	620.334	 	-0.00685994	 	103.472	 	0.453387	 	0.2875	 	8.85329	 	1.41079	 	
650000	-1.23709	 	620.283	 	-0.00644265	 	103.43	 	0.453276	 	0.2425	 	8.85269	 	1.41034	 	
651000	-1.23697	 	620.158	 	-0.00620022	 	103.334	 	0.452996	 	0.3425	 	8.85475	 	1.41003	 	
652000	-1.23705	 	620.234	 	-0.00528084	 	103.404	 	0.453211	 	0.365	 	8.85158	 	1.41009	 	
653000	-1.23695	 	620.138	 	-0.00493989	 	103.325	 	0.452978	 	0.275	 	8.85393	 	1.40976	 	
654000	-1.237	 	620.185	 	-0.00410319	 	103.364	 	0.453115	 	0.2125	 	8.84972	 	1.40958	 	
655000	-1.23697	 	620.159	 	-0.00404351	 	103.338	 	0.453045	 	0.2775	 	8.84924	 	1.40942	 	
656000	-1.23702	 	620.212	 	-0.00489436	 	103.394	 	0.453215	 	0.265	 	8.84702	 	1.40984	 	
657000	-1.23704	 	620.225	 	-0.00504051	 	103.412	 	0.453277	 	0.2775	 	8.84479	 	1.40957	 	
658000	-1.23701	 	620.196	 	-0.00481212	 	103.387	 	0.453186	 	0.36	 	8.84859	 	1.40977	 	
659000	-1.23709	 	620.279	 	-0.00394524	 	103.443	 	0.453357	 	0.3625	 	8.84595	 	1.40991	 	
660000	-1.23703	 	620.22	 	-0.00352346	 	103.378	 	0.453141	 	0.335	 	8.85131	 	1.40935	 	
661000	-1.23699	 	620.175	 	-0.00388741	 	103.355	 	0.453095	 	0.3425	 	8.84881	 	1.40901	 	
662000	-1.23704	 	620.222	 	-0.00466789	 	103.385	 	0.453197	 	0.3175	 	8.84579	 	1.40892	 	
663000	-1.23704	 	620.218	 	-0.00407359	 	103.381	 	0.453199	 	0.355	 	8.84395	 	1.40861	 	
664000	-1.23705	 	620.229	 	-0.00449729	 	103.394	 	0.45324	 	0.285	 	8.84318	 	1.40865	 	
665000	-1.237	 	620.184	 	-0.0044512	 	103.366	 	0.453169	 	0.29	 	8.84208	 	1.40851	 	
666000	-1.23696	 	620.139	 	-0.00389718	 	103.333	 	0.45309	 	0.325	 	8.84032	 	1.4082	 	
667000	-1.23688	 	620.055	 	-0.00416832	 	103.268	 	0.45292	 	0.1525	 	8.83896	 	1.40798	 	
668000	-1.23685	 	620.022	 	-0.0040002	 	103.236	 	0.45285	 	0.395	 	8.83617	 	1.4074	 	
669000	-1.2368	 	619.977	 	-0.00348558	 	103.196	 	0.452731	 	0.3025	 	8.83751	 	1.40722	 	
670000	-1.2368	 	619.978	 	-0.00420836	 	103.211	 	0.452791	 	0.3375	 	8.8347	 	1.40704	 	
671000	-1.23675	 	619.927	 	-0.00400925	 	103.172	 	0.452684	 	0.1675	 	8.83444	 	1.40668	 	
672000	-1.23673	 	619.907	 	-0.00381823	 	103.167	 	0.452688	 	0.2425	 	8.83199	 	1.40652	 	
673000	-1.2368	 	619.976	 	-0.00342354	 	103.225	 	0.452859	 	0.2925	 	8.83011	 	1.40664	 	
674000	-1.23688	 	620.055	 	-0.00370162	 	103.275	 	0.452999	 	0.28	 	8.82994	 	1.407	 	
675000	-1.23684	 	620.015	 	-0.00400864	 	103.257	 	0.452951	 	0.18	 	8.82959	 	1.40716	 	
676000	-1.23679	 	619.962	 	-0.00434421	 	103.207	 	0.452811	 	0.26	 	8.8298	 	1.40678	 	
677000	-1.23682	 	619.994	 	-0.00506547	 	103.238	 	0.45289	 	0.2875	 	8.83106	 	1.40697	 	
678000	-1.23684	 	620.015	 	-0.00493699	 	103.266	 	0.452992	 	0.2925	 	8.8272	 	1.40691	 	
679000	-1.23689	 	620.065	 	-0.00479014	 	103.284	 	0.453016	 	0.2525	 	8.83089	 	1.40746	 	
680000	-1.23697	 	620.144	 	-0.00564751	 	103.35	 	0.453214	 	0.2675	 	8.82875	 	1.40754	 	
681000	-1.23701	 	620.185	 	-0.00640546	 	103.384	 	0.453315	 	0.215	 	8.82746	 	1.40743	 	
682000	-1.23697	 	620.142	 	-0.00606295	 	103.347	 	0.453206	 	0.2975	 	8.82855	 	1.40737	 	
683000	-1.23701	 	620.182	 	-0.00587287	 	103.385	 	0.453304	 	0.2675	 	8.8299	 	1.40748	 	
684000	-1.237	 	620.179	 	-0.00604691	 	103.408	 	0.453377	 	0.165	 	8.82824	 	1.40757	 	
685000	-1.23699	 	620.167	 	-0.00664143	 	103.407	 	0.453401	 	0.3175	 	8.82408	 	1.40737	 	
686000	-1.23691	 	620.088	 	-0.00681399	 	103.362	 	0.453259	 	0.345	 	8.8267	 	1.40757	 	
687000	-1.23685	 	620.024	 	-0.00705167	 	103.296	 	0.453058	 	0.3225	 	8.82995	 	1.40708	 	
688000	-1.23681	 	619.987	 	-0.00689818	 	103.271	 	0.452982	 	0.325	 	8.83063	 	1.40705	 	
689000	-1.23678	 	619.959	 	-0.00707764	 	103.258	 	0.452931	 	0.17	 	8.83328	 	1.40734	 	
690000	-1.23682	 	619.995	 	-0.0073661	 	103.283	 	0.452993	 	0.275	 	8.83427	 	1.4075	 	
691000	-1.23689	 	620.072	 	-0.00718558	 	103.353	 	0.453184	 	0.2875	 	8.83435	 	1.40767	 	
692000	-1.23686	 	620.034	 	-0.00694202	 	103.33	 	0.453107	 	0.185	 	8.83659	 	1.40784	 	
693000	-1.23685	 	620.023	 	-0.00694748	 	103.33	 	0.45313	 	0.325	 	8.83292	 	1.40754	 	
694000	-1.23686	 	620.041	 	-0.00669347	 	103.34	 	0.45316	 	0.185	 	8.8328	 	1.40755	 	
695000	-1.23688	 	620.05	 	-0.00608588	 	103.359	 	0.453222	 	0.2875	 	8.8311	 	1.40733	 	
696000	-1.23679	 	619.972	 	-0.00648683	 	103.304	 	0.453048	 	0.265	 	8.83446	 	1.40763	 	
697000	-1.23678	 	619.962	 	-0.00642166	 	103.313	 	0.453082	 	0.15	 	8.83339	 	1.40768	 	
698000	-1.23678	 	619.952	 	-0.00573794	 	103.324	 	0.453136	 	0.275	 	8.8296	 	1.40739	 	
699000	-1.23684	 	620.017	 	-0.00517082	 	103.374	 	0.453276	 	0.2475	 	8.82944	 	1.4077	 	
700000	-1.23684	 	620.02	 	-0.00580444	 	103.375	 	0.453282	 	0.1975	 	8.82891	 	1.40758	 	
701000	-1.2368	 	619.981	 	-0.00615836	 	103.347	 	0.45319	 	0.1925	 	8.83103	 	1.40779	 	
702000	-1.23679	 	619.97	 	-0.00630213	 	103.339	 	0.453192	 	0.26	 	8.82754	 	1.40737	 	
703000	-1.2367	 	619.882	 	-0.00622637	 	103.265	 	0.45296	 	0.2925	 	8.83172	 	1.40741	 	
704000	-1.2367	 	619.873	 	-0.00558852	 	103.268	 	0.45298	 	0.285	 	8.82986	 	1.40703	 	
705000	-1.23672	 	619.891	 	-0.00489112	 	103.287	 	0.453047	 	0.2275	 	8.8276	 	1.40649	 	
706000	-1.23672	 	619.893	 	-0.00437798	 	103.289	 	0.453044	 	0.2375	 	8.82886	 	1.40671	 	
707000	-1.23678	 	619.948	 	-0.00367461	 	103.319	 	0.453142	 	0.275	 	8.82686	 	1.40664	 	
708000	-1.23682	 	619.997	 	-0.00310835	 	103.364	 	0.453269	 	0.2525	 	8.82604	 	1.40717	 	
709000	-1.23684	 	620.019	 	-0.00328155	 	103.381	 	0.453306	 	0.2425	 	8.82778	 	1.4073	 	
710000	-1.23687	 	620.047	 	-0.00386692	 	103.399	 	0.453339	 	0.2775	 	8.83011	 	1.40779	 	
711000	-1.23686	 	620.034	 	-0.00431792	 	103.399	 	0.453338	 	0.2575	 	8.83037	 	1.40793	 	
712000	-1.23687	 	620.048	 	-0.00495956	 	103.405	 	0.453359	 	0.245	 	8.82954	 	1.4081	 	
713000	-1.23691	 	620.09	 	-0.00454302	 	103.426	 	0.453412	 	0.1475	 	8.83031	 	1.40862	 	
714000	-1.23693	 	620.107	 	-0.00384377	 	103.439	 	0.45347	 	0.2925	 	8.82725	 	1.40849	 	
715000	-1.2369	 	620.076	 	-0.0039177	 	103.417	 	0.453413	 	0.32	 	8.82655	 	1.40828	 	
716000	-1.23692	 	620.105	 	-0.0039797	 	103.443	 	0.453504	 	0.2275	 	8.82351	 	1.40841	 	
717000	-1.23689	 	620.07	 	-0.00351411	 	103.419	 	0.453435	 	0.29	 	8.82395	 	1.40824	 	
718000	-1.23688	 	620.064	 	-0.00299618	 	103.418	 	0.453422	 	0.315	 	8.82542	 	1.40836	 	
719000	-1.23688	 	620.061	 	-0.00232757	 	103.428	 	0.453465	 	0.375	 	8.82323	 	1.40819	 	
720000	-1.23684	 	620.025	 	-0.00185927	 	103.391	 	0.45334	 	0.2125	 	8.82673	 	1.40823	 	
721000	-1.23677	 	619.949	 	-0.0021781	 	103.344	 	0.4532	 	0.27	 	8.82832	 	1.4082	 	
722000	-1.23675	 	619.929	 	-0.00268109	 	103.323	 	0.453148	 	0.24	 	8.82732	 	1.4079	 	
723000	-1.23677	 	619.947	 	-0.00339766	 	103.347	 	0.453247	 	0.285	 	8.82256	 	1.40753	 	
724000	-1.23676	 	619.932	 	-0.00369673	 	103.336	 	0.453224	 	0.27	 	8.82123	 	1.40742	 	
725000	-1.23681	 	619.986	 	-0.00309352	 	103.366	 	0.453291	 	0.3625	 	8.82363	 	1.40808	 	
726000	-1.23681	 	619.988	 	-0.00354172	 	103.371	 	0.453324	 	0.31	 	8.82096	 	1.40773	 	
727000	-1.23685	 	620.035	 	-0.00416297	 	103.399	 	0.453373	 	0.3225	 	8.8251	 	1.40858	 	
728000	-1.23689	 	620.071	 	-0.00480958	 	103.429	 	0.453456	 	0.3275	 	8.8249	 	1.40903	 	
729000	-1.2369	 	620.091	 	-0.004597	 	103.439	 	0.453474	 	0.2925	 	8.8263	 	1.40924	 	
730000	-1.23687	 	620.057	 	-0.00509709	 	103.404	 	0.453377	 	0.275	 	8.82664	 	1.40894	 	
731000	-1.23684	 	620.03	 	-0.00541108	 	103.395	 	0.453348	 	0.18	 	8.82716	 	1.40919	 	
732000	-1.23692	 	620.101	 	-0.00582538	 	103.449	 	0.453511	 	0.25	 	8.82508	 	1.40921	 	
733000	-1.23688	 	620.071	 	-0.00622276	 	103.427	 	0.453445	 	0.28	 	8.82597	 	1.40921	 	
734000	-1.23693	 	620.12	 	-0.00694789	 	103.472	 	0.453568	 	0.1375	 	8.82613	 	1.40942	 	
735000	-1.23694	 	620.125	 	-0.00756407	 	103.479	 	0.453597	 	0.3	 	8.82435	 	1.40912	 	
736000	-1.23693	 	620.117	 	-0.00694966	 	103.476	 	0.453595	 	0.2225	 	8.82368	 	1.40887	 	
737000	-1.23693	 	620.109	 	-0.00696208	 	103.479	 	0.453614	 	0.25	 	8.82186	 	1.40861	 	
738000	-1.23686	 	620.046	 	-0.00724844	 	103.425	 	0.453446	 	0.3375	 	8.82488	 	1.40856	 	
739000	-1.23678	 	619.963	 	-0.00733422	 	103.358	 	0.453243	 	0.1825	 	8.82749	 	1.40829	 	
740000	-1.23682	 	620	 	-0.00725491	 	103.38	 	0.453307	 	0.3025	 	8.82707	 	1.40862	 	
741000	-1.23676	 	619.945	 	-0.00729349	 	103.343	 	0.453194	 	0.305	 	8.82874	 	1.40855	 	
742000	-1.23674	 	619.922	 	-0.00736489	 	103.323	 	0.453158	 	0.225	 	8.82583	 	1.40807	 	
743000	-1.23672	 	619.903	 	-0.00757932	 	103.309	 	0.453118	 	0.2875	 	8.826	 	1.40777	 	
744000	-1.23681	 	619.991	 	-0.00832817	 	103.381	 	0.453303	 	0.2375	 	8.82804	 	1.40838	 	
745000	-1.23682	 	620.001	 	-0.0086357	 	103.388	 	0.453331	 	0.305	 	8.82698	 	1.40848	 	
746000	-1.23678	 	619.964	 	-0.00835468	 	103.356	 	0.453234	 	0.255	 	8.82815	 	1.40825	 	
747000	-1.23687	 	620.052	 	-0.00909013	 	103.41	 	0.453377	 	0.315	 	8.82901	 	1.40885	 	
748000	-1.23682	 	619.999	 	-0.0095634	 	103.38	 	0.453279	 	0.275	 	8.83144	 	1.40859	 	
749000	-1.23683	 	620.017	 	-0.0101073	 	103.39	 	0.453298	 	0.31	 	8.83252	 	1.40854	 	
750000	-1.23684	 	620.019	 	-0.00955137	 	103.39	 	0.453295	 	0.255	 	8.83292	 	1.40835	 	
751000	-1.23688	 	620.056	 	-0.00885835	 	103.415	 	0.453376	 	0.2525	 	8.83147	 	1.40811	 	
752000	-1.23686	 	620.035	 	-0.00865782	 	103.414	 	0.453385	 	0.2325	 	8.8296	 	1.40815	 	
753000	-1.23685	 	620.033	 	-0.00894782	 	103.406	 	0.453372	 	0.28	 	8.82831	 	1.40802	 	
754000	-1.23689	 	620.066	 	-0.00852361	 	103.428	 	0.453424	 	0.17	 	8.82934	 	1.4083	 	
755000	-1.23686	 	620.045	 	-0.0082077	 	103.405	 	0.453327	 	0.2975	 	8.83468	 	1.40868	 	
756000	-1.23691	 	620.093	 	-0.00756587	 	103.429	 	0.45338	 	0.145	 	8.83678	 	1.40878	 	
757000	-1.23699	 	620.173	 	-0.00678318	 	103.491	 	0.453554	 	0.27	 	8.83614	 	1.40908	 	
758000	-1.23697	 	620.155	 	-0.00700799	 	103.49	 	0.453536	 	0.4225	 	8.83824	 	1.40931	 	
759000	-1.23697	 	620.158	 	-0.00645214	 	103.496	 	0.453555	 	0.2025	 	8.83785	 	1.40919	 	
760000	-1.23697	 	620.15	 	-0.00648704	 	103.471	 	0.453489	 	0.3275	 	8.83781	 	1.40894	 	
761000	-1.23697	 	620.153	 	-0.0069453	 	103.457	 	0.45345	 	0.2625	 	8.83774	 	1.40861	 	
762000	-1.23701	 	620.187	 	-0.00766642	 	103.493	 	0.453585	 	0.25	 	8.83228	 	1.40824	 	
763000	-1.23705	 	620.227	 	-0.00835283	 	103.528	 	0.453689	 	0.37	 	8.83106	 	1.40846	 	
764000	-1.23703	 	620.212	 	-0.00787627	 	103.503	 	0.453609	 	0.3075	 	8.8329	 	1.40816	 	
765000	-1.23701	 	620.184	 	-0.00786514	 	103.482	 	0.453531	 	0.2625	 	8.83599	 	1.40814	 	
766000	-1.23698	 	620.155	 	-0.00811545	 	103.461	 	0.453459	 	0.255	 	8.83801	 	1.40834	 	
767000	-1.23691	 	620.094	 	-0.00824804	 	103.424	 	0.453358	 	0.3625	 	8.83781	 	1.40836	 	
768000	-1.23692	 	620.103	 	-0.00834293	 	103.421	 	0.453351	 	0.2625	 	8.83776	 	1.40838	 	
769000	-1.2369	 	620.082	 	-0.00868647	 	103.402	 	0.453289	 	0.2725	 	8.83886	 	1.40839	 	
770000	-1.23691	 	620.091	 	-0.00899094	 	103.404	 	0.453311	 	0.2725	 	8.83657	 	1.40807	 	
771000	-1.23688	 	620.054	 	-0.00900857	 	103.374	 	0.453234	 	0.2575	 	8.83554	 	1.40765	 	
772000	-1.23698	 	620.156	 	-0.00979146	 	103.45	 	0.453443	 	0.3425	 	8.83578	 	1.40821	 	
773000	-1.23695	 	620.132	 	-0.00947223	 	103.427	 	0.453353	 	0.285	 	8.83956	 	1.40811	 	
774000	-1.23699	 	620.171	 	-0.00896231	 	103.454	 	0.453407	 	0.1575	 	8.84301	 	1.40884	 	
775000	-1.23696	 	620.145	 	-0.00891308	 	103.432	 	0.453355	 	0.325	 	8.84145	 	1.40875	 	
776000	-1.23702	 	620.209	 	-0.0091352	 	103.477	 	0.453464	 	0.2475	 	8.84382	 	1.40936	 	
777000	-1.23703	 	620.211	 	-0.00964192	 	103.486	 	0.453492	 	0.3325	 	8.84326	 	1.40942	 	
778000	-1.23702	 	620.205	 	-0.00991206	 	103.482	 	0.453481	 	0.1975	 	8.84353	 	1.40957	 	
779000	-1.23705	 	620.237	 	-0.00998822	 	103.513	 	0.453589	 	0.17	 	8.83985	 	1.4094	 	
780000	-1.23698	 	620.169	 	-0.0101002	 	103.466	 	0.453448	 	0.2325	 	8.84162	 	1.40918	 	
781000	-1.23699	 	620.175	 	-0.0101812	 	103.475	 	0.453467	 	0.2675	 	8.84253	 	1.40892	 	
782000	-1.23698	 	620.165	 	-0.00995458	 	103.469	 	0.453467	 	0.3025	 	8.83982	 	1.40874	 	
783000	-1.23695	 	620.127	 	-0.00990027	 	103.442	 	0.453392	 	0.26	 	8.83992	 	1.40842	 	
784000	-1.23693	 	620.107	 	-0.00950248	 	103.419	 	0.453314	 	0.2775	 	8.84249	 	1.40818	 	
785000	-1.23695	 	620.124	 	-0.0100228	 	103.419	 	0.453304	 	0.18	 	8.84379	 	1.40779	 	
786000	-1.23696	 	620.138	 	-0.0106053	 	103.43	 	0.453342	 	0.275	 	8.84263	 	1.40789	 	
787000	-1.23696	 	620.136	 	-0.0101797	 	103.435	 	0.453368	 	0.3225	 	8.84088	 	1.4076	 	
788000	-1.23699	 	620.168	 	-0.0096068	 	103.459	 	0.453443	 	0.21	 	8.83943	 	1.4076	 	
789000	-1.23697	 	620.146	 	-0.00934982	 	103.439	 	0.453379	 	0.29	 	8.84065	 	1.40765	 	
790000	-1.23694	 	620.12	 	-0.00965211	 	103.415	 	0.453322	 	0.3025	 	8.83925	 	1.40759	 	
791000	-1.23694	 	620.119	 	-0.00962884	 	103.406	 	0.453295	 	0.3475	 	8.83972	 	1.4076	 	
792000	-1.23686	 	620.04	 	-0.00937431	 	103.342	 	0.453086	 	0.2425	 	8.84449	 	1.40768	 	
793000	-1.23688	 	620.056	 	-0.00971115	 	103.345	 	0.453095	 	0.3125	 	8.84467	 	1.40762	 	
794000	-1.23687	 	620.049	 	-0.0102944	 	103.352	 	0.453131	 	0.25	 	8.84204	 	1.40748	 	
795000	-1.23686	 	620.04	 	-0.0102614	 	103.354	 	0.453131	 	0.2325	 	8.84274	 	1.40748	 	
796000	-1.2368	 	619.979	 	-0.0104728	 	103.299	 	0.452976	 	0.31	 	8.84344	 	1.40738	 	
797000	-1.23672	 	619.897	 	-0.0106816	 	103.236	 	0.452792	 	0.3025	 	8.8447	 	1.40702	 	
798000	-1.23669	 	619.869	 	-0.0111545	 	103.21	 	0.452722	 	0.315	 	8.84459	 	1.40684	 	
799000	-1.23662	 	619.793	 	-0.0109227	 	103.136	 	0.452492	 	0.32	 	8.84869	 	1.40645	 	
800000	-1.23661	 	619.783	 	-0.0104888	 	103.128	 	0.452465	 	0.285	 	8.84908	 	1.40617	 	
801000	-1.23668	 	619.848	 	-0.0104448	 	103.155	 	0.452523	 	0.1675	 	8.85177	 	1.40649	 	
802000	-1.23663	 	619.803	 	-0.0106998	 	103.128	 	0.45244	 	0.27	 	8.8532	 	1.40661	 	
803000	-1.23656	 	619.733	 	-0.0108122	 	103.08	 	0.452314	 	0.3325	 	8.852	 	1.40651	 	
804000	-1.23654	 	619.713	 	-0.0106334	 	103.059	 	0.452263	 	0.2375	 	8.85121	 	1.40612	 	
805000	-1.23659	 	619.758	 	-0.0108712	 	103.095	 	0.452376	 	0.2525	 	8.84911	 	1.40618	 	
806000	-1.23657	 	619.741	 	-0.0107133	 	103.087	 	0.452354	 	0.2175	 	8.84883	 	1.40615	 	
807000	-1.23659	 	619.76	 	-0.0103316	 	103.106	 	0.452412	 	0.3275	 	8.84795	 	1.40627	 	
808000	-1.23663	 	619.807	 	-0.00989816	 	103.134	 	0.452472	 	0.29	 	8.85076	 	1.40663	 	
809000	-1.2366	 	619.768	 	-0.00985721	 	103.109	 	0.452399	 	0.305	 	8.85123	 	1.40636	 	
810000	-1.23659	 	619.758	 	-0.0101317	 	103.109	 	0.4524	 	0.2125	 	8.85129	 	1.40645	 	
811000	-1.23662	 	619.794	 	-0.00943031	 	103.15	 	0.452531	 	0.255	 	8.84845	 	1.40648	 	
812000	-1.23665	 	619.829	 	-0.00884702	 	103.175	 	0.452594	 	0.25	 	8.84925	 	1.40682	 	
813000	-1.23666	 	619.832	 	-0.00877319	 	103.174	 	0.452578	 	0.32	 	8.85121	 	1.4069	 	
814000	-1.23664	 	619.817	 	-0.00896271	 	103.159	 	0.452535	 	0.26	 	8.85167	 	1.40681	 	
815000	-1.23662	 	619.799	 	-0.0091148	 	103.159	 	0.45254	 	0.19	 	8.8507	 	1.4068	 	
816000	-1.23668	 	619.856	 	-0.00978188	 	103.203	 	0.45267	 	0.3275	 	8.84965	 	1.4069	 	
817000	-1.23671	 	619.879	 	-0.0104067	 	103.228	 	0.452753	 	0.2275	 	8.84752	 	1.40648	 	
818000	-1.23664	 	619.817	 	-0.0104382	 	103.184	 	0.452615	 	0.2575	 	8.84998	 	1.40656	 	
819000	-1.23661	 	619.785	 	-0.00996489	 	103.163	 	0.452563	 	0.3275	 	8.84912	 	1.40643	 	
820000	-1.23665	 	619.82	 	-0.0105032	 	103.196	 	0.452664	 	0.3275	 	8.84774	 	1.40645	 	
821000	-1.23665	 	619.822	 	-0.0100505	 	103.195	 	0.452667	 	0.2925	 	8.84674	 	1.40625	 	
822000	-1.23667	 	619.841	 	-0.0106399	 	103.215	 	0.452721	 	0.3325	 	8.84685	 	1.40661	 	
823000	-1.23666	 	619.833	 	-0.0103884	 	103.205	 	0.452695	 	0.215	 	8.8466	 	1.40637	 	
824000	-1.23661	 	619.779	 	-0.0101536	 	103.146	 	0.452505	 	0.2125	 	8.85088	 	1.40614	 	
825000	-1.2366	 	619.773	 	-0.010215	 	103.131	 	0.452469	 	0.24	 	8.84974	 	1.40571	 	
826000	-1.23663	 	619.795	 	-0.0106667	 	103.154	 	0.452549	 	0.23	 	8.84754	 	1.40533	 	
827000	-1.23661	 	619.774	 	-0.0111487	 	103.146	 	0.452513	 	0.31	 	8.84967	 	1.40544	 	
828000	-1.23662	 	619.79	 	-0.0116698	 	103.152	 	0.452525	 	0.3175	 	8.85031	 	1.40549	 	
829000	-1.2366	 	619.769	 	-0.0116992	 	103.134	 	0.452464	 	0.2825	 	8.8517	 	1.40532	 	
830000	-1.23655	 	619.718	 	-0.0116163	 	103.093	 	0.452347	 	0.11	 	8.85248	 	1.40546	 	
831000	-1.23661	 	619.777	 	-0.0109472	 	103.134	 	0.452459	 	0.19	 	8.85248	 	1.40549	 	
832000	-1.23667	 	619.834	 	-0.0102914	 	103.174	 	0.452568	 	0.165	 	8.85291	 	1.40564	 	
833000	-1.23672	 	619.891	 	-0.00972166	 	103.224	 	0.452703	 	0.24	 	8.85345	 	1.40609	 	
834000	-1.23669	 	619.862	 	-0.00996802	 	103.197	 	0.452639	 	0.335	 	8.85183	 	1.40593	 	
835000	-1.23668	 	619.848	 	-0.00943004	 	103.199	 	0.452649	 	0.225	 	8.85091	 	1.40582	 	
836000	-1.23669	 	619.86	 	-0.0088652	 	103.208	 	0.452676	 	0.1675	 	8.85081	 	1.40607	 	
837000	-1.23668	 	619.848	 	-0.00910554	 	103.204	 	0.452643	 	0.23	 	8.85393	 	1.40649	 	
838000	-1.23663	 	619.804	 	-0.00952708	 	103.18	 	0.452568	 	0.295	 	8.85518	 	1.40655	 	
839000	-1.23666	 	619.835	 	-0.00940496	 	103.2	 	0.45263	 	0.2625	 	8.85443	 	1.40652	 	
840000	-1.23665	 	619.82	 	-0.00969961	 	103.19	 	0.452607	 	0.315	 	8.8536	 	1.40642	 	
841000	-1.23661	 	619.78	 	-0.00959348	 	103.174	 	0.452564	 	0.3575	 	8.8533	 	1.40655	 	
842000	-1.23657	 	619.742	 	-0.00930411	 	103.138	 	0.452454	 	0.215	 	8.85503	 	1.4064	 	
843000	-1.23656	 	619.729	 	-0.00930229	 	103.134	 	0.452436	 	0.2625	 	8.85613	 	1.4064	 	
844000	-1.23665	 	619.823	 	-0.0100128	 	103.198	 	0.452622	 	0.2825	 	8.85478	 	1.40667	 	
845000	-1.23672	 	619.894	 	-0.00973611	 	103.254	 	0.452791	 	0.17	 	8.8524	 	1.40682	 	
846000	-1.2368	 	619.977	 	-0.00906911	 	103.306	 	0.45294	 	0.285	 	8.85158	 	1.40701	 	
847000	-1.23683	 	620.008	 	-0.00850244	 	103.317	 	0.452978	 	0.33	 	8.85053	 	1.40721	 	
848000	-1.23687	 	620.043	 	-0.00890573	 	103.346	 	0.45305	 	0.145	 	8.85158	 	1.40749	 	
849000	-1.23689	 	620.063	 	-0.00850914	 	103.351	 	0.453064	 	0.3075	 	8.852	 	1.4075	 	
850000	-1.23682	 	619.991	 	-0.00856702	 	103.294	 	0.452876	 	0.1475	 	8.85629	 	1.40737	 	
851000	-1.23682	 	619.996	 	-0.00821447	 	103.303	 	0.452905	 	0.165	 	8.8557	 	1.40727	 	
852000	-1.2368	 	619.975	 	-0.00824951	 	103.303	 	0.452926	 	0.32	 	8.85281	 	1.40709	 	
853000	-1.23686	 	620.03	 	-0.00881097	 	103.343	 	0.453045	 	0.27	 	8.8513	 	1.40734	 	
854000	-1.23688	 	620.05	 	-0.00859355	 	103.352	 	0.453081	 	0.3	 	8.84957	 	1.4072	 	
855000	-1.23688	 	620.06	 	-0.00908135	 	103.369	 	0.453129	 	0.2875	 	8.84921	 	1.40756	 	
856000	-1.23691	 	620.082	 	-0.00892234	 	103.381	 	0.453163	 	0.3025	 	8.84948	 	1.40746	 	
857000	-1.23682	 	619.994	 	-0.00877751	 	103.309	 	0.452951	 	0.235	 	8.85136	 	1.4072	 	
858000	-1.2368	 	619.978	 	-0.00921941	 	103.3	 	0.45291	 	0.27	 	8.85384	 	1.40744	 	
859000	-1.23681	 	619.986	 	-0.00876488	 	103.3	 	0.452904	 	0.3125	 	8.85479	 	1.40721	 	
860000	-1.23672	 	619.898	 	-0.00869858	 	103.244	 	0.452745	 	0.245	 	8.85527	 	1.40702	 	
861000	-1.23669	 	619.864	 	-0.00912196	 	103.224	 	0.452692	 	0.3325	 	8.85499	 	1.40694	 	
862000	-1.2367	 	619.874	 	-0.00855989	 	103.233	 	0.45272	 	0.3125	 	8.85465	 	1.407	 	
863000	-1.23661	 	619.788	 	-0.00863111	 	103.166	 	0.452505	 	0.3775	 	8.85904	 	1.40717	 	
864000	-1.23657	 	619.749	 	-0.00864003	 	103.124	 	0.452377	 	0.24	 	8.86092	 	1.40697	 	
865000	-1.23659	 	619.765	 	-0.00888472	 	103.136	 	0.45241	 	0.3225	 	8.86094	 	1.40719	 	
866000	-1.23663	 	619.805	 	-0.00931195	 	103.165	 	0.452483	 	0.2525	 	8.86204	 	1.40756	 	
867000	-1.23663	 	619.809	 	-0.00885232	 	103.159	 	0.452455	 	0.1775	 	8.8636	 	1.40745	 	
868000	-1.23664	 	619.821	 	-0.0083123	 	103.168	 	0.452481	 	0.32	 	8.86359	 	1.4077	 	
869000	-1.23666	 	619.843	 	-0.00777335	 	103.182	 	0.452518	 	0.285	 	8.86362	 	1.40765	 	
870000	-1.23662	 	619.797	 	-0.00760018	 	103.151	 	0.452432	 	0.23	 	8.86368	 	1.40744	 	
871000	-1.23665	 	619.83	 	-0.00814693	 	103.177	 	0.452492	 	0.185	 	8.86552	 	1.40754	 	
872000	-1.2367	 	619.875	 	-0.00816413	 	103.218	 	0.452625	 	0.2925	 	8.86247	 	1.40739	 	
873000	-1.23663	 	619.806	 	-0.00815884	 	103.172	 	0.452499	 	0.2025	 	8.86226	 	1.40739	 	
874000	-1.23671	 	619.887	 	-0.00744199	 	103.239	 	0.452689	 	0.19	 	8.8618	 	1.40771	 	
875000	-1.23674	 	619.92	 	-0.00710812	 	103.261	 	0.452757	 	0.245	 	8.86073	 	1.40745	 	
876000	-1.23678	 	619.958	 	-0.00767702	 	103.296	 	0.452852	 	0.1325	 	8.86096	 	1.40798	 	
877000	-1.23678	 	619.962	 	-0.00819659	 	103.3	 	0.452869	 	0.1675	 	8.86	 	1.40802	 	
878000	-1.23677	 	619.95	 	-0.00850144	 	103.292	 	0.452832	 	0.3325	 	8.86198	 	1.40799	 	
879000	-1.23675	 	619.935	 	-0.00877745	 	103.282	 	0.452798	 	0.2325	 	8.86327	 	1.40814	 	
880000	-1.23673	 	619.911	 	-0.00869982	 	103.268	 	0.452741	 	0.3225	 	8.86598	 	1.40842	 	
881000	-1.23673	 	619.911	 	-0.00863957	 	103.257	 	0.452713	 	0.3	 	8.86567	 	1.40838	 	
882000	-1.23667	 	619.856	 	-0.00833262	 	103.218	 	0.452609	 	0.2975	 	8.86495	 	1.40803	 	
883000	-1.23674	 	619.925	 	-0.00766176	 	103.27	 	0.452758	 	0.275	 	8.86426	 	1.40832	 	
884000	-1.23678	 	619.963	 	-0.00700406	 	103.31	 	0.452895	 	0.2825	 	8.8602	 	1.40803	 	
885000	-1.23678	 	619.962	 	-0.00685142	 	103.308	 	0.452886	 	0.28	 	8.86057	 	1.40796	 	
886000	-1.23678	 	619.957	 	-0.00645682	 	103.304	 	0.452874	 	0.18	 	8.8609	 	1.40786	 	
887000	-1.23682	 	619.996	 	-0.00582455	 	103.343	 	0.452991	 	0.2775	 	8.85946	 	1.40783	 	
888000	-1.23679	 	619.969	 	-0.00556681	 	103.327	 	0.452932	 	0.24	 	8.86173	 	1.40837	 	
889000	-1.23672	 	619.902	 	-0.00549067	 	103.278	 	0.452811	 	0.335	 	8.85952	 	1.40806	 	
890000	-1.2367	 	619.882	 	-0.00576656	 	103.255	 	0.452742	 	0.28	 	8.86035	 	1.4081	 	
891000	-1.23669	 	619.871	 	-0.00520974	 	103.262	 	0.452785	 	0.2225	 	8.85685	 	1.40775	 	
892000	-1.23675	 	619.928	 	-0.00533899	 	103.31	 	0.452928	 	0.2925	 	8.85519	 	1.40772	 	
893000	-1.2367	 	619.88	 	-0.00563196	 	103.27	 	0.452818	 	0.3075	 	8.85529	 	1.40765	 	
894000	-1.23675	 	619.927	 	-0.00520232	 	103.298	 	0.452905	 	0.2025	 	8.85381	 	1.40752	 	
895000	-1.23675	 	619.932	 	-0.00478693	 	103.306	 	0.452923	 	0.3825	 	8.85446	 	1.4079	 	
896000	-1.23681	 	619.988	 	-0.00543291	 	103.356	 	0.453068	 	0.1675	 	8.85325	 	1.40807	 	
897000	-1.23678	 	619.956	 	-0.00581258	 	103.329	 	0.452993	 	0.275	 	8.85314	 	1.40778	 	
898000	-1.23677	 	619.95	 	-0.00568216	 	103.329	 	0.452998	 	0.3175	 	8.85255	 	1.40769	 	
899000	-1.23678	 	619.956	 	-0.00548088	 	103.337	 	0.453041	 	0.335	 	8.84947	 	1.40768	 	
900000	-1.23679	 	619.97	 	-0.00572042	 	103.35	 	0.453079	 	0.265	 	8.84911	 	1.40783	 	
901000	-1.23673	 	619.907	 	-0.00580978	 	103.31	 	0.452968	 	0.2575	 	8.84914	 	1.40791	 	
902000	-1.23674	 	619.917	 	-0.00569529	 	103.326	 	0.45302	 	0.2175	 	8.84823	 	1.40802	 	
903000	-1.23677	 	619.948	 	-0.00624246	 	103.358	 	0.453117	 	0.2075	 	8.8468	 	1.40803	 	
904000	-1.23674	 	619.916	 	-0.00670153	 	103.346	 	0.453099	 	0.3125	 	8.84435	 	1.40773	 	
905000	-1.23677	 	619.948	 	-0.00725067	 	103.377	 	0.453182	 	0.36	 	8.84497	 	1.40766	 	
906000	-1.23669	 	619.873	 	-0.00709588	 	103.323	 	0.453027	 	0.205	 	8.84558	 	1.40752	 	
907000	-1.23676	 	619.938	 	-0.00651246	 	103.365	 	0.453142	 	0.2925	 	8.84573	 	1.40764	 	
908000	-1.23676	 	619.942	 	-0.00633008	 	103.374	 	0.453184	 	0.2675	 	8.84339	 	1.40758	 	
909000	-1.23678	 	619.954	 	-0.00627472	 	103.39	 	0.453225	 	0.3325	 	8.84386	 	1.40782	 	
910000	-1.23681	 	619.984	 	-0.00573508	 	103.403	 	0.453274	 	0.205	 	8.84163	 	1.40762	 	
911000	-1.2368	 	619.976	 	-0.00557812	 	103.393	 	0.453259	 	0.2925	 	8.83962	 	1.4074	 	
912000	-1.23679	 	619.966	 	-0.00542982	 	103.381	 	0.453229	 	0.2375	 	8.83935	 	1.40715	 	
913000	-1.23675	 	619.93	 	-0.00567683	 	103.358	 	0.453138	 	0.3075	 	8.84341	 	1.40744	 	
914000	-1.23675	 	619.925	 	-0.0058262	 	103.36	 	0.453154	 	0.28	 	8.84213	 	1.40734	 	
915000	-1.23677	 	619.95	 	-0.00602065	 	103.371	 	0.453158	 	0.2	 	8.84586	 	1.4078	 	
916000	-1.23679	 	619.964	 	-0.00608376	 	103.378	 	0.453189	 	0.12	 	8.84418	 	1.40762	 	
917000	-1.23682	 	619.993	 	-0.00552354	 	103.406	 	0.453283	 	0.275	 	8.84167	 	1.40744	 	
918000	-1.23681	 	619.988	 	-0.00575296	 	103.408	 	0.453301	 	0.3075	 	8.83986	 	1.40721	 	
919000	-1.23678	 	619.959	 	-0.00553345	 	103.403	 	0.453285	 	0.1875	 	8.83994	 	1.40707	 	
920000	-1.2368	 	619.974	 	-0.00547335	 	103.41	 	0.453316	 	0.3525	 	8.83846	 	1.40691	 	
921000	-1.23685	 	620.021	 	-0.00603625	 	103.437	 	0.453396	 	0.365	 	8.83735	 	1.40683	 	
922000	-1.23683	 	620.003	 	-0.00599203	 	103.423	 	0.453351	 	0.2575	 	8.83841	 	1.40691	 	
923000	-1.23684	 	620.01	 	-0.0061428	 	103.438	 	0.453411	 	0.2725	 	8.83543	 	1.4069	 	
924000	-1.23681	 	619.984	 	-0.00622744	 	103.413	 	0.453336	 	0.255	 	8.83664	 	1.40699	 	
925000	-1.23682	 	619.99	 	-0.00621005	 	103.414	 	0.453346	 	0.2075	 	8.83546	 	1.40682	 	
926000	-1.23681	 	619.985	 	-0.00621587	 	103.42	 	0.453356	 	0.285	 	8.83652	 	1.40714	 	
927000	-1.2368	 	619.972	 	-0.0062546	 	103.41	 	0.453334	 	0.3275	 	8.83571	 	1.40718	 	
928000	-1.23677	 	619.949	 	-0.00625948	 	103.4	 	0.453288	 	0.305	 	8.83819	 	1.40742	 	
929000	-1.23677	 	619.946	 	-0.00665396	 	103.407	 	0.453316	 	0.2175	 	8.8369	 	1.40727	 	
930000	-1.23678	 	619.961	 	-0.00687311	 	103.413	 	0.453336	 	0.2025	 	8.83667	 	1.40741	 	
931000	-1.23681	 	619.984	 	-0.00676848	 	103.44	 	0.453421	 	0.24	 	8.8351	 	1.40732	 	
932000	-1.23682	 	619.993	 	-0.00692023	 	103.442	 	0.453439	 	0.2375	 	8.833	 	1.40692	 	
933000	-1.23684	 	620.012	 	-0.00643282	 	103.457	 	0.453476	 	0.3425	 	8.83378	 	1.40707	 	
934000	-1.23682	 	619.997	 	-0.00629239	 	103.44	 	0.453398	 	0.2	 	8.83821	 	1.40715	 	
935000	-1.23688	 	620.058	 	-0.00688335	 	103.48	 	0.453511	 	0.2225	 	8.83809	 	1.40742	 	
936000	-1.23685	 	620.024	 	-0.006579	 	103.457	 	0.453435	 	0.275	 	8.84001	 	1.40759	 	
937000	-1.23683	 	620.008	 	-0.00687552	 	103.444	 	0.453407	 	0.295	 	8.83872	 	1.40739	 	
938000	-1.23685	 	620.024	 	-0.00678916	 	103.441	 	0.453379	 	0.27	 	8.84181	 	1.40773	 	
939000	-1.23689	 	620.072	 	-0.00668968	 	103.473	 	0.453468	 	0.3325	 	8.84157	 	1.40779	 	
940000	-1.23688	 	620.061	 	-0.00668785	 	103.466	 	0.453443	 	0.345	 	8.84243	 	1.40795	 	
941000	-1.23686	 	620.037	 	-0.00623247	 	103.455	 	0.453417	 	0.3775	 	8.84153	 	1.40779	 	
942000	-1.23692	 	620.103	 	-0.00672285	 	103.498	 	0.453531	 	0.23	 	8.84227	 	1.40828	 	
943000	-1.23694	 	620.115	 	-0.00629929	 	103.514	 	0.453585	 	0.2475	 	8.84082	 	1.40818	 	
944000	-1.23698	 	620.161	 	-0.00596517	 	103.556	 	0.453705	 	0.325	 	8.84021	 	1.40834	 	
945000	-1.23701	 	620.187	 	-0.0054039	 	103.582	 	0.453784	 	0.195	 	8.83925	 	1.40825	 	
946000	-1.23704	 	620.217	 	-0.00527281	 	103.599	 	0.453811	 	0.3625	 	8.84233	 	1.40854	 	
947000	-1.237	 	620.181	 	-0.00562693	 	103.573	 	0.453745	 	0.3325	 	8.84116	 	1.40816	 	
948000	-1.23702	 	620.198	 	-0.00530409	 	103.588	 	0.4538	 	0.27	 	8.83927	 	1.40797	 	
949000	-1.23699	 	620.167	 	-0.00500442	 	103.57	 	0.453757	 	0.2375	 	8.83815	 	1.40765	 	
950000	-1.23694	 	620.118	 	-0.00483779	 	103.54	 	0.453675	 	0.21	 	8.83812	 	1.4076	 	
951000	-1.23695	 	620.126	 	-0.00473669	 	103.542	 	0.453665	 	0.35	 	8.84049	 	1.40777	 	
952000	-1.237	 	620.175	 	-0.00416081	 	103.579	 	0.453764	 	0.315	 	8.84097	 	1.40781	 	
953000	-1.23696	 	620.135	 	-0.00396877	 	103.56	 	0.453704	 	0.3975	 	8.84202	 	1.40793	 	
954000	-1.23687	 	620.05	 	-0.0039223	 	103.497	 	0.453517	 	0.3275	 	8.84421	 	1.40788	 	
955000	-1.23685	 	620.031	 	-0.00365863	 	103.49	 	0.4535	 	0.385	 	8.8437	 	1.40773	 	
956000	-1.23686	 	620.043	 	-0.0034777	 	103.493	 	0.453501	 	0.27	 	8.84484	 	1.4081	 	
957000	-1.2369	 	620.084	 	-0.00346338	 	103.521	 	0.45358	 	0.165	 	8.84442	 	1.40824	 	
958000	-1.23693	 	620.116	 	-0.00367145	 	103.546	 	0.453637	 	0.3025	 	8.84635	 	1.40858	 	
959000	-1.23695	 	620.126	 	-0.00414772	 	103.555	 	0.453665	 	0.2225	 	8.84579	 	1.4084	 	
960000	-1.23689	 	620.071	 	-0.00384666	 	103.527	 	0.453586	 	0.2225	 	8.846	 	1.40844	 	
961000	-1.23688	 	620.061	 	-0.00347112	 	103.528	 	0.453602	 	0.2075	 	8.8442	 	1.40831	 	
962000	-1.2369	 	620.085	 	-0.00301971	 	103.548	 	0.453656	 	0.3225	 	8.84432	 	1.40862	 	
963000	-1.23687	 	620.058	 	-0.00321973	 	103.532	 	0.453602	 	0.21	 	8.84597	 	1.4087	 	
964000	-1.23692	 	620.104	 	-0.00377143	 	103.56	 	0.453686	 	0.185	 	8.84498	 	1.40887	 	
965000	-1.23698	 	620.166	 	-0.00438321	 	103.614	 	0.453832	 	0.2825	 	8.84505	 	1.40924	 	
966000	-1.23702	 	620.209	 	-0.00491782	 	103.646	 	0.453907	 	0.3225	 	8.84723	 	1.40937	 	
967000	-1.23696	 	620.145	 	-0.00513209	 	103.59	 	0.453746	 	0.3675	 	8.84847	 	1.40925	 	
968000	-1.23699	 	620.18	 	-0.00506709	 	103.61	 	0.453797	 	0.375	 	8.84908	 	1.40947	 	
969000	-1.23699	 	620.172	 	-0.00496671	 	103.605	 	0.453769	 	0.26	 	8.85097	 	1.40945	 	
970000	-1.23702	 	620.211	 	-0.00438948	 	103.64	 	0.453874	 	0.1875	 	8.84988	 	1.40987	 	
971000	-1.23706	 	620.245	 	-0.00398199	 	103.664	 	0.45394	 	0.2775	 	8.8498	 	1.40978	 	
972000	-1.23706	 	620.251	 	-0.00418199	 	103.663	 	0.45393	 	0.2625	 	8.85076	 	1.40977	 	
973000	-1.23705	 	620.235	 	-0.00449066	 	103.647	 	0.453877	 	0.2575	 	8.85236	 	1.40991	 	
974000	-1.23708	 	620.264	 	-0.00396825	 	103.666	 	0.453946	 	0.2925	 	8.84976	 	1.4096	 	
975000	-1.23708	 	620.271	 	-0.00356745	 	103.666	 	0.453941	 	0.2975	 	8.85062	 	1.4097	 	
976000	-1.2371	 	620.283	 	-0.00317182	 	103.676	 	0.453958	 	0.215	 	8.85193	 	1.40967	 	
977000	-1.23711	 	620.294	 	-0.00270889	 	103.685	 	0.453984	 	0.315	 	8.85178	 	1.4095	 	
978000	-1.23715	 	620.339	 	-0.00215082	 	103.723	 	0.454092	 	0.3675	 	8.8514	 	1.40961	 	
979000	-1.23712	 	620.304	 	-0.00174515	 	103.707	 	0.454049	 	0.2375	 	8.85133	 	1.40961	 	
980000	-1.23709	 	620.281	 	-0.00193236	 	103.699	 	0.454026	 	0.27	 	8.85151	 	1.40958	 	
981000	-1.23712	 	620.306	 	-0.00186061	 	103.718	 	0.454077	 	0.3075	 	8.85165	 	1.40992	 	
982000	-1.2371	 	620.284	 	-0.00175808	 	103.71	 	0.454051	 	0.32	 	8.85188	 	1.40984	 	
983000	-1.2371	 	620.288	 	-0.00204555	 	103.708	 	0.454039	 	0.2325	 	8.85307	 	1.40997	 	
984000	-1.23704	 	620.234	 	-0.00226647	 	103.659	 	0.45388	 	0.3275	 	8.85675	 	1.41012	 	
985000	-1.23705	 	620.243	 	-0.00246349	 	103.665	 	0.453905	 	0.245	 	8.85526	 	1.40996	 	
986000	-1.23707	 	620.26	 	-0.00226908	 	103.665	 	0.453919	 	0.2975	 	8.85359	 	1.41011	 	
987000	-1.23713	 	620.321	 	-0.00168127	 	103.714	 	0.454047	 	0.22	 	8.85421	 	1.41071	 	
988000	-1.23717	 	620.362	 	-0.00111259	 	103.749	 	0.454155	 	0.2175	 	8.85287	 	1.41061	 	
989000	-1.23712	 	620.315	 	-0.00114175	 	103.717	 	0.454055	 	0.275	 	8.85434	 	1.41055	 	
990000	-1.23714	 	620.33	 	-0.00154551	 	103.723	 	0.454089	 	0.31	 	8.85171	 	1.41059	 	
991000	-1.23717	 	620.357	 	-0.00116087	 	103.748	 	0.454157	 	0.26	 	8.85197	 	1.41073	 	
992000	-1.23711	 	620.304	 	-0.00114663	 	103.715	 	0.454051	 	0.2075	 	8.85429	 	1.41077	 	
993000	-1.23705	 	620.238	 	-0.00106949	 	103.666	 	0.453907	 	0.2775	 	8.8556	 	1.41055	 	
994000	-1.23705	 	620.245	 	-0.00152084	 	103.664	 	0.453914	 	0.27	 	8.85379	 	1.41051	 	
995000	-1.23705	 	620.237	 	-0.00173523	 	103.657	 	0.453886	 	0.2575	 	8.85478	 	1.41052	 	
996000	-1.23701	 	620.204	 	-0.00185763	 	103.634	 	0.453819	 	0.2175	 	8.85572	 	1.41079	 	
997000	-1.237	 	620.195	 	-0.00160395	 	103.619	 	0.453769	 	0.3025	 	8.85667	 	1.41058	 	
998000	-1.23704	 	620.233	 	-0.00207791	 	103.642	 	0.453827	 	0.26	 	8.85781	 	1.41079	 	
999000	-1.23706	 	620.252	 	-0.00241104	 	103.664	 	0.453899	 	0.325	 	8.85619	 	1.41076	 	
