MCcycles: 1000000
MCcycle 	 <E> 		 <E^2> 		 <M> 		 <M^2> 		 <|M|>		 Accepted config.		 Cv		 X
1000	-1.98243	 	1574.65	 	-0.978995	 	387.199	 	0.978995	 	1916	 	3.82623	 	2.6416	 	
2000	-1.98972	 	1584.95	 	-0.989115	 	393.294	 	0.989115	 	2208	 	1.95487	 	1.35369	 	
3000	-1.99229	 	1588.6	 	-0.992525	 	395.355	 	0.992525	 	2512	 	1.3131	 	0.916122	 	
4000	-1.99355	 	1590.4	 	-0.994224	 	396.381	 	0.994224	 	2806	 	0.988671	 	0.694602	 	
5000	-1.99416	 	1591.22	 	-0.995202	 	396.964	 	0.995202	 	3158	 	0.79284	 	0.561603	 	
6000	-1.99458	 	1591.82	 	-0.995863	 	397.359	 	0.995863	 	3480	 	0.661867	 	0.472823	 	
7000	-1.99499	 	1592.4	 	-0.99636	 	397.661	 	0.99636	 	3760	 	0.568112	 	0.408674	 	
8000	-1.99515	 	1592.61	 	-0.996695	 	397.858	 	0.996695	 	4124	 	0.497698	 	0.361951	 	
9000	-1.99537	 	1592.93	 	-0.996983	 	398.033	 	0.996983	 	4408	 	0.442822	 	0.324264	 	
10000	-1.99554	 	1593.16	 	-0.997207	 	398.167	 	0.997207	 	4684	 	0.398896	 	0.294438	 	
11000	-1.99569	 	1593.38	 	-0.997397	 	398.283	 	0.997397	 	4972	 	0.362921	 	0.269867	 	
12000	-1.99581	 	1593.54	 	-0.99755	 	398.376	 	0.99755	 	5266	 	0.332914	 	0.249361	 	
13000	-1.99588	 	1593.65	 	-0.997677	 	398.451	 	0.997677	 	5572	 	0.307517	 	0.232192	 	
14000	-1.99595	 	1593.75	 	-0.997785	 	398.515	 	0.997785	 	5872	 	0.285732	 	0.217438	 	
15000	-1.99601	 	1593.82	 	-0.997877	 	398.57	 	0.997877	 	6214	 	0.266855	 	0.204639	 	
16000	-1.99608	 	1593.92	 	-0.997962	 	398.622	 	0.997962	 	6506	 	0.250322	 	0.193302	 	
17000	-1.99617	 	1594.06	 	-0.998048	 	398.676	 	0.998048	 	6762	 	0.235713	 	0.18307	 	
18000	-1.99625	 	1594.17	 	-0.998121	 	398.721	 	0.998121	 	7033	 	0.222731	 	0.174064	 	
19000	-1.99626	 	1594.18	 	-0.998172	 	398.75	 	0.998172	 	7322	 	0.211131	 	0.166481	 	
20000	-1.99632	 	1594.27	 	-0.998232	 	398.787	 	0.998232	 	7593	 	0.200671	 	0.159251	 	
21000	-1.99636	 	1594.34	 	-0.998283	 	398.819	 	0.998283	 	7878	 	0.191204	 	0.152729	 	
22000	-1.99642	 	1594.42	 	-0.998334	 	398.851	 	0.998334	 	8155	 	0.182596	 	0.146743	 	
23000	-1.99645	 	1594.47	 	-0.998375	 	398.876	 	0.998375	 	8446	 	0.174734	 	0.141319	 	
24000	-1.99648	 	1594.5	 	-0.998411	 	398.897	 	0.998411	 	8728	 	0.167538	 	0.136478	 	
25000	-1.99652	 	1594.57	 	-0.998449	 	398.921	 	0.998449	 	9012	 	0.160908	 	0.13188	 	
26000	-1.99656	 	1594.64	 	-0.998486	 	398.945	 	0.998486	 	9302	 	0.15478	 	0.127544	 	
27000	-1.99659	 	1594.68	 	-0.998517	 	398.964	 	0.998517	 	9578	 	0.149107	 	0.123591	 	
28000	-1.9966	 	1594.69	 	-0.998541	 	398.977	 	0.998541	 	9913	 	0.143857	 	0.120129	 	
29000	-1.99663	 	1594.73	 	-0.998569	 	398.995	 	0.998569	 	10194	 	0.138951	 	0.116706	 	
30000	-1.99665	 	1594.75	 	-0.998592	 	399.009	 	0.998592	 	10492	 	0.134378	 	0.113624	 	
31000	-1.99666	 	1594.77	 	-0.998613	 	399.022	 	0.998613	 	10760	 	0.130098	 	0.110709	 	
32000	-1.99667	 	1594.78	 	-0.998632	 	399.033	 	0.998632	 	11066	 	0.126091	 	0.108045	 	
33000	-1.9967	 	1594.83	 	-0.998656	 	399.048	 	0.998656	 	11330	 	0.122315	 	0.105337	 	
34000	-1.99671	 	1594.85	 	-0.998674	 	399.059	 	0.998674	 	11642	 	0.118771	 	0.102959	 	
35000	-1.99672	 	1594.86	 	-0.99869	 	399.068	 	0.99869	 	11932	 	0.115432	 	0.100735	 	
36000	-1.99672	 	1594.86	 	-0.998704	 	399.076	 	0.998704	 	12254	 	0.112278	 	0.0986972	 	
37000	-1.99673	 	1594.87	 	-0.998719	 	399.085	 	0.998719	 	12551	 	0.109286	 	0.0966322	 	
38000	-1.99676	 	1594.91	 	-0.998737	 	399.096	 	0.998737	 	12806	 	0.106447	 	0.0945805	 	
39000	-1.99677	 	1594.93	 	-0.998751	 	399.105	 	0.998751	 	13080	 	0.103758	 	0.0927244	 	
40000	-1.99678	 	1594.94	 	-0.998763	 	399.113	 	0.998763	 	13340	 	0.101204	 	0.0909576	 	
41000	-1.99679	 	1594.95	 	-0.998776	 	399.12	 	0.998776	 	13634	 	0.0987816	 	0.0893815	 	
42000	-1.99681	 	1594.98	 	-0.998791	 	399.13	 	0.998791	 	13896	 	0.0964607	 	0.0876911	 	
43000	-1.99681	 	1594.99	 	-0.998801	 	399.136	 	0.998801	 	14206	 	0.0942586	 	0.0861871	 	
44000	-1.99682	 	1595	 	-0.998812	 	399.143	 	0.998812	 	14450	 	0.0921539	 	0.084744	 	
45000	-1.99683	 	1595.01	 	-0.998822	 	399.148	 	0.998822	 	14771	 	0.0901406	 	0.0833709	 	
46000	-1.99684	 	1595.03	 	-0.998833	 	399.155	 	0.998833	 	15078	 	0.0882167	 	0.0820502	 	
47000	-1.99685	 	1595.05	 	-0.998845	 	399.163	 	0.998845	 	15340	 	0.0863713	 	0.0807592	 	
48000	-1.99686	 	1595.06	 	-0.998854	 	399.168	 	0.998854	 	15646	 	0.0846059	 	0.0795697	 	
49000	-1.99686	 	1595.06	 	-0.998862	 	399.173	 	0.998862	 	15940	 	0.0829138	 	0.0784431	 	
50000	-1.99687	 	1595.07	 	-0.99887	 	399.178	 	0.99887	 	16216	 	0.0812919	 	0.0773683	 	
51000	-1.99687	 	1595.07	 	-0.998877	 	399.182	 	0.998877	 	16526	 	0.0797298	 	0.0763311	 	
52000	-1.99689	 	1595.1	 	-0.998887	 	399.188	 	0.998887	 	16804	 	0.0782234	 	0.0752173	 	
53000	-1.99689	 	1595.1	 	-0.998894	 	399.193	 	0.998894	 	17089	 	0.0767784	 	0.0742485	 	
54000	-1.99688	 	1595.09	 	-0.998898	 	399.194	 	0.998898	 	17403	 	0.0753936	 	0.0734059	 	
55000	-1.99689	 	1595.1	 	-0.998904	 	399.198	 	0.998904	 	17703	 	0.074054	 	0.0725096	 	
56000	-1.9969	 	1595.12	 	-0.998913	 	399.204	 	0.998913	 	17970	 	0.0727556	 	0.0715543	 	
57000	-1.9969	 	1595.11	 	-0.998918	 	399.207	 	0.998918	 	18260	 	0.0715088	 	0.0707415	 	
58000	-1.99691	 	1595.14	 	-0.998927	 	399.212	 	0.998927	 	18506	 	0.0703028	 	0.0698756	 	
59000	-1.99692	 	1595.15	 	-0.998933	 	399.216	 	0.998933	 	18776	 	0.0691347	 	0.0690332	 	
60000	-1.99691	 	1595.13	 	-0.998936	 	399.217	 	0.998936	 	19095	 	0.0680174	 	0.0683825	 	
61000	-1.99692	 	1595.14	 	-0.998941	 	399.22	 	0.998941	 	19388	 	0.0669281	 	0.0676185	 	
62000	-1.99691	 	1595.13	 	-0.998944	 	399.222	 	0.998944	 	19718	 	0.0658789	 	0.0669762	 	
63000	-1.99692	 	1595.15	 	-0.998952	 	399.227	 	0.998952	 	19996	 	0.0648523	 	0.0661952	 	
64000	-1.99693	 	1595.15	 	-0.998957	 	399.23	 	0.998957	 	20302	 	0.0638638	 	0.0655199	 	
65000	-1.99693	 	1595.16	 	-0.998961	 	399.232	 	0.998961	 	20590	 	0.0629144	 	0.0648843	 	
66000	-1.99694	 	1595.18	 	-0.998968	 	399.237	 	0.998968	 	20834	 	0.0619791	 	0.0641631	 	
67000	-1.99695	 	1595.18	 	-0.998973	 	399.24	 	0.998973	 	21148	 	0.0610781	 	0.0635487	 	
68000	-1.99695	 	1595.18	 	-0.998976	 	399.241	 	0.998976	 	21417	 	0.060207	 	0.0630061	 	
69000	-1.99695	 	1595.18	 	-0.99898	 	399.244	 	0.99898	 	21692	 	0.0593581	 	0.0624402	 	
70000	-1.99696	 	1595.2	 	-0.998986	 	399.248	 	0.998986	 	21957	 	0.0585299	 	0.0618334	 	
71000	-1.99696	 	1595.2	 	-0.99899	 	399.25	 	0.99899	 	22234	 	0.0577297	 	0.0612895	 	
72000	-1.99697	 	1595.22	 	-0.998995	 	399.254	 	0.998995	 	22488	 	0.056948	 	0.060733	 	
73000	-1.99698	 	1595.22	 	-0.999	 	399.257	 	0.999	 	22764	 	0.0561878	 	0.0602007	 	
74000	-1.99697	 	1595.22	 	-0.999002	 	399.258	 	0.999002	 	23088	 	0.055455	 	0.0597882	 	
75000	-1.99698	 	1595.23	 	-0.999007	 	399.26	 	0.999007	 	23360	 	0.0547351	 	0.0592642	 	
76000	-1.99698	 	1595.23	 	-0.99901	 	399.263	 	0.99901	 	23640	 	0.0540334	 	0.0587632	 	
77000	-1.99698	 	1595.23	 	-0.999013	 	399.264	 	0.999013	 	23944	 	0.0533542	 	0.0583399	 	
78000	-1.99699	 	1595.25	 	-0.999019	 	399.268	 	0.999019	 	24180	 	0.0526854	 	0.0578004	 	
79000	-1.997	 	1595.26	 	-0.999024	 	399.271	 	0.999024	 	24438	 	0.0520349	 	0.057311	 	
80000	-1.99699	 	1595.24	 	-0.999024	 	399.271	 	0.999024	 	24780	 	0.0514091	 	0.056975	 	
81000	-1.997	 	1595.25	 	-0.999028	 	399.274	 	0.999028	 	25040	 	0.0507917	 	0.0565294	 	
82000	-1.997	 	1595.26	 	-0.999032	 	399.276	 	0.999032	 	25326	 	0.0501887	 	0.0560894	 	
83000	-1.997	 	1595.27	 	-0.999035	 	399.278	 	0.999035	 	25590	 	0.0496032	 	0.0556819	 	
84000	-1.99701	 	1595.27	 	-0.999038	 	399.28	 	0.999038	 	25875	 	0.049034	 	0.0553221	 	
85000	-1.997	 	1595.26	 	-0.99904	 	399.281	 	0.99904	 	26168	 	0.0484761	 	0.0549658	 	
86000	-1.99701	 	1595.27	 	-0.999043	 	399.283	 	0.999043	 	26434	 	0.0479305	 	0.0545944	 	
87000	-1.997	 	1595.26	 	-0.999044	 	399.283	 	0.999044	 	26760	 	0.0474018	 	0.0542685	 	
88000	-1.99701	 	1595.27	 	-0.999047	 	399.285	 	0.999047	 	27062	 	0.0468816	 	0.0539365	 	
89000	-1.99701	 	1595.27	 	-0.99905	 	399.287	 	0.99905	 	27342	 	0.0463707	 	0.0535678	 	
90000	-1.99701	 	1595.28	 	-0.999053	 	399.289	 	0.999053	 	27648	 	0.0458731	 	0.0532266	 	
91000	-1.99702	 	1595.28	 	-0.999056	 	399.291	 	0.999056	 	27952	 	0.0453842	 	0.0528632	 	
92000	-1.99702	 	1595.29	 	-0.999059	 	399.292	 	0.999059	 	28208	 	0.0449081	 	0.0525484	 	
93000	-1.99702	 	1595.28	 	-0.99906	 	399.293	 	0.99906	 	28515	 	0.0444446	 	0.0522769	 	
94000	-1.99702	 	1595.28	 	-0.999062	 	399.294	 	0.999062	 	28820	 	0.0439911	 	0.051983	 	
95000	-1.99701	 	1595.28	 	-0.999063	 	399.294	 	0.999063	 	29118	 	0.0435469	 	0.0517106	 	
96000	-1.99702	 	1595.28	 	-0.999065	 	399.295	 	0.999065	 	29388	 	0.0431109	 	0.0514074	 	
97000	-1.99702	 	1595.28	 	-0.999067	 	399.297	 	0.999067	 	29650	 	0.0426812	 	0.0510999	 	
98000	-1.99702	 	1595.29	 	-0.99907	 	399.298	 	0.99907	 	29922	 	0.042261	 	0.0508101	 	
99000	-1.99702	 	1595.29	 	-0.999072	 	399.3	 	0.999072	 	30224	 	0.0418498	 	0.0505275	 	
100000	-1.99702	 	1595.29	 	-0.999074	 	399.301	 	0.999074	 	30474	 	0.0414452	 	0.0502414	 	
101000	-1.99703	 	1595.3	 	-0.999077	 	399.303	 	0.999077	 	30772	 	0.0410518	 	0.0499912	 	
102000	-1.99703	 	1595.3	 	-0.999078	 	399.304	 	0.999078	 	31044	 	0.0406665	 	0.0497538	 	
103000	-1.99703	 	1595.3	 	-0.999081	 	399.305	 	0.999081	 	31344	 	0.0402854	 	0.049474	 	
104000	-1.99703	 	1595.3	 	-0.999082	 	399.305	 	0.999082	 	31640	 	0.0399158	 	0.0492475	 	
105000	-1.99703	 	1595.31	 	-0.999085	 	399.308	 	0.999085	 	31916	 	0.0395482	 	0.0489652	 	
106000	-1.99704	 	1595.31	 	-0.999087	 	399.309	 	0.999087	 	32172	 	0.0391888	 	0.0487097	 	
107000	-1.99704	 	1595.31	 	-0.999088	 	399.31	 	0.999088	 	32462	 	0.0388374	 	0.0484744	 	
108000	-1.99703	 	1595.31	 	-0.999089	 	399.31	 	0.999089	 	32738	 	0.038493	 	0.0482566	 	
109000	-1.99704	 	1595.31	 	-0.999091	 	399.311	 	0.999091	 	33011	 	0.0381529	 	0.0480117	 	
110000	-1.99704	 	1595.31	 	-0.999093	 	399.313	 	0.999093	 	33316	 	0.0378196	 	0.0477737	 	
111000	-1.99704	 	1595.32	 	-0.999096	 	399.315	 	0.999096	 	33566	 	0.0374902	 	0.0475148	 	
112000	-1.99705	 	1595.32	 	-0.999098	 	399.316	 	0.999098	 	33846	 	0.0371691	 	0.0472959	 	
113000	-1.99705	 	1595.33	 	-0.9991	 	399.317	 	0.9991	 	34094	 	0.0368529	 	0.0470703	 	
114000	-1.99704	 	1595.32	 	-0.9991	 	399.317	 	0.9991	 	34412	 	0.0365468	 	0.0469102	 	
115000	-1.99704	 	1595.32	 	-0.999101	 	399.317	 	0.999101	 	34718	 	0.0362459	 	0.0467511	 	
116000	-1.99704	 	1595.32	 	-0.999102	 	399.318	 	0.999102	 	35002	 	0.0359484	 	0.0465717	 	
117000	-1.99704	 	1595.32	 	-0.999104	 	399.319	 	0.999104	 	35276	 	0.0356531	 	0.0463576	 	
118000	-1.99704	 	1595.32	 	-0.999105	 	399.32	 	0.999105	 	35572	 	0.0353662	 	0.0461934	 	
119000	-1.99705	 	1595.32	 	-0.999107	 	399.321	 	0.999107	 	35830	 	0.0350813	 	0.0459798	 	
120000	-1.99705	 	1595.33	 	-0.999108	 	399.322	 	0.999108	 	36120	 	0.0348015	 	0.0457902	 	
121000	-1.99704	 	1595.32	 	-0.999108	 	399.321	 	0.999108	 	36440	 	0.0345286	 	0.0456344	 	
122000	-1.99704	 	1595.31	 	-0.999109	 	399.321	 	0.999109	 	36738	 	0.0342594	 	0.0454653	 	
123000	-1.99704	 	1595.32	 	-0.999111	 	399.323	 	0.999111	 	37014	 	0.0339908	 	0.0452503	 	
124000	-1.99704	 	1595.32	 	-0.999112	 	399.324	 	0.999112	 	37309	 	0.033731	 	0.0450939	 	
125000	-1.99704	 	1595.32	 	-0.999113	 	399.324	 	0.999113	 	37614	 	0.0334771	 	0.0449586	 	
126000	-1.99704	 	1595.32	 	-0.999114	 	399.324	 	0.999114	 	37912	 	0.0332249	 	0.0448022	 	
127000	-1.99704	 	1595.31	 	-0.999114	 	399.324	 	0.999114	 	38228	 	0.0329785	 	0.044672	 	
128000	-1.99704	 	1595.31	 	-0.999115	 	399.325	 	0.999115	 	38494	 	0.0327338	 	0.0445174	 	
129000	-1.99704	 	1595.32	 	-0.999117	 	399.326	 	0.999117	 	38766	 	0.0324896	 	0.0443195	 	
130000	-1.99705	 	1595.32	 	-0.999119	 	399.327	 	0.999119	 	39024	 	0.0322503	 	0.0441399	 	
131000	-1.99705	 	1595.32	 	-0.999119	 	399.328	 	0.999119	 	39342	 	0.0320195	 	0.0440203	 	
132000	-1.99705	 	1595.33	 	-0.999121	 	399.329	 	0.999121	 	39604	 	0.031787	 	0.0438372	 	
133000	-1.99705	 	1595.32	 	-0.999122	 	399.329	 	0.999122	 	39918	 	0.0315615	 	0.0437041	 	
134000	-1.99705	 	1595.33	 	-0.999123	 	399.33	 	0.999123	 	40178	 	0.0313363	 	0.0435277	 	
135000	-1.99705	 	1595.33	 	-0.999125	 	399.331	 	0.999125	 	40462	 	0.031115	 	0.0433736	 	
136000	-1.99705	 	1595.33	 	-0.999126	 	399.332	 	0.999126	 	40744	 	0.0308982	 	0.0432357	 	
137000	-1.99705	 	1595.33	 	-0.999126	 	399.332	 	0.999126	 	41034	 	0.0306873	 	0.04312	 	
138000	-1.99705	 	1595.33	 	-0.999127	 	399.332	 	0.999127	 	41320	 	0.0304762	 	0.0429795	 	
139000	-1.99705	 	1595.33	 	-0.999128	 	399.333	 	0.999128	 	41608	 	0.0302678	 	0.0428298	 	
140000	-1.99705	 	1595.33	 	-0.999129	 	399.333	 	0.999129	 	41902	 	0.030063	 	0.0426975	 	
141000	-1.99705	 	1595.33	 	-0.99913	 	399.334	 	0.99913	 	42210	 	0.0298607	 	0.0425572	 	
142000	-1.99705	 	1595.32	 	-0.99913	 	399.334	 	0.99913	 	42562	 	0.0296661	 	0.0424762	 	
143000	-1.99705	 	1595.33	 	-0.999131	 	399.335	 	0.999131	 	42842	 	0.0294671	 	0.0423115	 	
144000	-1.99705	 	1595.33	 	-0.999132	 	399.335	 	0.999132	 	43104	 	0.0292743	 	0.0421831	 	
145000	-1.99705	 	1595.33	 	-0.999134	 	399.336	 	0.999134	 	43394	 	0.0290812	 	0.0420231	 	
146000	-1.99706	 	1595.34	 	-0.999135	 	399.337	 	0.999135	 	43667	 	0.0288919	 	0.041877	 	
147000	-1.99706	 	1595.34	 	-0.999137	 	399.338	 	0.999137	 	43938	 	0.0287049	 	0.0417391	 	
148000	-1.99706	 	1595.34	 	-0.999137	 	399.338	 	0.999137	 	44269	 	0.0285236	 	0.0416369	 	
149000	-1.99706	 	1595.35	 	-0.999139	 	399.34	 	0.999139	 	44514	 	0.0283406	 	0.0414731	 	
150000	-1.99707	 	1595.35	 	-0.99914	 	399.341	 	0.99914	 	44779	 	0.0281607	 	0.0413361	 	
151000	-1.99706	 	1595.35	 	-0.99914	 	399.341	 	0.99914	 	45126	 	0.0279859	 	0.0412337	 	
152000	-1.99707	 	1595.35	 	-0.999142	 	399.342	 	0.999142	 	45386	 	0.0278107	 	0.0411005	 	
153000	-1.99707	 	1595.35	 	-0.999143	 	399.342	 	0.999143	 	45704	 	0.02764	 	0.0409937	 	
154000	-1.99707	 	1595.35	 	-0.999144	 	399.343	 	0.999144	 	45974	 	0.0274699	 	0.0408702	 	
155000	-1.99707	 	1595.35	 	-0.999144	 	399.343	 	0.999144	 	46258	 	0.0273028	 	0.0407637	 	
156000	-1.99707	 	1595.35	 	-0.999145	 	399.343	 	0.999145	 	46562	 	0.0271398	 	0.0406679	 	
157000	-1.99707	 	1595.36	 	-0.999146	 	399.344	 	0.999146	 	46826	 	0.0269747	 	0.0405294	 	
158000	-1.99707	 	1595.35	 	-0.999147	 	399.344	 	0.999147	 	47136	 	0.0268167	 	0.0404346	 	
159000	-1.99707	 	1595.35	 	-0.999147	 	399.345	 	0.999147	 	47454	 	0.0266586	 	0.0403387	 	
160000	-1.99707	 	1595.35	 	-0.999147	 	399.345	 	0.999147	 	47760	 	0.0265027	 	0.0402476	 	
161000	-1.99707	 	1595.35	 	-0.999148	 	399.345	 	0.999148	 	48069	 	0.0263482	 	0.0401511	 	
162000	-1.99706	 	1595.35	 	-0.999148	 	399.345	 	0.999148	 	48370	 	0.0261965	 	0.0400598	 	
163000	-1.99707	 	1595.35	 	-0.99915	 	399.346	 	0.99915	 	48610	 	0.0260431	 	0.0399256	 	
164000	-1.99707	 	1595.35	 	-0.999151	 	399.347	 	0.999151	 	48886	 	0.0258932	 	0.0398123	 	
165000	-1.99707	 	1595.36	 	-0.999152	 	399.348	 	0.999152	 	49152	 	0.0257448	 	0.039699	 	
166000	-1.99707	 	1595.36	 	-0.999153	 	399.348	 	0.999153	 	49432	 	0.0255988	 	0.0395952	 	
167000	-1.99707	 	1595.36	 	-0.999154	 	399.349	 	0.999154	 	49716	 	0.0254542	 	0.0394872	 	
168000	-1.99707	 	1595.36	 	-0.999154	 	399.349	 	0.999154	 	50006	 	0.0253121	 	0.0393973	 	
169000	-1.99708	 	1595.37	 	-0.999156	 	399.35	 	0.999156	 	50246	 	0.0251691	 	0.0392639	 	
170000	-1.99708	 	1595.37	 	-0.999157	 	399.351	 	0.999157	 	50520	 	0.0250286	 	0.0391462	 	
171000	-1.99708	 	1595.38	 	-0.999159	 	399.352	 	0.999159	 	50822	 	0.0248894	 	0.0390256	 	
172000	-1.99709	 	1595.38	 	-0.99916	 	399.353	 	0.99916	 	51078	 	0.0247528	 	0.0389179	 	
173000	-1.99709	 	1595.38	 	-0.999161	 	399.354	 	0.999161	 	51348	 	0.0246186	 	0.0388256	 	
174000	-1.99709	 	1595.39	 	-0.999162	 	399.355	 	0.999162	 	51592	 	0.0244838	 	0.038701	 	
175000	-1.99709	 	1595.39	 	-0.999163	 	399.355	 	0.999163	 	51881	 	0.0243528	 	0.0386116	 	
176000	-1.99709	 	1595.39	 	-0.999164	 	399.355	 	0.999164	 	52189	 	0.0242231	 	0.038524	 	
177000	-1.9971	 	1595.39	 	-0.999165	 	399.356	 	0.999165	 	52466	 	0.024094	 	0.0384229	 	
178000	-1.99709	 	1595.39	 	-0.999165	 	399.356	 	0.999165	 	52794	 	0.0239692	 	0.038361	 	
179000	-1.99709	 	1595.39	 	-0.999165	 	399.356	 	0.999165	 	53080	 	0.0238462	 	0.0382978	 	
180000	-1.99709	 	1595.39	 	-0.999166	 	399.357	 	0.999166	 	53376	 	0.023723	 	0.0382232	 	
181000	-1.99709	 	1595.39	 	-0.999166	 	399.357	 	0.999166	 	53650	 	0.0236007	 	0.0381463	 	
182000	-1.9971	 	1595.4	 	-0.999168	 	399.358	 	0.999168	 	53904	 	0.023477	 	0.0380214	 	
183000	-1.9971	 	1595.4	 	-0.999169	 	399.359	 	0.999169	 	54180	 	0.023356	 	0.0379267	 	
184000	-1.9971	 	1595.39	 	-0.999169	 	399.358	 	0.999169	 	54512	 	0.023239	 	0.0378768	 	
185000	-1.9971	 	1595.39	 	-0.999169	 	399.359	 	0.999169	 	54794	 	0.0231209	 	0.0377931	 	
186000	-1.99709	 	1595.39	 	-0.999169	 	399.358	 	0.999169	 	55106	 	0.0230085	 	0.0377532	 	
187000	-1.99709	 	1595.39	 	-0.999169	 	399.359	 	0.999169	 	55366	 	0.0228936	 	0.0376642	 	
188000	-1.99709	 	1595.39	 	-0.99917	 	399.359	 	0.99917	 	55678	 	0.02278	 	0.0375862	 	
189000	-1.99709	 	1595.38	 	-0.999169	 	399.358	 	0.999169	 	55980	 	0.0226696	 	0.0375398	 	
190000	-1.99709	 	1595.38	 	-0.999169	 	399.358	 	0.999169	 	56297	 	0.0225582	 	0.0374583	 	
191000	-1.99709	 	1595.39	 	-0.99917	 	399.359	 	0.99917	 	56560	 	0.0224468	 	0.0373646	 	
192000	-1.99709	 	1595.39	 	-0.999172	 	399.36	 	0.999172	 	56816	 	0.0223367	 	0.0372721	 	
193000	-1.99709	 	1595.39	 	-0.999172	 	399.36	 	0.999172	 	57095	 	0.0222289	 	0.0371953	 	
194000	-1.9971	 	1595.39	 	-0.999173	 	399.361	 	0.999173	 	57374	 	0.0221238	 	0.0371177	 	
195000	-1.9971	 	1595.4	 	-0.999174	 	399.361	 	0.999174	 	57662	 	0.0220194	 	0.0370457	 	
196000	-1.9971	 	1595.4	 	-0.999175	 	399.362	 	0.999175	 	57949	 	0.021914	 	0.0369639	 	
197000	-1.9971	 	1595.4	 	-0.999176	 	399.363	 	0.999176	 	58204	 	0.0218097	 	0.0368835	 	
198000	-1.9971	 	1595.4	 	-0.999176	 	399.363	 	0.999176	 	58518	 	0.021707	 	0.0368069	 	
199000	-1.9971	 	1595.41	 	-0.999177	 	399.364	 	0.999177	 	58812	 	0.021605	 	0.0367293	 	
200000	-1.99711	 	1595.41	 	-0.999178	 	399.364	 	0.999178	 	59096	 	0.0215039	 	0.0366466	 	
201000	-1.99711	 	1595.41	 	-0.999179	 	399.365	 	0.999179	 	59371	 	0.0214042	 	0.0365743	 	
202000	-1.99711	 	1595.41	 	-0.999179	 	399.365	 	0.999179	 	59646	 	0.0213057	 	0.036503	 	
203000	-1.99711	 	1595.41	 	-0.999179	 	399.365	 	0.999179	 	59954	 	0.0212096	 	0.0364544	 	
204000	-1.99711	 	1595.41	 	-0.999181	 	399.366	 	0.999181	 	60196	 	0.0211111	 	0.0363618	 	
205000	-1.99711	 	1595.42	 	-0.999181	 	399.366	 	0.999181	 	60487	 	0.0210158	 	0.0362946	 	
206000	-1.99711	 	1595.41	 	-0.999182	 	399.366	 	0.999182	 	60804	 	0.020922	 	0.0362377	 	
207000	-1.99711	 	1595.41	 	-0.999181	 	399.366	 	0.999181	 	61108	 	0.0208296	 	0.0361931	 	
208000	-1.99711	 	1595.41	 	-0.999182	 	399.367	 	0.999182	 	61378	 	0.0207355	 	0.0361128	 	
209000	-1.99711	 	1595.42	 	-0.999183	 	399.367	 	0.999183	 	61688	 	0.0206443	 	0.0360547	 	
210000	-1.99711	 	1595.41	 	-0.999183	 	399.367	 	0.999183	 	62030	 	0.0205554	 	0.0360178	 	
211000	-1.99711	 	1595.42	 	-0.999184	 	399.368	 	0.999184	 	62309	 	0.0204642	 	0.0359423	 	
212000	-1.99711	 	1595.41	 	-0.999183	 	399.367	 	0.999183	 	62650	 	0.0203781	 	0.0359202	 	
213000	-1.99711	 	1595.41	 	-0.999183	 	399.367	 	0.999183	 	62954	 	0.0202903	 	0.0358686	 	
214000	-1.99711	 	1595.41	 	-0.999184	 	399.367	 	0.999184	 	63234	 	0.0202042	 	0.0358345	 	
215000	-1.9971	 	1595.41	 	-0.999184	 	399.367	 	0.999184	 	63545	 	0.0201171	 	0.0357724	 	
216000	-1.9971	 	1595.4	 	-0.999183	 	399.367	 	0.999183	 	63862	 	0.0200324	 	0.0357375	 	
217000	-1.99711	 	1595.41	 	-0.999185	 	399.368	 	0.999185	 	64134	 	0.0199452	 	0.0356517	 	
218000	-1.99711	 	1595.41	 	-0.999185	 	399.368	 	0.999185	 	64438	 	0.0198611	 	0.0356013	 	
219000	-1.9971	 	1595.41	 	-0.999185	 	399.368	 	0.999185	 	64742	 	0.0197779	 	0.0355497	 	
220000	-1.9971	 	1595.4	 	-0.999184	 	399.367	 	0.999184	 	65057	 	0.0196982	 	0.0355408	 	
221000	-1.9971	 	1595.4	 	-0.999185	 	399.368	 	0.999185	 	65334	 	0.0196163	 	0.0354835	 	
222000	-1.9971	 	1595.4	 	-0.999186	 	399.368	 	0.999186	 	65602	 	0.0195344	 	0.035417	 	
223000	-1.9971	 	1595.41	 	-0.999186	 	399.369	 	0.999186	 	65902	 	0.0194527	 	0.0353475	 	
224000	-1.9971	 	1595.4	 	-0.999186	 	399.369	 	0.999186	 	66198	 	0.0193745	 	0.0353137	 	
225000	-1.9971	 	1595.4	 	-0.999187	 	399.369	 	0.999187	 	66500	 	0.0192959	 	0.0352653	 	
226000	-1.99711	 	1595.41	 	-0.999188	 	399.37	 	0.999188	 	66752	 	0.0192171	 	0.0352041	 	
227000	-1.99711	 	1595.41	 	-0.999188	 	399.37	 	0.999188	 	67052	 	0.0191404	 	0.0351696	 	
228000	-1.9971	 	1595.41	 	-0.999188	 	399.37	 	0.999188	 	67362	 	0.0190639	 	0.0351244	 	
229000	-1.99711	 	1595.41	 	-0.999189	 	399.37	 	0.999189	 	67655	 	0.0189867	 	0.0350651	 	
230000	-1.99711	 	1595.41	 	-0.999189	 	399.371	 	0.999189	 	67940	 	0.0189105	 	0.035011	 	
231000	-1.99711	 	1595.41	 	-0.99919	 	399.371	 	0.99919	 	68214	 	0.0188343	 	0.0349474	 	
232000	-1.99711	 	1595.41	 	-0.99919	 	399.371	 	0.99919	 	68536	 	0.0187598	 	0.0348997	 	
233000	-1.99711	 	1595.41	 	-0.999191	 	399.371	 	0.999191	 	68808	 	0.0186857	 	0.0348514	 	
234000	-1.99711	 	1595.41	 	-0.999191	 	399.372	 	0.999191	 	69056	 	0.0186118	 	0.0347916	 	
235000	-1.99711	 	1595.41	 	-0.999191	 	399.372	 	0.999191	 	69370	 	0.0185405	 	0.034759	 	
236000	-1.99711	 	1595.41	 	-0.999192	 	399.372	 	0.999192	 	69654	 	0.018468	 	0.0347048	 	
237000	-1.99711	 	1595.41	 	-0.999192	 	399.373	 	0.999192	 	69954	 	0.0183961	 	0.0346502	 	
238000	-1.99711	 	1595.41	 	-0.999193	 	399.373	 	0.999193	 	70252	 	0.018326	 	0.0346155	 	
239000	-1.99711	 	1595.41	 	-0.999192	 	399.372	 	0.999192	 	70596	 	0.0182569	 	0.0345865	 	
240000	-1.99711	 	1595.41	 	-0.999192	 	399.372	 	0.999192	 	70858	 	0.0181873	 	0.0345426	 	
241000	-1.99711	 	1595.41	 	-0.999192	 	399.372	 	0.999192	 	71178	 	0.018119	 	0.0345038	 	
242000	-1.99711	 	1595.41	 	-0.999193	 	399.373	 	0.999193	 	71480	 	0.0180503	 	0.0344527	 	
243000	-1.99711	 	1595.41	 	-0.999193	 	399.373	 	0.999193	 	71776	 	0.0179822	 	0.0344047	 	
244000	-1.99711	 	1595.41	 	-0.999193	 	399.373	 	0.999193	 	72084	 	0.0179155	 	0.0343723	 	
245000	-1.99711	 	1595.41	 	-0.999194	 	399.373	 	0.999194	 	72348	 	0.017848	 	0.0343171	 	
246000	-1.9971	 	1595.4	 	-0.999194	 	399.373	 	0.999194	 	72660	 	0.0177827	 	0.0342833	 	
247000	-1.9971	 	1595.4	 	-0.999194	 	399.373	 	0.999194	 	72980	 	0.0177171	 	0.0342437	 	
248000	-1.9971	 	1595.4	 	-0.999193	 	399.373	 	0.999193	 	73288	 	0.0176531	 	0.034219	 	
249000	-1.9971	 	1595.4	 	-0.999194	 	399.373	 	0.999194	 	73554	 	0.0175885	 	0.0341779	 	
250000	-1.9971	 	1595.4	 	-0.999194	 	399.373	 	0.999194	 	73858	 	0.0175257	 	0.0341478	 	
251000	-1.9971	 	1595.4	 	-0.999194	 	399.373	 	0.999194	 	74178	 	0.0174617	 	0.0341004	 	
252000	-1.9971	 	1595.4	 	-0.999194	 	399.373	 	0.999194	 	74466	 	0.0173992	 	0.0340701	 	
253000	-1.9971	 	1595.39	 	-0.999194	 	399.373	 	0.999194	 	74754	 	0.0173368	 	0.0340342	 	
254000	-1.9971	 	1595.39	 	-0.999194	 	399.373	 	0.999194	 	75042	 	0.0172745	 	0.0339867	 	
255000	-1.9971	 	1595.39	 	-0.999194	 	399.373	 	0.999194	 	75348	 	0.0172138	 	0.0339574	 	
256000	-1.9971	 	1595.39	 	-0.999195	 	399.373	 	0.999195	 	75606	 	0.0171517	 	0.0339028	 	
257000	-1.9971	 	1595.39	 	-0.999194	 	399.373	 	0.999194	 	75904	 	0.0170933	 	0.0338909	 	
258000	-1.9971	 	1595.39	 	-0.999195	 	399.373	 	0.999195	 	76174	 	0.017033	 	0.0338492	 	
259000	-1.9971	 	1595.39	 	-0.999195	 	399.373	 	0.999195	 	76452	 	0.0169735	 	0.0338119	 	
260000	-1.9971	 	1595.39	 	-0.999195	 	399.373	 	0.999195	 	76746	 	0.0169154	 	0.0337792	 	
261000	-1.9971	 	1595.39	 	-0.999195	 	399.373	 	0.999195	 	77056	 	0.0168567	 	0.0337406	 	
262000	-1.9971	 	1595.39	 	-0.999196	 	399.374	 	0.999196	 	77336	 	0.0167988	 	0.0337098	 	
263000	-1.9971	 	1595.39	 	-0.999196	 	399.374	 	0.999196	 	77640	 	0.0167412	 	0.0336759	 	
264000	-1.99709	 	1595.39	 	-0.999196	 	399.374	 	0.999196	 	77960	 	0.0166845	 	0.0336507	 	
265000	-1.99709	 	1595.39	 	-0.999196	 	399.374	 	0.999196	 	78278	 	0.0166273	 	0.0336111	 	
266000	-1.9971	 	1595.39	 	-0.999197	 	399.374	 	0.999197	 	78536	 	0.0165709	 	0.0335702	 	
267000	-1.9971	 	1595.39	 	-0.999197	 	399.374	 	0.999197	 	78842	 	0.0165158	 	0.0335463	 	
268000	-1.99709	 	1595.39	 	-0.999196	 	399.374	 	0.999196	 	79182	 	0.0164614	 	0.0335289	 	
269000	-1.99709	 	1595.39	 	-0.999197	 	399.374	 	0.999197	 	79472	 	0.0164053	 	0.0334831	 	
270000	-1.99709	 	1595.38	 	-0.999196	 	399.374	 	0.999196	 	79826	 	0.0163527	 	0.0334692	 	
271000	-1.99709	 	1595.39	 	-0.999197	 	399.374	 	0.999197	 	80072	 	0.0162967	 	0.0334101	 	
272000	-1.9971	 	1595.39	 	-0.999198	 	399.375	 	0.999198	 	80342	 	0.0162417	 	0.0333567	 	
273000	-1.9971	 	1595.39	 	-0.999199	 	399.375	 	0.999199	 	80598	 	0.0161875	 	0.0333138	 	
274000	-1.9971	 	1595.4	 	-0.999199	 	399.376	 	0.999199	 	80888	 	0.0161341	 	0.0332807	 	
275000	-1.9971	 	1595.39	 	-0.999199	 	399.375	 	0.999199	 	81228	 	0.0160837	 	0.0332751	 	
276000	-1.9971	 	1595.4	 	-0.9992	 	399.376	 	0.9992	 	81514	 	0.0160299	 	0.033221	 	
277000	-1.9971	 	1595.39	 	-0.9992	 	399.376	 	0.9992	 	81788	 	0.0159782	 	0.0331957	 	
278000	-1.9971	 	1595.39	 	-0.9992	 	399.376	 	0.9992	 	82076	 	0.0159264	 	0.0331602	 	
279000	-1.9971	 	1595.39	 	-0.9992	 	399.376	 	0.9992	 	82397	 	0.0158762	 	0.0331413	 	
280000	-1.9971	 	1595.39	 	-0.9992	 	399.376	 	0.9992	 	82718	 	0.0158256	 	0.0331059	 	
281000	-1.9971	 	1595.4	 	-0.999201	 	399.376	 	0.999201	 	82958	 	0.0157736	 	0.0330537	 	
282000	-1.9971	 	1595.39	 	-0.9992	 	399.376	 	0.9992	 	83304	 	0.015725	 	0.0330438	 	
283000	-1.99709	 	1595.39	 	-0.9992	 	399.376	 	0.9992	 	83626	 	0.0156764	 	0.0330299	 	
284000	-1.99709	 	1595.39	 	-0.9992	 	399.376	 	0.9992	 	83910	 	0.0156265	 	0.0329938	 	
285000	-1.99709	 	1595.39	 	-0.9992	 	399.376	 	0.9992	 	84178	 	0.015577	 	0.0329587	 	
286000	-1.99709	 	1595.38	 	-0.999199	 	399.375	 	0.999199	 	84530	 	0.0155296	 	0.0329521	 	
287000	-1.99709	 	1595.38	 	-0.9992	 	399.375	 	0.9992	 	84830	 	0.0154812	 	0.0329199	 	
288000	-1.99709	 	1595.38	 	-0.9992	 	399.376	 	0.9992	 	85088	 	0.0154316	 	0.0328672	 	
289000	-1.99709	 	1595.39	 	-0.999201	 	399.376	 	0.999201	 	85378	 	0.0153833	 	0.0328319	 	
290000	-1.99709	 	1595.39	 	-0.999201	 	399.376	 	0.999201	 	85654	 	0.0153358	 	0.0328012	 	
291000	-1.9971	 	1595.39	 	-0.999202	 	399.377	 	0.999202	 	85892	 	0.0152869	 	0.0327478	 	
292000	-1.9971	 	1595.39	 	-0.999202	 	399.377	 	0.999202	 	86124	 	0.0152393	 	0.0327032	 	
293000	-1.9971	 	1595.4	 	-0.999203	 	399.378	 	0.999203	 	86368	 	0.0151922	 	0.0326643	 	
294000	-1.9971	 	1595.4	 	-0.999203	 	399.378	 	0.999203	 	86676	 	0.0151454	 	0.0326278	 	
295000	-1.9971	 	1595.39	 	-0.999203	 	399.378	 	0.999203	 	86986	 	0.0150996	 	0.0326005	 	
296000	-1.9971	 	1595.4	 	-0.999204	 	399.378	 	0.999204	 	87272	 	0.015054	 	0.0325705	 	
297000	-1.9971	 	1595.4	 	-0.999205	 	399.379	 	0.999205	 	87556	 	0.0150084	 	0.03253	 	
298000	-1.9971	 	1595.4	 	-0.999204	 	399.379	 	0.999204	 	87900	 	0.0149642	 	0.0325121	 	
299000	-1.9971	 	1595.4	 	-0.999205	 	399.379	 	0.999205	 	88176	 	0.0149181	 	0.0324642	 	
300000	-1.9971	 	1595.4	 	-0.999206	 	399.38	 	0.999206	 	88435	 	0.0148736	 	0.0324345	 	
301000	-1.99711	 	1595.41	 	-0.999207	 	399.38	 	0.999207	 	88720	 	0.0148276	 	0.0323771	 	
302000	-1.99711	 	1595.41	 	-0.999207	 	399.381	 	0.999207	 	88982	 	0.014783	 	0.0323382	 	
303000	-1.99711	 	1595.41	 	-0.999207	 	399.381	 	0.999207	 	89286	 	0.0147405	 	0.0323212	 	
304000	-1.99711	 	1595.41	 	-0.999207	 	399.381	 	0.999207	 	89564	 	0.0146973	 	0.0322959	 	
305000	-1.99711	 	1595.41	 	-0.999207	 	399.381	 	0.999207	 	89852	 	0.0146541	 	0.0322622	 	
306000	-1.99711	 	1595.41	 	-0.999208	 	399.381	 	0.999208	 	90146	 	0.0146114	 	0.0322325	 	
307000	-1.99711	 	1595.41	 	-0.999208	 	399.381	 	0.999208	 	90398	 	0.0145683	 	0.0321985	 	
308000	-1.99711	 	1595.41	 	-0.999209	 	399.382	 	0.999209	 	90692	 	0.0145255	 	0.0321583	 	
309000	-1.99711	 	1595.42	 	-0.999209	 	399.382	 	0.999209	 	91008	 	0.0144839	 	0.0321242	 	
310000	-1.99711	 	1595.42	 	-0.99921	 	399.383	 	0.99921	 	91272	 	0.0144415	 	0.0320844	 	
311000	-1.99712	 	1595.42	 	-0.99921	 	399.383	 	0.99921	 	91562	 	0.0143999	 	0.0320511	 	
312000	-1.99712	 	1595.42	 	-0.999211	 	399.383	 	0.999211	 	91824	 	0.0143581	 	0.0320152	 	
313000	-1.99711	 	1595.42	 	-0.99921	 	399.383	 	0.99921	 	92142	 	0.0143193	 	0.0320179	 	
314000	-1.99711	 	1595.42	 	-0.99921	 	399.383	 	0.99921	 	92442	 	0.0142792	 	0.031994	 	
315000	-1.99711	 	1595.42	 	-0.999211	 	399.383	 	0.999211	 	92748	 	0.0142387	 	0.0319652	 	
316000	-1.99711	 	1595.42	 	-0.999211	 	399.383	 	0.999211	 	93019	 	0.0141987	 	0.031933	 	
317000	-1.99712	 	1595.42	 	-0.999211	 	399.383	 	0.999211	 	93255	 	0.014158	 	0.0318931	 	
318000	-1.99712	 	1595.42	 	-0.999212	 	399.384	 	0.999212	 	93490	 	0.0141171	 	0.0318487	 	
319000	-1.99712	 	1595.42	 	-0.999212	 	399.384	 	0.999212	 	93776	 	0.0140776	 	0.0318187	 	
320000	-1.99712	 	1595.42	 	-0.999212	 	399.384	 	0.999212	 	94068	 	0.0140387	 	0.0317938	 	
321000	-1.99712	 	1595.42	 	-0.999213	 	399.384	 	0.999213	 	94350	 	0.0139996	 	0.0317655	 	
322000	-1.99712	 	1595.42	 	-0.999213	 	399.385	 	0.999213	 	94642	 	0.0139605	 	0.0317327	 	
323000	-1.99712	 	1595.42	 	-0.999213	 	399.384	 	0.999213	 	94928	 	0.0139224	 	0.031711	 	
324000	-1.99712	 	1595.42	 	-0.999213	 	399.385	 	0.999213	 	95198	 	0.0138835	 	0.0316776	 	
325000	-1.99712	 	1595.43	 	-0.999214	 	399.385	 	0.999214	 	95454	 	0.0138455	 	0.0316466	 	
326000	-1.99712	 	1595.43	 	-0.999214	 	399.385	 	0.999214	 	95750	 	0.0138073	 	0.0316154	 	
327000	-1.99712	 	1595.43	 	-0.999214	 	399.385	 	0.999214	 	96026	 	0.0137702	 	0.0315959	 	
328000	-1.99712	 	1595.43	 	-0.999214	 	399.385	 	0.999214	 	96314	 	0.0137327	 	0.0315691	 	
329000	-1.99712	 	1595.43	 	-0.999214	 	399.385	 	0.999214	 	96596	 	0.0136955	 	0.0315398	 	
330000	-1.99712	 	1595.43	 	-0.999215	 	399.386	 	0.999215	 	96872	 	0.0136581	 	0.0315072	 	
331000	-1.99712	 	1595.43	 	-0.999215	 	399.386	 	0.999215	 	97186	 	0.0136219	 	0.0314906	 	
332000	-1.99712	 	1595.43	 	-0.999215	 	399.386	 	0.999215	 	97490	 	0.0135849	 	0.031457	 	
333000	-1.99712	 	1595.43	 	-0.999216	 	399.386	 	0.999216	 	97720	 	0.0135478	 	0.0314156	 	
334000	-1.99712	 	1595.43	 	-0.999216	 	399.386	 	0.999216	 	98036	 	0.0135124	 	0.031398	 	
335000	-1.99712	 	1595.43	 	-0.999216	 	399.387	 	0.999216	 	98276	 	0.0134761	 	0.0313613	 	
336000	-1.99712	 	1595.43	 	-0.999217	 	399.387	 	0.999217	 	98568	 	0.0134407	 	0.031336	 	
337000	-1.99712	 	1595.43	 	-0.999217	 	399.387	 	0.999217	 	98888	 	0.0134056	 	0.0313152	 	
338000	-1.99712	 	1595.43	 	-0.999217	 	399.387	 	0.999217	 	99154	 	0.0133706	 	0.0312886	 	
339000	-1.99712	 	1595.43	 	-0.999216	 	399.387	 	0.999216	 	99482	 	0.0133367	 	0.0312829	 	
340000	-1.99712	 	1595.43	 	-0.999216	 	399.386	 	0.999216	 	99802	 	0.0133032	 	0.0312736	 	
341000	-1.99712	 	1595.43	 	-0.999216	 	399.387	 	0.999216	 	100068	 	0.0132692	 	0.0312604	 	
342000	-1.99712	 	1595.43	 	-0.999216	 	399.386	 	0.999216	 	100378	 	0.0132352	 	0.0312438	 	
343000	-1.99712	 	1595.43	 	-0.999217	 	399.387	 	0.999217	 	100692	 	0.013201	 	0.0312184	 	
344000	-1.99712	 	1595.42	 	-0.999216	 	399.386	 	0.999216	 	100991	 	0.0131683	 	0.0312111	 	
345000	-1.99712	 	1595.42	 	-0.999216	 	399.386	 	0.999216	 	101278	 	0.0131357	 	0.0312017	 	
346000	-1.99712	 	1595.43	 	-0.999217	 	399.387	 	0.999217	 	101568	 	0.0131016	 	0.0311691	 	
347000	-1.99712	 	1595.43	 	-0.999217	 	399.387	 	0.999217	 	101850	 	0.0130693	 	0.0311574	 	
348000	-1.99712	 	1595.42	 	-0.999217	 	399.387	 	0.999217	 	102177	 	0.0130369	 	0.0311435	 	
349000	-1.99712	 	1595.42	 	-0.999217	 	399.387	 	0.999217	 	102474	 	0.0130047	 	0.0311337	 	
350000	-1.99712	 	1595.42	 	-0.999217	 	399.387	 	0.999217	 	102786	 	0.0129731	 	0.0311271	 	
351000	-1.99712	 	1595.42	 	-0.999217	 	399.387	 	0.999217	 	103024	 	0.0129402	 	0.0310985	 	
352000	-1.99712	 	1595.42	 	-0.999217	 	399.387	 	0.999217	 	103306	 	0.012909	 	0.0310882	 	
353000	-1.99712	 	1595.42	 	-0.999217	 	399.387	 	0.999217	 	103620	 	0.0128776	 	0.0310723	 	
354000	-1.99711	 	1595.42	 	-0.999217	 	399.386	 	0.999217	 	103898	 	0.0128476	 	0.0310817	 	
355000	-1.99711	 	1595.42	 	-0.999217	 	399.386	 	0.999217	 	104190	 	0.0128161	 	0.0310639	 	
356000	-1.99712	 	1595.42	 	-0.999217	 	399.387	 	0.999217	 	104446	 	0.0127838	 	0.0310328	 	
357000	-1.99712	 	1595.42	 	-0.999217	 	399.387	 	0.999217	 	104704	 	0.0127517	 	0.0310043	 	
358000	-1.99712	 	1595.42	 	-0.999218	 	399.387	 	0.999218	 	104990	 	0.0127202	 	0.030977	 	
359000	-1.99712	 	1595.42	 	-0.999218	 	399.387	 	0.999218	 	105300	 	0.012689	 	0.0309542	 	
360000	-1.99712	 	1595.42	 	-0.999218	 	399.387	 	0.999218	 	105592	 	0.0126583	 	0.030938	 	
361000	-1.99712	 	1595.42	 	-0.999218	 	399.387	 	0.999218	 	105916	 	0.0126274	 	0.0309181	 	
362000	-1.99712	 	1595.42	 	-0.999218	 	399.387	 	0.999218	 	106226	 	0.0125968	 	0.0308957	 	
363000	-1.99712	 	1595.42	 	-0.999219	 	399.388	 	0.999219	 	106480	 	0.0125654	 	0.0308626	 	
364000	-1.99712	 	1595.42	 	-0.999219	 	399.388	 	0.999219	 	106758	 	0.0125351	 	0.0308357	 	
365000	-1.99712	 	1595.43	 	-0.999219	 	399.388	 	0.999219	 	107022	 	0.0125049	 	0.0308148	 	
366000	-1.99712	 	1595.43	 	-0.99922	 	399.388	 	0.99922	 	107300	 	0.0124747	 	0.03079	 	
367000	-1.99712	 	1595.43	 	-0.99922	 	399.388	 	0.99922	 	107622	 	0.0124456	 	0.0307804	 	
368000	-1.99712	 	1595.43	 	-0.99922	 	399.389	 	0.99922	 	107900	 	0.0124154	 	0.0307513	 	
369000	-1.99712	 	1595.42	 	-0.99922	 	399.388	 	0.99922	 	108214	 	0.0123865	 	0.0307401	 	
370000	-1.99712	 	1595.42	 	-0.999219	 	399.388	 	0.999219	 	108560	 	0.0123584	 	0.0307386	 	
371000	-1.99712	 	1595.42	 	-0.999219	 	399.388	 	0.999219	 	108890	 	0.0123297	 	0.0307243	 	
372000	-1.99711	 	1595.42	 	-0.999219	 	399.388	 	0.999219	 	109170	 	0.0123007	 	0.0307049	 	
373000	-1.99712	 	1595.42	 	-0.999219	 	399.388	 	0.999219	 	109467	 	0.0122711	 	0.0306746	 	
374000	-1.99711	 	1595.42	 	-0.999219	 	399.388	 	0.999219	 	109782	 	0.0122446	 	0.0306807	 	
375000	-1.99711	 	1595.42	 	-0.999219	 	399.388	 	0.999219	 	110095	 	0.0122162	 	0.0306599	 	
376000	-1.99711	 	1595.42	 	-0.999219	 	399.388	 	0.999219	 	110366	 	0.0121872	 	0.0306326	 	
377000	-1.99711	 	1595.42	 	-0.999219	 	399.388	 	0.999219	 	110666	 	0.012159	 	0.0306125	 	
378000	-1.99711	 	1595.42	 	-0.999219	 	399.388	 	0.999219	 	110982	 	0.0121317	 	0.0306048	 	
379000	-1.99711	 	1595.42	 	-0.99922	 	399.388	 	0.99922	 	111274	 	0.0121039	 	0.0305821	 	
380000	-1.99712	 	1595.42	 	-0.99922	 	399.389	 	0.99922	 	111526	 	0.012075	 	0.030547	 	
381000	-1.99712	 	1595.42	 	-0.999221	 	399.389	 	0.999221	 	111784	 	0.0120461	 	0.0305113	 	
382000	-1.99712	 	1595.42	 	-0.999221	 	399.389	 	0.999221	 	112094	 	0.0120184	 	0.0304906	 	
383000	-1.99712	 	1595.42	 	-0.999221	 	399.389	 	0.999221	 	112351	 	0.0119912	 	0.0304711	 	
384000	-1.99712	 	1595.42	 	-0.999222	 	399.389	 	0.999222	 	112626	 	0.0119632	 	0.0304425	 	
385000	-1.99712	 	1595.42	 	-0.999222	 	399.39	 	0.999222	 	112888	 	0.011936	 	0.0304217	 	
386000	-1.99712	 	1595.42	 	-0.999222	 	399.39	 	0.999222	 	113190	 	0.0119094	 	0.0304053	 	
387000	-1.99712	 	1595.43	 	-0.999222	 	399.39	 	0.999222	 	113449	 	0.0118818	 	0.0303755	 	
388000	-1.99712	 	1595.43	 	-0.999223	 	399.39	 	0.999223	 	113722	 	0.0118549	 	0.0303543	 	
389000	-1.99712	 	1595.43	 	-0.999222	 	399.39	 	0.999222	 	114082	 	0.0118295	 	0.0303522	 	
390000	-1.99712	 	1595.43	 	-0.999223	 	399.39	 	0.999223	 	114334	 	0.0118024	 	0.0303233	 	
391000	-1.99712	 	1595.43	 	-0.999223	 	399.391	 	0.999223	 	114612	 	0.0117758	 	0.0303027	 	
392000	-1.99712	 	1595.43	 	-0.999223	 	399.391	 	0.999223	 	114896	 	0.0117494	 	0.03028	 	
393000	-1.99712	 	1595.43	 	-0.999223	 	399.391	 	0.999223	 	115210	 	0.0117242	 	0.0302701	 	
394000	-1.99712	 	1595.43	 	-0.999224	 	399.391	 	0.999224	 	115486	 	0.0116982	 	0.0302511	 	
395000	-1.99712	 	1595.43	 	-0.999224	 	399.391	 	0.999224	 	115774	 	0.0116731	 	0.03024	 	
396000	-1.99712	 	1595.43	 	-0.999224	 	399.391	 	0.999224	 	116020	 	0.0116469	 	0.0302143	 	
397000	-1.99712	 	1595.43	 	-0.999224	 	399.391	 	0.999224	 	116296	 	0.0116204	 	0.0301814	 	
398000	-1.99712	 	1595.43	 	-0.999224	 	399.391	 	0.999224	 	116612	 	0.0115956	 	0.0301699	 	
399000	-1.99712	 	1595.43	 	-0.999224	 	399.391	 	0.999224	 	116922	 	0.0115706	 	0.030157	 	
400000	-1.99712	 	1595.43	 	-0.999225	 	399.392	 	0.999225	 	117200	 	0.0115454	 	0.0301374	 	
401000	-1.99712	 	1595.43	 	-0.999225	 	399.392	 	0.999225	 	117454	 	0.0115201	 	0.0301143	 	
402000	-1.99712	 	1595.43	 	-0.999225	 	399.392	 	0.999225	 	117749	 	0.0114955	 	0.0301013	 	
403000	-1.99713	 	1595.43	 	-0.999225	 	399.392	 	0.999225	 	118000	 	0.0114702	 	0.0300751	 	
404000	-1.99713	 	1595.44	 	-0.999226	 	399.392	 	0.999226	 	118254	 	0.0114455	 	0.0300534	 	
405000	-1.99713	 	1595.44	 	-0.999226	 	399.393	 	0.999226	 	118501	 	0.0114203	 	0.0300263	 	
406000	-1.99713	 	1595.44	 	-0.999227	 	399.393	 	0.999227	 	118740	 	0.0113956	 	0.0300005	 	
407000	-1.99713	 	1595.44	 	-0.999227	 	399.393	 	0.999227	 	119026	 	0.0113717	 	0.0299899	 	
408000	-1.99713	 	1595.44	 	-0.999227	 	399.393	 	0.999227	 	119332	 	0.0113482	 	0.029981	 	
409000	-1.99713	 	1595.44	 	-0.999226	 	399.393	 	0.999226	 	119667	 	0.0113251	 	0.0299774	 	
410000	-1.99713	 	1595.44	 	-0.999226	 	399.393	 	0.999226	 	119940	 	0.0113016	 	0.0299641	 	
411000	-1.99713	 	1595.43	 	-0.999226	 	399.392	 	0.999226	 	120282	 	0.0112807	 	0.0299701	 	
412000	-1.99713	 	1595.44	 	-0.999227	 	399.393	 	0.999227	 	120516	 	0.0112559	 	0.0299356	 	
413000	-1.99713	 	1595.44	 	-0.999227	 	399.393	 	0.999227	 	120802	 	0.0112321	 	0.0299132	 	
414000	-1.99713	 	1595.44	 	-0.999227	 	399.393	 	0.999227	 	121075	 	0.0112097	 	0.0299119	 	
415000	-1.99713	 	1595.44	 	-0.999227	 	399.393	 	0.999227	 	121338	 	0.0111864	 	0.0298904	 	
416000	-1.99713	 	1595.44	 	-0.999227	 	399.393	 	0.999227	 	121616	 	0.0111637	 	0.0298787	 	
417000	-1.99713	 	1595.44	 	-0.999228	 	399.394	 	0.999228	 	121902	 	0.0111403	 	0.0298541	 	
418000	-1.99713	 	1595.44	 	-0.999228	 	399.394	 	0.999228	 	122188	 	0.0111174	 	0.0298387	 	
419000	-1.99713	 	1595.44	 	-0.999228	 	399.393	 	0.999228	 	122492	 	0.0110947	 	0.0298292	 	
420000	-1.99713	 	1595.44	 	-0.999228	 	399.394	 	0.999228	 	122754	 	0.0110718	 	0.0298102	 	
421000	-1.99713	 	1595.44	 	-0.999228	 	399.394	 	0.999228	 	123021	 	0.011049	 	0.0297941	 	
422000	-1.99713	 	1595.44	 	-0.999228	 	399.394	 	0.999228	 	123329	 	0.0110268	 	0.0297829	 	
423000	-1.99713	 	1595.44	 	-0.999228	 	399.394	 	0.999228	 	123622	 	0.0110044	 	0.0297657	 	
424000	-1.99713	 	1595.44	 	-0.999229	 	399.394	 	0.999229	 	123908	 	0.0109815	 	0.0297423	 	
425000	-1.99713	 	1595.44	 	-0.999229	 	399.394	 	0.999229	 	124221	 	0.0109599	 	0.0297329	 	
426000	-1.99713	 	1595.44	 	-0.999228	 	399.394	 	0.999228	 	124521	 	0.0109388	 	0.0297317	 	
427000	-1.99713	 	1595.44	 	-0.999228	 	399.394	 	0.999228	 	124796	 	0.0109163	 	0.0297096	 	
428000	-1.99713	 	1595.44	 	-0.999229	 	399.394	 	0.999229	 	125073	 	0.0108943	 	0.0296956	 	
429000	-1.99713	 	1595.44	 	-0.999229	 	399.394	 	0.999229	 	125368	 	0.0108723	 	0.0296766	 	
430000	-1.99713	 	1595.44	 	-0.999229	 	399.394	 	0.999229	 	125689	 	0.010851	 	0.0296679	 	
431000	-1.99713	 	1595.44	 	-0.999228	 	399.394	 	0.999228	 	125986	 	0.0108301	 	0.0296649	 	
432000	-1.99713	 	1595.44	 	-0.999228	 	399.394	 	0.999228	 	126290	 	0.0108091	 	0.0296563	 	
433000	-1.99713	 	1595.44	 	-0.999228	 	399.394	 	0.999228	 	126605	 	0.0107882	 	0.0296469	 	
434000	-1.99713	 	1595.44	 	-0.999229	 	399.394	 	0.999229	 	126872	 	0.0107662	 	0.0296212	 	
435000	-1.99713	 	1595.44	 	-0.999228	 	399.394	 	0.999228	 	127146	 	0.010747	 	0.0296243	 	
436000	-1.99713	 	1595.43	 	-0.999228	 	399.394	 	0.999228	 	127480	 	0.0107268	 	0.0296234	 	
437000	-1.99713	 	1595.44	 	-0.999229	 	399.394	 	0.999229	 	127772	 	0.0107054	 	0.0296042	 	
438000	-1.99713	 	1595.43	 	-0.999229	 	399.394	 	0.999229	 	128082	 	0.0106849	 	0.0295927	 	
439000	-1.99712	 	1595.43	 	-0.999228	 	399.394	 	0.999228	 	128402	 	0.0106654	 	0.0295944	 	
440000	-1.99712	 	1595.43	 	-0.999228	 	399.393	 	0.999228	 	128720	 	0.0106452	 	0.0295873	 	
441000	-1.99712	 	1595.43	 	-0.999228	 	399.393	 	0.999228	 	129032	 	0.010625	 	0.0295785	 	
442000	-1.99712	 	1595.43	 	-0.999228	 	399.393	 	0.999228	 	129300	 	0.0106043	 	0.0295608	 	
443000	-1.99713	 	1595.43	 	-0.999229	 	399.394	 	0.999229	 	129538	 	0.0105831	 	0.0295333	 	
444000	-1.99713	 	1595.44	 	-0.999229	 	399.394	 	0.999229	 	129830	 	0.0105626	 	0.0295124	 	
445000	-1.99713	 	1595.44	 	-0.999229	 	399.394	 	0.999229	 	130122	 	0.0105421	 	0.0294936	 	
446000	-1.99713	 	1595.44	 	-0.999229	 	399.394	 	0.999229	 	130412	 	0.0105217	 	0.0294779	 	
447000	-1.99713	 	1595.44	 	-0.99923	 	399.394	 	0.99923	 	130715	 	0.0105013	 	0.0294597	 	
448000	-1.99713	 	1595.44	 	-0.99923	 	399.395	 	0.99923	 	130980	 	0.010481	 	0.0294425	 	
449000	-1.99713	 	1595.44	 	-0.99923	 	399.395	 	0.99923	 	131248	 	0.0104607	 	0.0294213	 	
450000	-1.99713	 	1595.44	 	-0.99923	 	399.395	 	0.99923	 	131562	 	0.0104413	 	0.0294169	 	
451000	-1.99713	 	1595.44	 	-0.99923	 	399.395	 	0.99923	 	131858	 	0.0104213	 	0.0293978	 	
452000	-1.99713	 	1595.44	 	-0.99923	 	399.395	 	0.99923	 	132150	 	0.0104016	 	0.0293834	 	
453000	-1.99713	 	1595.44	 	-0.999231	 	399.395	 	0.999231	 	132380	 	0.0103811	 	0.0293563	 	
454000	-1.99713	 	1595.44	 	-0.999231	 	399.395	 	0.999231	 	132654	 	0.0103612	 	0.0293366	 	
455000	-1.99713	 	1595.44	 	-0.999231	 	399.396	 	0.999231	 	132940	 	0.0103416	 	0.0293198	 	
456000	-1.99713	 	1595.45	 	-0.999232	 	399.396	 	0.999232	 	133208	 	0.0103213	 	0.0292918	 	
457000	-1.99713	 	1595.45	 	-0.999232	 	399.396	 	0.999232	 	133458	 	0.0103017	 	0.0292735	 	
458000	-1.99714	 	1595.45	 	-0.999233	 	399.397	 	0.999233	 	133710	 	0.0102818	 	0.0292517	 	
459000	-1.99714	 	1595.45	 	-0.999233	 	399.397	 	0.999233	 	133955	 	0.0102623	 	0.0292318	 	
460000	-1.99713	 	1595.45	 	-0.999232	 	399.396	 	0.999232	 	134280	 	0.0102443	 	0.0292324	 	
461000	-1.99713	 	1595.45	 	-0.999232	 	399.396	 	0.999232	 	134560	 	0.0102256	 	0.0292205	 	
462000	-1.99713	 	1595.45	 	-0.999233	 	399.397	 	0.999233	 	134832	 	0.0102068	 	0.0292078	 	
463000	-1.99713	 	1595.45	 	-0.999233	 	399.397	 	0.999233	 	135126	 	0.0101879	 	0.0291934	 	
464000	-1.99713	 	1595.45	 	-0.999233	 	399.396	 	0.999233	 	135460	 	0.0101699	 	0.0291857	 	
465000	-1.99713	 	1595.45	 	-0.999233	 	399.397	 	0.999233	 	135704	 	0.0101507	 	0.0291633	 	
466000	-1.99713	 	1595.45	 	-0.999233	 	399.397	 	0.999233	 	136030	 	0.0101327	 	0.0291588	 	
467000	-1.99713	 	1595.44	 	-0.999233	 	399.396	 	0.999233	 	136340	 	0.0101155	 	0.0291603	 	
468000	-1.99713	 	1595.44	 	-0.999233	 	399.396	 	0.999233	 	136633	 	0.0100975	 	0.0291524	 	
469000	-1.99713	 	1595.44	 	-0.999233	 	399.396	 	0.999233	 	136904	 	0.0100794	 	0.0291428	 	
470000	-1.99713	 	1595.45	 	-0.999233	 	399.397	 	0.999233	 	137172	 	0.0100609	 	0.0291236	 	
471000	-1.99713	 	1595.45	 	-0.999233	 	399.397	 	0.999233	 	137444	 	0.0100432	 	0.0291171	 	
472000	-1.99713	 	1595.45	 	-0.999233	 	399.397	 	0.999233	 	137756	 	0.010025	 	0.0291029	 	
473000	-1.99713	 	1595.45	 	-0.999233	 	399.397	 	0.999233	 	138042	 	0.0100072	 	0.0290927	 	
474000	-1.99713	 	1595.44	 	-0.999233	 	399.397	 	0.999233	 	138346	 	0.00998965	 	0.0290856	 	
475000	-1.99713	 	1595.45	 	-0.999233	 	399.397	 	0.999233	 	138584	 	0.00997145	 	0.0290684	 	
476000	-1.99713	 	1595.45	 	-0.999233	 	399.397	 	0.999233	 	138878	 	0.00995364	 	0.029056	 	
477000	-1.99713	 	1595.44	 	-0.999233	 	399.397	 	0.999233	 	139236	 	0.00993656	 	0.0290496	 	
478000	-1.99713	 	1595.44	 	-0.999233	 	399.397	 	0.999233	 	139534	 	0.00991919	 	0.0290409	 	
479000	-1.99713	 	1595.44	 	-0.999233	 	399.397	 	0.999233	 	139836	 	0.00990209	 	0.0290317	 	
480000	-1.99713	 	1595.44	 	-0.999234	 	399.397	 	0.999234	 	140079	 	0.00988407	 	0.0290119	 	
481000	-1.99713	 	1595.45	 	-0.999234	 	399.397	 	0.999234	 	140376	 	0.00986635	 	0.0289924	 	
482000	-1.99713	 	1595.44	 	-0.999234	 	399.397	 	0.999234	 	140717	 	0.00984996	 	0.0289905	 	
483000	-1.99713	 	1595.44	 	-0.999234	 	399.397	 	0.999234	 	141026	 	0.00983265	 	0.0289766	 	
484000	-1.99713	 	1595.44	 	-0.999234	 	399.397	 	0.999234	 	141336	 	0.00981566	 	0.0289684	 	
485000	-1.99713	 	1595.44	 	-0.999234	 	399.397	 	0.999234	 	141632	 	0.00979921	 	0.028964	 	
486000	-1.99713	 	1595.44	 	-0.999234	 	399.397	 	0.999234	 	141921	 	0.00978248	 	0.0289561	 	
487000	-1.99713	 	1595.44	 	-0.999234	 	399.397	 	0.999234	 	142182	 	0.00976512	 	0.0289371	 	
488000	-1.99713	 	1595.44	 	-0.999234	 	399.397	 	0.999234	 	142479	 	0.00974856	 	0.0289263	 	
489000	-1.99713	 	1595.44	 	-0.999234	 	399.397	 	0.999234	 	142790	 	0.00973166	 	0.0289121	 	
490000	-1.99713	 	1595.45	 	-0.999234	 	399.397	 	0.999234	 	143062	 	0.00971464	 	0.0288963	 	
491000	-1.99713	 	1595.44	 	-0.999234	 	399.397	 	0.999234	 	143352	 	0.00969816	 	0.0288878	 	
492000	-1.99713	 	1595.45	 	-0.999235	 	399.398	 	0.999235	 	143588	 	0.00968074	 	0.0288627	 	
493000	-1.99713	 	1595.45	 	-0.999235	 	399.398	 	0.999235	 	143900	 	0.00966456	 	0.0288564	 	
494000	-1.99713	 	1595.45	 	-0.999235	 	399.398	 	0.999235	 	144176	 	0.00964886	 	0.0288498	 	
495000	-1.99713	 	1595.45	 	-0.999235	 	399.398	 	0.999235	 	144462	 	0.00963243	 	0.0288376	 	
496000	-1.99713	 	1595.45	 	-0.999235	 	399.398	 	0.999235	 	144750	 	0.00961567	 	0.0288204	 	
497000	-1.99713	 	1595.45	 	-0.999235	 	399.398	 	0.999235	 	145064	 	0.00959992	 	0.0288176	 	
498000	-1.99713	 	1595.45	 	-0.999235	 	399.398	 	0.999235	 	145324	 	0.00958377	 	0.0288061	 	
499000	-1.99713	 	1595.45	 	-0.999235	 	399.398	 	0.999235	 	145632	 	0.00956858	 	0.0288022	 	
500000	-1.99713	 	1595.44	 	-0.999235	 	399.398	 	0.999235	 	145910	 	0.00955276	 	0.0287942	 	
501000	-1.99713	 	1595.44	 	-0.999235	 	399.398	 	0.999235	 	146226	 	0.00953744	 	0.0287927	 	
502000	-1.99713	 	1595.44	 	-0.999234	 	399.397	 	0.999234	 	146580	 	0.00952269	 	0.0287941	 	
503000	-1.99713	 	1595.44	 	-0.999235	 	399.397	 	0.999235	 	146862	 	0.00950662	 	0.0287796	 	
504000	-1.99713	 	1595.44	 	-0.999235	 	399.397	 	0.999235	 	147148	 	0.00949054	 	0.028766	 	
505000	-1.99713	 	1595.44	 	-0.999235	 	399.397	 	0.999235	 	147490	 	0.00947539	 	0.0287647	 	
506000	-1.99713	 	1595.44	 	-0.999235	 	399.397	 	0.999235	 	147810	 	0.00945983	 	0.0287549	 	
507000	-1.99713	 	1595.44	 	-0.999235	 	399.397	 	0.999235	 	148112	 	0.00944436	 	0.0287455	 	
508000	-1.99713	 	1595.44	 	-0.999235	 	399.398	 	0.999235	 	148349	 	0.00942804	 	0.0287221	 	
509000	-1.99713	 	1595.44	 	-0.999235	 	399.398	 	0.999235	 	148690	 	0.0094128	 	0.0287133	 	
510000	-1.99713	 	1595.44	 	-0.999236	 	399.398	 	0.999236	 	148942	 	0.00939665	 	0.0286923	 	
511000	-1.99713	 	1595.45	 	-0.999236	 	399.398	 	0.999236	 	149156	 	0.00938068	 	0.0286736	 	
512000	-1.99713	 	1595.45	 	-0.999236	 	399.398	 	0.999236	 	149480	 	0.00936536	 	0.0286621	 	
513000	-1.99713	 	1595.44	 	-0.999236	 	399.398	 	0.999236	 	149812	 	0.00935031	 	0.0286526	 	
514000	-1.99713	 	1595.44	 	-0.999236	 	399.398	 	0.999236	 	150110	 	0.00933538	 	0.0286436	 	
515000	-1.99713	 	1595.45	 	-0.999236	 	399.398	 	0.999236	 	150374	 	0.00932016	 	0.0286315	 	
516000	-1.99713	 	1595.45	 	-0.999236	 	399.399	 	0.999236	 	150655	 	0.0093048	 	0.0286177	 	
517000	-1.99713	 	1595.45	 	-0.999237	 	399.399	 	0.999237	 	150928	 	0.00928949	 	0.0286018	 	
518000	-1.99713	 	1595.45	 	-0.999237	 	399.399	 	0.999237	 	151192	 	0.00927453	 	0.0285921	 	
519000	-1.99713	 	1595.45	 	-0.999237	 	399.399	 	0.999237	 	151498	 	0.00925962	 	0.0285803	 	
520000	-1.99713	 	1595.45	 	-0.999237	 	399.399	 	0.999237	 	151812	 	0.00924541	 	0.0285787	 	
521000	-1.99713	 	1595.45	 	-0.999236	 	399.399	 	0.999236	 	152117	 	0.0092312	 	0.0285781	 	
522000	-1.99713	 	1595.44	 	-0.999236	 	399.399	 	0.999236	 	152412	 	0.00921708	 	0.0285743	 	
523000	-1.99713	 	1595.45	 	-0.999237	 	399.399	 	0.999237	 	152700	 	0.00920219	 	0.0285604	 	
524000	-1.99713	 	1595.45	 	-0.999237	 	399.399	 	0.999237	 	152984	 	0.00918754	 	0.028549	 	
525000	-1.99714	 	1595.45	 	-0.999237	 	399.399	 	0.999237	 	153224	 	0.00917236	 	0.028529	 	
526000	-1.99714	 	1595.45	 	-0.999237	 	399.399	 	0.999237	 	153493	 	0.00915755	 	0.0285143	 	
527000	-1.99714	 	1595.45	 	-0.999237	 	399.399	 	0.999237	 	153775	 	0.0091431	 	0.028505	 	
528000	-1.99714	 	1595.45	 	-0.999237	 	399.399	 	0.999237	 	154081	 	0.00912911	 	0.0285019	 	
529000	-1.99714	 	1595.45	 	-0.999237	 	399.399	 	0.999237	 	154404	 	0.00911573	 	0.0285033	 	
530000	-1.99714	 	1595.45	 	-0.999237	 	399.399	 	0.999237	 	154716	 	0.00910157	 	0.0284936	 	
531000	-1.99714	 	1595.45	 	-0.999238	 	399.399	 	0.999238	 	155014	 	0.00908733	 	0.0284829	 	
532000	-1.99713	 	1595.45	 	-0.999237	 	399.399	 	0.999237	 	155356	 	0.00907384	 	0.0284831	 	
533000	-1.99713	 	1595.44	 	-0.999237	 	399.399	 	0.999237	 	155648	 	0.00906015	 	0.0284812	 	
534000	-1.99713	 	1595.44	 	-0.999237	 	399.399	 	0.999237	 	155958	 	0.00904718	 	0.0284819	 	
535000	-1.99713	 	1595.44	 	-0.999237	 	399.399	 	0.999237	 	156264	 	0.00903364	 	0.0284793	 	
536000	-1.99713	 	1595.44	 	-0.999237	 	399.399	 	0.999237	 	156508	 	0.00901899	 	0.0284586	 	
537000	-1.99713	 	1595.44	 	-0.999237	 	399.399	 	0.999237	 	156866	 	0.00900589	 	0.0284603	 	
538000	-1.99713	 	1595.44	 	-0.999237	 	399.399	 	0.999237	 	157182	 	0.00899235	 	0.0284545	 	
539000	-1.99713	 	1595.44	 	-0.999237	 	399.399	 	0.999237	 	157456	 	0.0089789	 	0.0284526	 	
540000	-1.99713	 	1595.44	 	-0.999237	 	399.398	 	0.999237	 	157802	 	0.00896553	 	0.0284494	 	
541000	-1.99713	 	1595.44	 	-0.999237	 	399.398	 	0.999237	 	158112	 	0.00895198	 	0.0284424	 	
542000	-1.99713	 	1595.44	 	-0.999237	 	399.398	 	0.999237	 	158424	 	0.00893828	 	0.0284336	 	
543000	-1.99713	 	1595.44	 	-0.999236	 	399.398	 	0.999236	 	158724	 	0.00892497	 	0.0284279	 	
544000	-1.99713	 	1595.44	 	-0.999237	 	399.398	 	0.999237	 	159016	 	0.00891114	 	0.0284146	 	
545000	-1.99713	 	1595.44	 	-0.999237	 	399.398	 	0.999237	 	159314	 	0.00889797	 	0.0284071	 	
546000	-1.99713	 	1595.44	 	-0.999237	 	399.399	 	0.999237	 	159586	 	0.00888399	 	0.0283916	 	
547000	-1.99713	 	1595.44	 	-0.999237	 	399.399	 	0.999237	 	159856	 	0.00887036	 	0.0283792	 	
548000	-1.99713	 	1595.44	 	-0.999237	 	399.399	 	0.999237	 	160139	 	0.00885694	 	0.0283679	 	
549000	-1.99713	 	1595.44	 	-0.999237	 	399.399	 	0.999237	 	160380	 	0.00884324	 	0.0283516	 	
550000	-1.99713	 	1595.44	 	-0.999238	 	399.399	 	0.999238	 	160618	 	0.00882922	 	0.0283316	 	
551000	-1.99713	 	1595.44	 	-0.999238	 	399.4	 	0.999238	 	160874	 	0.0088154	 	0.0283138	 	
552000	-1.99713	 	1595.45	 	-0.999238	 	399.4	 	0.999238	 	161166	 	0.0088022	 	0.0283046	 	
553000	-1.99713	 	1595.45	 	-0.999238	 	399.4	 	0.999238	 	161424	 	0.00878895	 	0.028294	 	
554000	-1.99713	 	1595.44	 	-0.999238	 	399.4	 	0.999238	 	161738	 	0.00877659	 	0.0282928	 	
555000	-1.99713	 	1595.44	 	-0.999238	 	399.399	 	0.999238	 	162066	 	0.00876427	 	0.028296	 	
556000	-1.99713	 	1595.44	 	-0.999238	 	399.399	 	0.999238	 	162402	 	0.00875162	 	0.028292	 	
557000	-1.99713	 	1595.44	 	-0.999237	 	399.399	 	0.999237	 	162768	 	0.00873981	 	0.0283005	 	
558000	-1.99713	 	1595.44	 	-0.999238	 	399.399	 	0.999238	 	163056	 	0.00872693	 	0.0282925	 	
559000	-1.99713	 	1595.44	 	-0.999238	 	399.399	 	0.999238	 	163350	 	0.00871426	 	0.0282853	 	
560000	-1.99713	 	1595.44	 	-0.999237	 	399.399	 	0.999237	 	163710	 	0.00870268	 	0.0282919	 	
561000	-1.99713	 	1595.44	 	-0.999237	 	399.399	 	0.999237	 	164006	 	0.00868975	 	0.0282822	 	
562000	-1.99713	 	1595.43	 	-0.999237	 	399.398	 	0.999237	 	164338	 	0.00867799	 	0.0282896	 	
563000	-1.99713	 	1595.43	 	-0.999237	 	399.398	 	0.999237	 	164642	 	0.00866563	 	0.0282853	 	
564000	-1.99713	 	1595.43	 	-0.999237	 	399.398	 	0.999237	 	164908	 	0.00865328	 	0.0282795	 	
565000	-1.99713	 	1595.43	 	-0.999237	 	399.398	 	0.999237	 	165186	 	0.00864069	 	0.0282708	 	
566000	-1.99713	 	1595.43	 	-0.999237	 	399.399	 	0.999237	 	165437	 	0.00862786	 	0.0282559	 	
567000	-1.99713	 	1595.43	 	-0.999237	 	399.399	 	0.999237	 	165734	 	0.00861514	 	0.0282433	 	
568000	-1.99713	 	1595.43	 	-0.999238	 	399.399	 	0.999238	 	166004	 	0.00860248	 	0.0282303	 	
569000	-1.99713	 	1595.43	 	-0.999237	 	399.399	 	0.999237	 	166370	 	0.00859168	 	0.0282425	 	
570000	-1.99712	 	1595.43	 	-0.999237	 	399.398	 	0.999237	 	166658	 	0.00858007	 	0.0282417	 	
571000	-1.99712	 	1595.43	 	-0.999237	 	399.398	 	0.999237	 	166974	 	0.0085684	 	0.0282408	 	
572000	-1.99712	 	1595.43	 	-0.999237	 	399.398	 	0.999237	 	167280	 	0.00855606	 	0.0282318	 	
573000	-1.99712	 	1595.43	 	-0.999237	 	399.398	 	0.999237	 	167578	 	0.00854391	 	0.0282244	 	
574000	-1.99712	 	1595.43	 	-0.999237	 	399.398	 	0.999237	 	167860	 	0.00853168	 	0.0282167	 	
575000	-1.99712	 	1595.43	 	-0.999237	 	399.398	 	0.999237	 	168180	 	0.00851985	 	0.0282116	 	
576000	-1.99712	 	1595.43	 	-0.999237	 	399.398	 	0.999237	 	168500	 	0.00850816	 	0.0282071	 	
577000	-1.99712	 	1595.43	 	-0.999237	 	399.398	 	0.999237	 	168788	 	0.00849689	 	0.028208	 	
578000	-1.99712	 	1595.43	 	-0.999237	 	399.398	 	0.999237	 	169098	 	0.00848522	 	0.028202	 	
579000	-1.99712	 	1595.43	 	-0.999237	 	399.398	 	0.999237	 	169394	 	0.00847314	 	0.0281926	 	
580000	-1.99712	 	1595.43	 	-0.999237	 	399.398	 	0.999237	 	169710	 	0.00846094	 	0.0281812	 	
581000	-1.99712	 	1595.43	 	-0.999237	 	399.398	 	0.999237	 	169990	 	0.00844939	 	0.0281774	 	
582000	-1.99712	 	1595.43	 	-0.999237	 	399.398	 	0.999237	 	170288	 	0.00843724	 	0.0281651	 	
583000	-1.99712	 	1595.43	 	-0.999237	 	399.398	 	0.999237	 	170579	 	0.00842552	 	0.0281584	 	
584000	-1.99712	 	1595.43	 	-0.999237	 	399.398	 	0.999237	 	170866	 	0.00841378	 	0.0281502	 	
585000	-1.99712	 	1595.43	 	-0.999237	 	399.398	 	0.999237	 	171130	 	0.00840184	 	0.0281393	 	
586000	-1.99712	 	1595.43	 	-0.999237	 	399.398	 	0.999237	 	171425	 	0.00839062	 	0.0281357	 	
587000	-1.99712	 	1595.43	 	-0.999237	 	399.398	 	0.999237	 	171710	 	0.00837897	 	0.0281271	 	
588000	-1.99712	 	1595.43	 	-0.999237	 	399.399	 	0.999237	 	172016	 	0.00836703	 	0.0281143	 	
589000	-1.99712	 	1595.43	 	-0.999237	 	399.398	 	0.999237	 	172312	 	0.00835537	 	0.0281065	 	
590000	-1.99712	 	1595.43	 	-0.999237	 	399.398	 	0.999237	 	172612	 	0.00834427	 	0.0281007	 	
591000	-1.99712	 	1595.43	 	-0.999237	 	399.399	 	0.999237	 	172890	 	0.00833267	 	0.028092	 	
592000	-1.99712	 	1595.43	 	-0.999237	 	399.398	 	0.999237	 	173232	 	0.00832162	 	0.0280909	 	
593000	-1.99712	 	1595.43	 	-0.999237	 	399.398	 	0.999237	 	173528	 	0.00831001	 	0.0280811	 	
594000	-1.99712	 	1595.42	 	-0.999237	 	399.398	 	0.999237	 	173862	 	0.00829888	 	0.0280775	 	
595000	-1.99712	 	1595.42	 	-0.999237	 	399.398	 	0.999237	 	174174	 	0.00828795	 	0.0280739	 	
596000	-1.99712	 	1595.42	 	-0.999237	 	399.398	 	0.999237	 	174460	 	0.00827695	 	0.0280689	 	
597000	-1.99712	 	1595.43	 	-0.999238	 	399.399	 	0.999238	 	174666	 	0.00826474	 	0.0280475	 	
598000	-1.99712	 	1595.43	 	-0.999238	 	399.399	 	0.999238	 	174892	 	0.00825289	 	0.0280304	 	
599000	-1.99712	 	1595.43	 	-0.999238	 	399.399	 	0.999238	 	175162	 	0.00824171	 	0.0280239	 	
600000	-1.99712	 	1595.43	 	-0.999238	 	399.399	 	0.999238	 	175482	 	0.00823159	 	0.0280309	 	
601000	-1.99712	 	1595.43	 	-0.999238	 	399.399	 	0.999238	 	175734	 	0.0082203	 	0.0280211	 	
602000	-1.99712	 	1595.43	 	-0.999238	 	399.399	 	0.999238	 	175962	 	0.00820844	 	0.0280018	 	
603000	-1.99712	 	1595.43	 	-0.999239	 	399.399	 	0.999239	 	176250	 	0.00819712	 	0.0279897	 	
604000	-1.99713	 	1595.43	 	-0.999239	 	399.4	 	0.999239	 	176504	 	0.00818532	 	0.0279711	 	
605000	-1.99713	 	1595.43	 	-0.999239	 	399.4	 	0.999239	 	176782	 	0.00817415	 	0.0279602	 	
606000	-1.99713	 	1595.43	 	-0.999239	 	399.4	 	0.999239	 	177070	 	0.00816297	 	0.0279491	 	
607000	-1.99713	 	1595.43	 	-0.999239	 	399.4	 	0.999239	 	177368	 	0.00815188	 	0.0279387	 	
608000	-1.99713	 	1595.43	 	-0.999239	 	399.4	 	0.999239	 	177682	 	0.00814118	 	0.0279319	 	
609000	-1.99713	 	1595.43	 	-0.999239	 	399.4	 	0.999239	 	178000	 	0.00813049	 	0.0279265	 	
610000	-1.99713	 	1595.43	 	-0.999239	 	399.4	 	0.999239	 	178281	 	0.0081196	 	0.0279176	 	
611000	-1.99713	 	1595.43	 	-0.999239	 	399.4	 	0.999239	 	178550	 	0.00810882	 	0.0279106	 	
612000	-1.99713	 	1595.43	 	-0.999239	 	399.4	 	0.999239	 	178830	 	0.00809809	 	0.0279033	 	
613000	-1.99713	 	1595.43	 	-0.99924	 	399.4	 	0.99924	 	179090	 	0.00808681	 	0.0278875	 	
614000	-1.99713	 	1595.44	 	-0.99924	 	399.4	 	0.99924	 	179356	 	0.00807595	 	0.0278764	 	
615000	-1.99713	 	1595.44	 	-0.99924	 	399.4	 	0.99924	 	179628	 	0.00806532	 	0.0278688	 	
616000	-1.99713	 	1595.44	 	-0.99924	 	399.401	 	0.99924	 	179876	 	0.00805414	 	0.0278528	 	
617000	-1.99713	 	1595.44	 	-0.99924	 	399.401	 	0.99924	 	180158	 	0.00804347	 	0.0278445	 	
618000	-1.99713	 	1595.44	 	-0.999241	 	399.401	 	0.999241	 	180414	 	0.00803255	 	0.0278312	 	
619000	-1.99713	 	1595.44	 	-0.999241	 	399.401	 	0.999241	 	180718	 	0.00802211	 	0.0278254	 	
620000	-1.99713	 	1595.44	 	-0.999241	 	399.401	 	0.999241	 	180999	 	0.00801182	 	0.0278206	 	
621000	-1.99713	 	1595.44	 	-0.999241	 	399.401	 	0.999241	 	181270	 	0.00800157	 	0.0278151	 	
622000	-1.99713	 	1595.44	 	-0.999241	 	399.401	 	0.999241	 	181536	 	0.00799072	 	0.0278021	 	
623000	-1.99713	 	1595.44	 	-0.999241	 	399.401	 	0.999241	 	181805	 	0.00797985	 	0.0277878	 	
624000	-1.99713	 	1595.44	 	-0.999241	 	399.401	 	0.999241	 	182100	 	0.00796958	 	0.027782	 	
625000	-1.99713	 	1595.44	 	-0.999241	 	399.401	 	0.999241	 	182414	 	0.0079592	 	0.0277751	 	
626000	-1.99713	 	1595.44	 	-0.999241	 	399.401	 	0.999241	 	182698	 	0.00794924	 	0.0277693	 	
627000	-1.99713	 	1595.44	 	-0.999241	 	399.401	 	0.999241	 	183012	 	0.00793871	 	0.027759	 	
628000	-1.99713	 	1595.44	 	-0.999241	 	399.401	 	0.999241	 	183320	 	0.00792861	 	0.0277536	 	
629000	-1.99713	 	1595.44	 	-0.999241	 	399.401	 	0.999241	 	183588	 	0.00791819	 	0.0277432	 	
630000	-1.99713	 	1595.44	 	-0.999242	 	399.401	 	0.999242	 	183896	 	0.00790827	 	0.0277384	 	
631000	-1.99713	 	1595.44	 	-0.999242	 	399.402	 	0.999242	 	184144	 	0.00789776	 	0.0277264	 	
632000	-1.99713	 	1595.44	 	-0.999242	 	399.401	 	0.999242	 	184440	 	0.00788799	 	0.0277207	 	
633000	-1.99713	 	1595.44	 	-0.999242	 	399.402	 	0.999242	 	184734	 	0.00787748	 	0.0277063	 	
634000	-1.99713	 	1595.44	 	-0.999242	 	399.402	 	0.999242	 	184996	 	0.0078674	 	0.0276984	 	
635000	-1.99713	 	1595.44	 	-0.999242	 	399.402	 	0.999242	 	185308	 	0.00785743	 	0.0276916	 	
636000	-1.99713	 	1595.44	 	-0.999242	 	399.402	 	0.999242	 	185615	 	0.00784822	 	0.0276965	 	
637000	-1.99713	 	1595.44	 	-0.999242	 	399.401	 	0.999242	 	185940	 	0.00783859	 	0.0276933	 	
638000	-1.99713	 	1595.44	 	-0.999242	 	399.401	 	0.999242	 	186196	 	0.00782859	 	0.0276835	 	
639000	-1.99713	 	1595.44	 	-0.999242	 	399.401	 	0.999242	 	186476	 	0.00781865	 	0.0276744	 	
640000	-1.99713	 	1595.44	 	-0.999242	 	399.401	 	0.999242	 	186776	 	0.00780919	 	0.027672	 	
641000	-1.99713	 	1595.44	 	-0.999242	 	399.402	 	0.999242	 	187019	 	0.00779939	 	0.0276658	 	
642000	-1.99713	 	1595.44	 	-0.999242	 	399.402	 	0.999242	 	187296	 	0.00778956	 	0.0276586	 	
643000	-1.99713	 	1595.44	 	-0.999242	 	399.402	 	0.999242	 	187611	 	0.00778	 	0.0276517	 	
644000	-1.99713	 	1595.44	 	-0.999242	 	399.402	 	0.999242	 	187880	 	0.00776993	 	0.0276398	 	
645000	-1.99713	 	1595.44	 	-0.999242	 	399.402	 	0.999242	 	188174	 	0.00776016	 	0.0276318	 	
646000	-1.99713	 	1595.44	 	-0.999242	 	399.402	 	0.999242	 	188482	 	0.00775113	 	0.0276349	 	
647000	-1.99713	 	1595.44	 	-0.999242	 	399.401	 	0.999242	 	188788	 	0.00774238	 	0.0276415	 	
648000	-1.99713	 	1595.44	 	-0.999242	 	399.401	 	0.999242	 	189092	 	0.00773238	 	0.0276283	 	
649000	-1.99713	 	1595.44	 	-0.999242	 	399.402	 	0.999242	 	189354	 	0.00772257	 	0.0276184	 	
650000	-1.99713	 	1595.44	 	-0.999242	 	399.401	 	0.999242	 	189660	 	0.00771406	 	0.0276205	 	
651000	-1.99713	 	1595.44	 	-0.999242	 	399.401	 	0.999242	 	189956	 	0.00770466	 	0.0276139	 	
652000	-1.99713	 	1595.44	 	-0.999242	 	399.401	 	0.999242	 	190312	 	0.00769608	 	0.0276185	 	
653000	-1.99713	 	1595.44	 	-0.999242	 	399.401	 	0.999242	 	190602	 	0.0076864	 	0.0276087	 	
654000	-1.99713	 	1595.43	 	-0.999242	 	399.401	 	0.999242	 	190940	 	0.00767725	 	0.0276066	 	
655000	-1.99713	 	1595.43	 	-0.999242	 	399.401	 	0.999242	 	191248	 	0.00766862	 	0.0276093	 	
656000	-1.99713	 	1595.44	 	-0.999242	 	399.401	 	0.999242	 	191526	 	0.00765882	 	0.0275966	 	
657000	-1.99713	 	1595.44	 	-0.999242	 	399.402	 	0.999242	 	191754	 	0.00764909	 	0.0275853	 	
658000	-1.99713	 	1595.44	 	-0.999242	 	399.401	 	0.999242	 	192084	 	0.0076405	 	0.0275832	 	
659000	-1.99713	 	1595.44	 	-0.999242	 	399.401	 	0.999242	 	192382	 	0.00763132	 	0.0275793	 	
660000	-1.99713	 	1595.43	 	-0.999242	 	399.401	 	0.999242	 	192684	 	0.00762209	 	0.0275733	 	
661000	-1.99713	 	1595.44	 	-0.999242	 	399.402	 	0.999242	 	192929	 	0.00761254	 	0.0275618	 	
662000	-1.99713	 	1595.44	 	-0.999242	 	399.402	 	0.999242	 	193206	 	0.0076033	 	0.0275554	 	
663000	-1.99713	 	1595.44	 	-0.999242	 	399.402	 	0.999242	 	193510	 	0.00759437	 	0.0275529	 	
664000	-1.99713	 	1595.44	 	-0.999242	 	399.402	 	0.999242	 	193778	 	0.00758517	 	0.0275447	 	
665000	-1.99713	 	1595.44	 	-0.999242	 	399.402	 	0.999242	 	194074	 	0.00757591	 	0.0275353	 	
666000	-1.99713	 	1595.44	 	-0.999242	 	399.402	 	0.999242	 	194416	 	0.007567	 	0.027531	 	
667000	-1.99713	 	1595.43	 	-0.999242	 	399.402	 	0.999242	 	194734	 	0.00755873	 	0.0275341	 	
668000	-1.99713	 	1595.43	 	-0.999242	 	399.401	 	0.999242	 	195072	 	0.00754983	 	0.0275297	 	
669000	-1.99713	 	1595.44	 	-0.999242	 	399.402	 	0.999242	 	195354	 	0.00754052	 	0.0275179	 	
670000	-1.99713	 	1595.44	 	-0.999243	 	399.402	 	0.999243	 	195646	 	0.00753113	 	0.0275062	 	
671000	-1.99713	 	1595.44	 	-0.999243	 	399.402	 	0.999243	 	195930	 	0.00752247	 	0.0275039	 	
672000	-1.99713	 	1595.44	 	-0.999243	 	399.402	 	0.999243	 	196224	 	0.00751392	 	0.027499	 	
673000	-1.99713	 	1595.44	 	-0.999243	 	399.402	 	0.999243	 	196506	 	0.0075051	 	0.027494	 	
674000	-1.99713	 	1595.44	 	-0.999243	 	399.402	 	0.999243	 	196797	 	0.00749639	 	0.02749	 	
675000	-1.99713	 	1595.43	 	-0.999243	 	399.402	 	0.999243	 	197116	 	0.00748809	 	0.0274882	 	
676000	-1.99713	 	1595.43	 	-0.999243	 	399.402	 	0.999243	 	197416	 	0.00747953	 	0.0274843	 	
677000	-1.99713	 	1595.44	 	-0.999243	 	399.402	 	0.999243	 	197636	 	0.00746992	 	0.0274651	 	
678000	-1.99713	 	1595.44	 	-0.999243	 	399.402	 	0.999243	 	197918	 	0.00746081	 	0.0274538	 	
679000	-1.99713	 	1595.44	 	-0.999243	 	399.402	 	0.999243	 	198215	 	0.00745236	 	0.0274507	 	
680000	-1.99713	 	1595.44	 	-0.999243	 	399.402	 	0.999243	 	198460	 	0.00744308	 	0.027436	 	
681000	-1.99713	 	1595.44	 	-0.999243	 	399.402	 	0.999243	 	198786	 	0.00743455	 	0.0274333	 	
682000	-1.99713	 	1595.44	 	-0.999243	 	399.402	 	0.999243	 	199116	 	0.00742613	 	0.0274314	 	
683000	-1.99713	 	1595.44	 	-0.999243	 	399.402	 	0.999243	 	199412	 	0.00741755	 	0.0274259	 	
684000	-1.99713	 	1595.44	 	-0.999243	 	399.402	 	0.999243	 	199704	 	0.00740858	 	0.0274149	 	
685000	-1.99713	 	1595.44	 	-0.999243	 	399.402	 	0.999243	 	200062	 	0.00740141	 	0.0274263	 	
686000	-1.99713	 	1595.44	 	-0.999243	 	399.402	 	0.999243	 	200320	 	0.00739278	 	0.0274193	 	
687000	-1.99713	 	1595.43	 	-0.999243	 	399.402	 	0.999243	 	200598	 	0.00738412	 	0.0274123	 	
688000	-1.99713	 	1595.43	 	-0.999243	 	399.402	 	0.999243	 	200906	 	0.00737609	 	0.0274139	 	
689000	-1.99713	 	1595.43	 	-0.999243	 	399.402	 	0.999243	 	201212	 	0.00736761	 	0.0274068	 	
690000	-1.99713	 	1595.43	 	-0.999243	 	399.402	 	0.999243	 	201560	 	0.00735975	 	0.0274079	 	
691000	-1.99713	 	1595.43	 	-0.999243	 	399.402	 	0.999243	 	201780	 	0.00735107	 	0.0273985	 	
692000	-1.99713	 	1595.43	 	-0.999243	 	399.402	 	0.999243	 	202092	 	0.00734275	 	0.0273929	 	
693000	-1.99713	 	1595.43	 	-0.999243	 	399.402	 	0.999243	 	202402	 	0.00733471	 	0.0273893	 	
694000	-1.99713	 	1595.43	 	-0.999243	 	399.402	 	0.999243	 	202698	 	0.00732645	 	0.0273843	 	
695000	-1.99713	 	1595.43	 	-0.999243	 	399.402	 	0.999243	 	202998	 	0.00731795	 	0.0273764	 	
696000	-1.99713	 	1595.44	 	-0.999243	 	399.402	 	0.999243	 	203236	 	0.00730909	 	0.0273634	 	
697000	-1.99713	 	1595.44	 	-0.999243	 	399.402	 	0.999243	 	203503	 	0.00730104	 	0.027361	 	
698000	-1.99713	 	1595.44	 	-0.999244	 	399.402	 	0.999244	 	203766	 	0.00729236	 	0.0273479	 	
699000	-1.99713	 	1595.44	 	-0.999244	 	399.403	 	0.999244	 	204014	 	0.00728379	 	0.0273377	 	
700000	-1.99713	 	1595.44	 	-0.999244	 	399.403	 	0.999244	 	204304	 	0.00727596	 	0.0273363	 	
701000	-1.99713	 	1595.44	 	-0.999244	 	399.403	 	0.999244	 	204622	 	0.00726799	 	0.0273307	 	
702000	-1.99713	 	1595.44	 	-0.999244	 	399.403	 	0.999244	 	204912	 	0.00726003	 	0.0273274	 	
703000	-1.99713	 	1595.44	 	-0.999244	 	399.403	 	0.999244	 	205190	 	0.00725194	 	0.0273219	 	
704000	-1.99713	 	1595.44	 	-0.999244	 	399.403	 	0.999244	 	205510	 	0.00724428	 	0.0273226	 	
705000	-1.99713	 	1595.44	 	-0.999244	 	399.402	 	0.999244	 	205812	 	0.00723639	 	0.0273198	 	
706000	-1.99713	 	1595.44	 	-0.999244	 	399.403	 	0.999244	 	206084	 	0.00722794	 	0.0273098	 	
707000	-1.99713	 	1595.44	 	-0.999244	 	399.403	 	0.999244	 	206380	 	0.00721994	 	0.0273049	 	
708000	-1.99713	 	1595.44	 	-0.999244	 	399.403	 	0.999244	 	206654	 	0.00721192	 	0.0272984	 	
709000	-1.99713	 	1595.44	 	-0.999244	 	399.403	 	0.999244	 	206920	 	0.00720357	 	0.0272853	 	
710000	-1.99713	 	1595.44	 	-0.999244	 	399.403	 	0.999244	 	207240	 	0.0071954	 	0.0272774	 	
711000	-1.99713	 	1595.44	 	-0.999244	 	399.403	 	0.999244	 	207524	 	0.00718759	 	0.0272743	 	
712000	-1.99713	 	1595.44	 	-0.999244	 	399.403	 	0.999244	 	207844	 	0.00717982	 	0.0272682	 	
713000	-1.99713	 	1595.44	 	-0.999244	 	399.403	 	0.999244	 	208152	 	0.00717194	 	0.0272616	 	
714000	-1.99713	 	1595.44	 	-0.999244	 	399.403	 	0.999244	 	208410	 	0.00716406	 	0.0272553	 	
715000	-1.99713	 	1595.44	 	-0.999244	 	399.403	 	0.999244	 	208720	 	0.00715655	 	0.0272541	 	
716000	-1.99713	 	1595.44	 	-0.999244	 	399.403	 	0.999244	 	209012	 	0.00714852	 	0.027247	 	
717000	-1.99713	 	1595.44	 	-0.999244	 	399.403	 	0.999244	 	209268	 	0.0071404	 	0.0272376	 	
718000	-1.99713	 	1595.44	 	-0.999245	 	399.403	 	0.999245	 	209522	 	0.00713221	 	0.0272268	 	
719000	-1.99713	 	1595.44	 	-0.999244	 	399.403	 	0.999244	 	209840	 	0.00712498	 	0.0272283	 	
720000	-1.99713	 	1595.44	 	-0.999244	 	399.403	 	0.999244	 	210152	 	0.00711736	 	0.027224	 	
721000	-1.99713	 	1595.44	 	-0.999244	 	399.403	 	0.999244	 	210436	 	0.00710973	 	0.0272197	 	
722000	-1.99713	 	1595.44	 	-0.999244	 	399.403	 	0.999244	 	210709	 	0.00710197	 	0.0272144	 	
723000	-1.99713	 	1595.44	 	-0.999244	 	399.403	 	0.999244	 	210998	 	0.00709438	 	0.0272115	 	
724000	-1.99713	 	1595.44	 	-0.999244	 	399.403	 	0.999244	 	211312	 	0.00708677	 	0.0272077	 	
725000	-1.99713	 	1595.44	 	-0.999245	 	399.403	 	0.999245	 	211613	 	0.00707868	 	0.027197	 	
726000	-1.99713	 	1595.43	 	-0.999244	 	399.403	 	0.999244	 	211934	 	0.0070714	 	0.0271979	 	
727000	-1.99713	 	1595.44	 	-0.999244	 	399.403	 	0.999244	 	212206	 	0.0070636	 	0.0271901	 	
728000	-1.99713	 	1595.43	 	-0.999244	 	399.403	 	0.999244	 	212486	 	0.00705623	 	0.0271878	 	
729000	-1.99713	 	1595.43	 	-0.999244	 	399.403	 	0.999244	 	212819	 	0.00704916	 	0.0271886	 	
730000	-1.99713	 	1595.43	 	-0.999244	 	399.403	 	0.999244	 	213088	 	0.00704136	 	0.0271794	 	
731000	-1.99713	 	1595.43	 	-0.999244	 	399.403	 	0.999244	 	213418	 	0.00703456	 	0.0271853	 	
732000	-1.99713	 	1595.43	 	-0.999244	 	399.403	 	0.999244	 	213726	 	0.00702719	 	0.0271826	 	
733000	-1.99713	 	1595.43	 	-0.999244	 	399.403	 	0.999244	 	213974	 	0.00701958	 	0.0271763	 	
734000	-1.99713	 	1595.43	 	-0.999244	 	399.403	 	0.999244	 	214276	 	0.00701203	 	0.0271703	 	
735000	-1.99713	 	1595.43	 	-0.999244	 	399.403	 	0.999244	 	214564	 	0.00700466	 	0.0271658	 	
736000	-1.99713	 	1595.43	 	-0.999244	 	399.403	 	0.999244	 	214880	 	0.00699715	 	0.0271569	 	
737000	-1.99713	 	1595.43	 	-0.999244	 	399.403	 	0.999244	 	215190	 	0.00699009	 	0.0271572	 	
738000	-1.99713	 	1595.43	 	-0.999244	 	399.403	 	0.999244	 	215534	 	0.00698297	 	0.0271548	 	
739000	-1.99713	 	1595.43	 	-0.999244	 	399.403	 	0.999244	 	215850	 	0.00697611	 	0.0271535	 	
740000	-1.99713	 	1595.43	 	-0.999244	 	399.403	 	0.999244	 	216129	 	0.00696844	 	0.0271438	 	
741000	-1.99713	 	1595.43	 	-0.999244	 	399.403	 	0.999244	 	216398	 	0.00696099	 	0.0271377	 	
742000	-1.99712	 	1595.43	 	-0.999244	 	399.403	 	0.999244	 	216718	 	0.00695418	 	0.0271403	 	
743000	-1.99713	 	1595.43	 	-0.999244	 	399.403	 	0.999244	 	217019	 	0.0069468	 	0.0271314	 	
744000	-1.99713	 	1595.43	 	-0.999244	 	399.403	 	0.999244	 	217298	 	0.00693942	 	0.0271246	 	
745000	-1.99713	 	1595.43	 	-0.999244	 	399.403	 	0.999244	 	217578	 	0.00693232	 	0.0271233	 	
746000	-1.99713	 	1595.43	 	-0.999244	 	399.403	 	0.999244	 	217886	 	0.00692498	 	0.0271175	 	
747000	-1.99713	 	1595.43	 	-0.999245	 	399.403	 	0.999245	 	218140	 	0.00691772	 	0.0271115	 	
748000	-1.99713	 	1595.43	 	-0.999245	 	399.403	 	0.999245	 	218424	 	0.00691064	 	0.0271075	 	
749000	-1.99713	 	1595.43	 	-0.999245	 	399.403	 	0.999245	 	218702	 	0.00690339	 	0.0271012	 	
750000	-1.99713	 	1595.43	 	-0.999245	 	399.403	 	0.999245	 	218976	 	0.00689597	 	0.0270916	 	
751000	-1.99713	 	1595.43	 	-0.999245	 	399.403	 	0.999245	 	219264	 	0.00688874	 	0.0270847	 	
752000	-1.99713	 	1595.43	 	-0.999245	 	399.403	 	0.999245	 	219520	 	0.00688116	 	0.0270723	 	
753000	-1.99713	 	1595.43	 	-0.999245	 	399.403	 	0.999245	 	219800	 	0.0068739	 	0.0270643	 	
754000	-1.99713	 	1595.43	 	-0.999245	 	399.403	 	0.999245	 	220096	 	0.00686699	 	0.0270618	 	
755000	-1.99713	 	1595.43	 	-0.999245	 	399.403	 	0.999245	 	220408	 	0.00685987	 	0.0270564	 	
756000	-1.99713	 	1595.44	 	-0.999245	 	399.403	 	0.999245	 	220710	 	0.00685258	 	0.0270478	 	
757000	-1.99713	 	1595.44	 	-0.999246	 	399.404	 	0.999246	 	220964	 	0.00684557	 	0.0270426	 	
758000	-1.99713	 	1595.44	 	-0.999246	 	399.404	 	0.999246	 	221224	 	0.00683793	 	0.0270287	 	
759000	-1.99713	 	1595.44	 	-0.999246	 	399.404	 	0.999246	 	221494	 	0.00683096	 	0.0270247	 	
760000	-1.99713	 	1595.44	 	-0.999246	 	399.404	 	0.999246	 	221819	 	0.00682419	 	0.0270228	 	
761000	-1.99713	 	1595.44	 	-0.999246	 	399.404	 	0.999246	 	222094	 	0.00681699	 	0.0270149	 	
762000	-1.99713	 	1595.44	 	-0.999246	 	399.404	 	0.999246	 	222402	 	0.00681049	 	0.0270139	 	
763000	-1.99713	 	1595.44	 	-0.999246	 	399.404	 	0.999246	 	222738	 	0.00680388	 	0.0270131	 	
764000	-1.99713	 	1595.44	 	-0.999246	 	399.404	 	0.999246	 	223016	 	0.0067967	 	0.0270043	 	
765000	-1.99713	 	1595.44	 	-0.999246	 	399.404	 	0.999246	 	223310	 	0.00678974	 	0.0269977	 	
766000	-1.99713	 	1595.44	 	-0.999246	 	399.404	 	0.999246	 	223630	 	0.00678275	 	0.0269887	 	
767000	-1.99713	 	1595.44	 	-0.999246	 	399.404	 	0.999246	 	223938	 	0.00677571	 	0.0269817	 	
768000	-1.99713	 	1595.44	 	-0.999246	 	399.404	 	0.999246	 	224200	 	0.00676868	 	0.0269736	 	
769000	-1.99713	 	1595.44	 	-0.999247	 	399.404	 	0.999247	 	224454	 	0.00676155	 	0.0269642	 	
770000	-1.99713	 	1595.44	 	-0.999247	 	399.404	 	0.999247	 	224748	 	0.00675494	 	0.0269623	 	
771000	-1.99713	 	1595.44	 	-0.999247	 	399.404	 	0.999247	 	225012	 	0.00674803	 	0.026956	 	
772000	-1.99713	 	1595.44	 	-0.999247	 	399.404	 	0.999247	 	225332	 	0.00674125	 	0.0269505	 	
773000	-1.99713	 	1595.44	 	-0.999247	 	399.404	 	0.999247	 	225644	 	0.00673453	 	0.0269459	 	
774000	-1.99713	 	1595.44	 	-0.999247	 	399.404	 	0.999247	 	225953	 	0.0067278	 	0.0269411	 	
775000	-1.99713	 	1595.44	 	-0.999247	 	399.404	 	0.999247	 	226238	 	0.00672107	 	0.0269352	 	
776000	-1.99713	 	1595.44	 	-0.999247	 	399.405	 	0.999247	 	226502	 	0.0067139	 	0.0269233	 	
777000	-1.99713	 	1595.44	 	-0.999247	 	399.405	 	0.999247	 	226796	 	0.00670733	 	0.0269192	 	
778000	-1.99713	 	1595.44	 	-0.999247	 	399.405	 	0.999247	 	227086	 	0.0067014	 	0.0269235	 	
779000	-1.99713	 	1595.44	 	-0.999247	 	399.404	 	0.999247	 	227376	 	0.00669509	 	0.0269231	 	
780000	-1.99713	 	1595.44	 	-0.999247	 	399.404	 	0.999247	 	227646	 	0.00668846	 	0.0269173	 	
781000	-1.99713	 	1595.44	 	-0.999247	 	399.405	 	0.999247	 	227951	 	0.00668185	 	0.0269126	 	
782000	-1.99713	 	1595.44	 	-0.999247	 	399.405	 	0.999247	 	228227	 	0.006675	 	0.0269048	 	
783000	-1.99713	 	1595.44	 	-0.999247	 	399.405	 	0.999247	 	228538	 	0.00666821	 	0.0268964	 	
784000	-1.99713	 	1595.44	 	-0.999247	 	399.405	 	0.999247	 	228808	 	0.00666129	 	0.0268867	 	
785000	-1.99713	 	1595.44	 	-0.999247	 	399.405	 	0.999247	 	229130	 	0.00665536	 	0.0268873	 	
786000	-1.99713	 	1595.44	 	-0.999247	 	399.405	 	0.999247	 	229420	 	0.00664879	 	0.0268822	 	
787000	-1.99713	 	1595.44	 	-0.999247	 	399.405	 	0.999247	 	229712	 	0.00664208	 	0.0268751	 	
788000	-1.99713	 	1595.44	 	-0.999248	 	399.405	 	0.999248	 	229966	 	0.00663539	 	0.0268669	 	
789000	-1.99713	 	1595.44	 	-0.999248	 	399.405	 	0.999248	 	230243	 	0.00662871	 	0.0268595	 	
790000	-1.99713	 	1595.44	 	-0.999248	 	399.405	 	0.999248	 	230482	 	0.00662168	 	0.0268469	 	
791000	-1.99713	 	1595.44	 	-0.999248	 	399.405	 	0.999248	 	230778	 	0.00661544	 	0.0268437	 	
792000	-1.99713	 	1595.45	 	-0.999248	 	399.405	 	0.999248	 	231022	 	0.00660853	 	0.0268309	 	
793000	-1.99713	 	1595.45	 	-0.999248	 	399.405	 	0.999248	 	231358	 	0.00660233	 	0.0268273	 	
794000	-1.99713	 	1595.44	 	-0.999248	 	399.405	 	0.999248	 	231678	 	0.00659642	 	0.0268281	 	
795000	-1.99713	 	1595.44	 	-0.999248	 	399.405	 	0.999248	 	231976	 	0.00658996	 	0.0268223	 	
796000	-1.99713	 	1595.44	 	-0.999248	 	399.405	 	0.999248	 	232282	 	0.00658395	 	0.0268221	 	
797000	-1.99713	 	1595.44	 	-0.999248	 	399.405	 	0.999248	 	232590	 	0.00657768	 	0.0268173	 	
798000	-1.99713	 	1595.44	 	-0.999248	 	399.405	 	0.999248	 	232882	 	0.00657135	 	0.0268135	 	
799000	-1.99713	 	1595.44	 	-0.999248	 	399.405	 	0.999248	 	233210	 	0.00656522	 	0.0268116	 	
800000	-1.99713	 	1595.44	 	-0.999248	 	399.405	 	0.999248	 	233510	 	0.00655946	 	0.0268133	 	
801000	-1.99713	 	1595.44	 	-0.999248	 	399.405	 	0.999248	 	233760	 	0.00655283	 	0.026803	 	
802000	-1.99713	 	1595.44	 	-0.999248	 	399.405	 	0.999248	 	234032	 	0.00654663	 	0.0267996	 	
803000	-1.99713	 	1595.44	 	-0.999248	 	399.405	 	0.999248	 	234368	 	0.00654103	 	0.026801	 	
804000	-1.99713	 	1595.44	 	-0.999248	 	399.405	 	0.999248	 	234632	 	0.00653479	 	0.0267947	 	
805000	-1.99713	 	1595.44	 	-0.999248	 	399.405	 	0.999248	 	234910	 	0.00652834	 	0.0267863	 	
806000	-1.99713	 	1595.44	 	-0.999248	 	399.406	 	0.999248	 	235188	 	0.00652165	 	0.0267747	 	
807000	-1.99713	 	1595.45	 	-0.999249	 	399.406	 	0.999249	 	235462	 	0.00651545	 	0.0267703	 	
808000	-1.99713	 	1595.45	 	-0.999249	 	399.406	 	0.999249	 	235739	 	0.00650917	 	0.0267641	 	
809000	-1.99714	 	1595.45	 	-0.999249	 	399.406	 	0.999249	 	236026	 	0.00650297	 	0.026758	 	
810000	-1.99714	 	1595.45	 	-0.999249	 	399.406	 	0.999249	 	236318	 	0.00649668	 	0.0267519	 	
811000	-1.99714	 	1595.45	 	-0.999249	 	399.406	 	0.999249	 	236612	 	0.00649069	 	0.0267493	 	
812000	-1.99714	 	1595.45	 	-0.999249	 	399.406	 	0.999249	 	236884	 	0.00648454	 	0.0267449	 	
813000	-1.99714	 	1595.45	 	-0.999249	 	399.406	 	0.999249	 	237196	 	0.00647869	 	0.0267422	 	
814000	-1.99714	 	1595.45	 	-0.999249	 	399.406	 	0.999249	 	237442	 	0.0064722	 	0.0267319	 	
815000	-1.99714	 	1595.45	 	-0.999249	 	399.406	 	0.999249	 	237704	 	0.0064657	 	0.0267217	 	
816000	-1.99714	 	1595.45	 	-0.999249	 	399.406	 	0.999249	 	237991	 	0.00645965	 	0.0267171	 	
817000	-1.99714	 	1595.45	 	-0.999249	 	399.406	 	0.999249	 	238302	 	0.00645355	 	0.0267118	 	
818000	-1.99714	 	1595.45	 	-0.999249	 	399.406	 	0.999249	 	238622	 	0.00644784	 	0.0267108	 	
819000	-1.99714	 	1595.45	 	-0.999249	 	399.406	 	0.999249	 	238940	 	0.00644198	 	0.0267094	 	
820000	-1.99714	 	1595.45	 	-0.999249	 	399.406	 	0.999249	 	239200	 	0.00643585	 	0.0267032	 	
821000	-1.99714	 	1595.45	 	-0.999249	 	399.406	 	0.999249	 	239480	 	0.00642995	 	0.0266985	 	
822000	-1.99714	 	1595.45	 	-0.99925	 	399.406	 	0.99925	 	239788	 	0.00642372	 	0.0266909	 	
823000	-1.99714	 	1595.45	 	-0.999249	 	399.406	 	0.999249	 	240066	 	0.00641803	 	0.0266897	 	
824000	-1.99714	 	1595.45	 	-0.99925	 	399.406	 	0.99925	 	240306	 	0.00641181	 	0.0266814	 	
825000	-1.99714	 	1595.45	 	-0.99925	 	399.406	 	0.99925	 	240626	 	0.00640576	 	0.026675	 	
826000	-1.99714	 	1595.45	 	-0.99925	 	399.406	 	0.99925	 	240899	 	0.00639966	 	0.0266673	 	
827000	-1.99714	 	1595.45	 	-0.99925	 	399.406	 	0.99925	 	241184	 	0.00639391	 	0.0266656	 	
828000	-1.99714	 	1595.45	 	-0.99925	 	399.406	 	0.99925	 	241448	 	0.00638829	 	0.0266617	 	
829000	-1.99714	 	1595.45	 	-0.99925	 	399.407	 	0.99925	 	241704	 	0.00638257	 	0.0266579	 	
830000	-1.99714	 	1595.45	 	-0.99925	 	399.407	 	0.99925	 	242024	 	0.00637697	 	0.0266576	 	
831000	-1.99714	 	1595.45	 	-0.99925	 	399.407	 	0.99925	 	242334	 	0.00637122	 	0.0266541	 	
832000	-1.99714	 	1595.45	 	-0.99925	 	399.407	 	0.99925	 	242614	 	0.00636533	 	0.0266476	 	
833000	-1.99714	 	1595.45	 	-0.99925	 	399.407	 	0.99925	 	242932	 	0.00635973	 	0.0266456	 	
834000	-1.99714	 	1595.45	 	-0.99925	 	399.407	 	0.99925	 	243228	 	0.00635397	 	0.0266417	 	
835000	-1.99714	 	1595.45	 	-0.99925	 	399.407	 	0.99925	 	243506	 	0.00634813	 	0.0266372	 	
836000	-1.99714	 	1595.45	 	-0.99925	 	399.407	 	0.99925	 	243808	 	0.0063425	 	0.0266334	 	
837000	-1.99714	 	1595.45	 	-0.99925	 	399.407	 	0.99925	 	244082	 	0.00633677	 	0.0266291	 	
838000	-1.99714	 	1595.45	 	-0.99925	 	399.407	 	0.99925	 	244341	 	0.00633104	 	0.0266262	 	
839000	-1.99714	 	1595.45	 	-0.99925	 	399.407	 	0.99925	 	244628	 	0.00632548	 	0.0266229	 	
840000	-1.99714	 	1595.45	 	-0.99925	 	399.407	 	0.99925	 	244944	 	0.00632013	 	0.0266241	 	
841000	-1.99714	 	1595.45	 	-0.99925	 	399.407	 	0.99925	 	245230	 	0.00631427	 	0.026618	 	
842000	-1.99714	 	1595.45	 	-0.999251	 	399.407	 	0.999251	 	245518	 	0.00630829	 	0.0266102	 	
843000	-1.99714	 	1595.45	 	-0.999251	 	399.407	 	0.999251	 	245808	 	0.00630323	 	0.0266127	 	
844000	-1.99714	 	1595.45	 	-0.999251	 	399.407	 	0.999251	 	246056	 	0.0062972	 	0.0266032	 	
845000	-1.99714	 	1595.45	 	-0.999251	 	399.407	 	0.999251	 	246360	 	0.00629149	 	0.0265978	 	
846000	-1.99714	 	1595.45	 	-0.999251	 	399.407	 	0.999251	 	246640	 	0.00628587	 	0.0265945	 	
847000	-1.99714	 	1595.45	 	-0.999251	 	399.407	 	0.999251	 	246948	 	0.00628066	 	0.0265955	 	
848000	-1.99714	 	1595.45	 	-0.999251	 	399.407	 	0.999251	 	247218	 	0.00627526	 	0.0265935	 	
849000	-1.99714	 	1595.45	 	-0.999251	 	399.407	 	0.999251	 	247524	 	0.00626985	 	0.0265912	 	
850000	-1.99714	 	1595.45	 	-0.999251	 	399.407	 	0.999251	 	247792	 	0.0062642	 	0.0265862	 	
851000	-1.99714	 	1595.45	 	-0.999251	 	399.407	 	0.999251	 	248070	 	0.00625844	 	0.0265795	 	
852000	-1.99714	 	1595.45	 	-0.999251	 	399.407	 	0.999251	 	248354	 	0.00625272	 	0.0265736	 	
853000	-1.99714	 	1595.45	 	-0.999251	 	399.407	 	0.999251	 	248658	 	0.00624713	 	0.0265693	 	
854000	-1.99714	 	1595.45	 	-0.999251	 	399.407	 	0.999251	 	248966	 	0.00624151	 	0.0265639	 	
855000	-1.99714	 	1595.45	 	-0.999251	 	399.407	 	0.999251	 	249263	 	0.00623611	 	0.0265617	 	
856000	-1.99714	 	1595.45	 	-0.999251	 	399.407	 	0.999251	 	249534	 	0.00623056	 	0.0265565	 	
857000	-1.99714	 	1595.45	 	-0.999251	 	399.407	 	0.999251	 	249806	 	0.00622503	 	0.026553	 	
858000	-1.99714	 	1595.45	 	-0.999251	 	399.408	 	0.999251	 	250036	 	0.0062191	 	0.0265421	 	
859000	-1.99714	 	1595.45	 	-0.999251	 	399.407	 	0.999251	 	250386	 	0.006214	 	0.0265441	 	
860000	-1.99714	 	1595.45	 	-0.999251	 	399.407	 	0.999251	 	250680	 	0.00620879	 	0.0265413	 	
861000	-1.99714	 	1595.45	 	-0.999251	 	399.407	 	0.999251	 	251008	 	0.00620359	 	0.0265396	 	
862000	-1.99714	 	1595.45	 	-0.999251	 	399.407	 	0.999251	 	251312	 	0.0061985	 	0.0265396	 	
863000	-1.99714	 	1595.45	 	-0.999251	 	399.407	 	0.999251	 	251598	 	0.006193	 	0.0265338	 	
864000	-1.99714	 	1595.45	 	-0.999251	 	399.407	 	0.999251	 	251872	 	0.00618767	 	0.0265308	 	
865000	-1.99714	 	1595.45	 	-0.999251	 	399.408	 	0.999251	 	252132	 	0.00618183	 	0.026521	 	
866000	-1.99714	 	1595.45	 	-0.999252	 	399.408	 	0.999252	 	252378	 	0.00617635	 	0.0265162	 	
867000	-1.99714	 	1595.45	 	-0.999252	 	399.408	 	0.999252	 	252628	 	0.00617076	 	0.0265094	 	
868000	-1.99714	 	1595.45	 	-0.999252	 	399.408	 	0.999252	 	252930	 	0.00616545	 	0.0265069	 	
869000	-1.99714	 	1595.45	 	-0.999252	 	399.408	 	0.999252	 	253202	 	0.00615994	 	0.026501	 	
870000	-1.99714	 	1595.46	 	-0.999252	 	399.408	 	0.999252	 	253524	 	0.00615471	 	0.0264953	 	
871000	-1.99714	 	1595.46	 	-0.999252	 	399.408	 	0.999252	 	253796	 	0.00614966	 	0.0264927	 	
872000	-1.99714	 	1595.46	 	-0.999252	 	399.408	 	0.999252	 	254042	 	0.00614406	 	0.0264841	 	
873000	-1.99714	 	1595.46	 	-0.999252	 	399.408	 	0.999252	 	254397	 	0.00613951	 	0.0264897	 	
874000	-1.99714	 	1595.46	 	-0.999252	 	399.408	 	0.999252	 	254724	 	0.00613419	 	0.026486	 	
875000	-1.99714	 	1595.46	 	-0.999252	 	399.408	 	0.999252	 	255003	 	0.00612878	 	0.0264808	 	
876000	-1.99714	 	1595.45	 	-0.999252	 	399.408	 	0.999252	 	255312	 	0.00612408	 	0.0264839	 	
877000	-1.99714	 	1595.45	 	-0.999252	 	399.408	 	0.999252	 	255641	 	0.00611923	 	0.0264849	 	
878000	-1.99714	 	1595.45	 	-0.999251	 	399.407	 	0.999251	 	255940	 	0.00611449	 	0.0264854	 	
879000	-1.99714	 	1595.45	 	-0.999252	 	399.408	 	0.999252	 	256204	 	0.00610894	 	0.0264761	 	
880000	-1.99714	 	1595.45	 	-0.999252	 	399.408	 	0.999252	 	256480	 	0.00610433	 	0.0264798	 	
881000	-1.99714	 	1595.45	 	-0.999251	 	399.407	 	0.999251	 	256850	 	0.00609953	 	0.0264806	 	
882000	-1.99714	 	1595.45	 	-0.999252	 	399.408	 	0.999252	 	257110	 	0.00609416	 	0.0264741	 	
883000	-1.99714	 	1595.45	 	-0.999252	 	399.408	 	0.999252	 	257412	 	0.00608885	 	0.0264682	 	
884000	-1.99714	 	1595.45	 	-0.999252	 	399.408	 	0.999252	 	257682	 	0.00608349	 	0.0264614	 	
885000	-1.99714	 	1595.45	 	-0.999252	 	399.408	 	0.999252	 	257966	 	0.0060784	 	0.026459	 	
886000	-1.99714	 	1595.45	 	-0.999252	 	399.408	 	0.999252	 	258218	 	0.00607319	 	0.026453	 	
887000	-1.99714	 	1595.46	 	-0.999252	 	399.408	 	0.999252	 	258460	 	0.00606756	 	0.0264416	 	
888000	-1.99714	 	1595.46	 	-0.999252	 	399.408	 	0.999252	 	258765	 	0.0060624	 	0.0264368	 	
889000	-1.99714	 	1595.45	 	-0.999252	 	399.408	 	0.999252	 	259105	 	0.00605802	 	0.0264438	 	
890000	-1.99714	 	1595.45	 	-0.999252	 	399.408	 	0.999252	 	259414	 	0.00605313	 	0.0264418	 	
891000	-1.99714	 	1595.45	 	-0.999252	 	399.408	 	0.999252	 	259774	 	0.00604825	 	0.0264412	 	
892000	-1.99714	 	1595.45	 	-0.999252	 	399.408	 	0.999252	 	260064	 	0.00604388	 	0.0264437	 	
893000	-1.99714	 	1595.45	 	-0.999252	 	399.408	 	0.999252	 	260326	 	0.00603859	 	0.0264365	 	
894000	-1.99714	 	1595.45	 	-0.999252	 	399.408	 	0.999252	 	260598	 	0.00603324	 	0.0264283	 	
895000	-1.99714	 	1595.45	 	-0.999252	 	399.408	 	0.999252	 	260908	 	0.00602853	 	0.0264308	 	
896000	-1.99714	 	1595.45	 	-0.999252	 	399.408	 	0.999252	 	261192	 	0.00602345	 	0.0264258	 	
897000	-1.99714	 	1595.45	 	-0.999252	 	399.408	 	0.999252	 	261462	 	0.00601851	 	0.0264216	 	
898000	-1.99714	 	1595.45	 	-0.999252	 	399.408	 	0.999252	 	261764	 	0.00601401	 	0.0264244	 	
899000	-1.99714	 	1595.45	 	-0.999252	 	399.408	 	0.999252	 	262066	 	0.00600894	 	0.0264204	 	
900000	-1.99714	 	1595.45	 	-0.999252	 	399.408	 	0.999252	 	262358	 	0.006004	 	0.0264151	 	
901000	-1.99714	 	1595.45	 	-0.999252	 	399.408	 	0.999252	 	262642	 	0.00599914	 	0.0264136	 	
902000	-1.99714	 	1595.45	 	-0.999252	 	399.408	 	0.999252	 	262922	 	0.00599428	 	0.0264095	 	
903000	-1.99714	 	1595.45	 	-0.999252	 	399.408	 	0.999252	 	263217	 	0.00598949	 	0.0264047	 	
904000	-1.99714	 	1595.45	 	-0.999252	 	399.408	 	0.999252	 	263514	 	0.00598458	 	0.0264004	 	
905000	-1.99714	 	1595.45	 	-0.999252	 	399.408	 	0.999252	 	263800	 	0.00597963	 	0.0263964	 	
906000	-1.99714	 	1595.45	 	-0.999252	 	399.408	 	0.999252	 	264052	 	0.0059742	 	0.0263856	 	
907000	-1.99714	 	1595.45	 	-0.999252	 	399.408	 	0.999252	 	264316	 	0.0059689	 	0.0263771	 	
908000	-1.99714	 	1595.46	 	-0.999253	 	399.408	 	0.999253	 	264594	 	0.00596374	 	0.0263695	 	
909000	-1.99714	 	1595.46	 	-0.999253	 	399.408	 	0.999253	 	264904	 	0.00595891	 	0.0263646	 	
910000	-1.99714	 	1595.46	 	-0.999253	 	399.408	 	0.999253	 	265151	 	0.0059539	 	0.0263583	 	
911000	-1.99714	 	1595.46	 	-0.999253	 	399.408	 	0.999253	 	265430	 	0.0059492	 	0.0263573	 	
912000	-1.99714	 	1595.46	 	-0.999253	 	399.408	 	0.999253	 	265762	 	0.00594472	 	0.026359	 	
913000	-1.99714	 	1595.45	 	-0.999252	 	399.408	 	0.999252	 	266118	 	0.00594099	 	0.0263702	 	
914000	-1.99714	 	1595.45	 	-0.999252	 	399.408	 	0.999252	 	266428	 	0.00593627	 	0.0263675	 	
915000	-1.99714	 	1595.45	 	-0.999252	 	399.408	 	0.999252	 	266724	 	0.00593159	 	0.0263672	 	
916000	-1.99714	 	1595.45	 	-0.999252	 	399.408	 	0.999252	 	266994	 	0.00592674	 	0.0263618	 	
917000	-1.99714	 	1595.45	 	-0.999252	 	399.408	 	0.999252	 	267244	 	0.0059217	 	0.026352	 	
918000	-1.99714	 	1595.45	 	-0.999252	 	399.408	 	0.999252	 	267537	 	0.00591687	 	0.0263482	 	
919000	-1.99714	 	1595.45	 	-0.999253	 	399.408	 	0.999253	 	267830	 	0.00591201	 	0.0263423	 	
920000	-1.99714	 	1595.46	 	-0.999253	 	399.408	 	0.999253	 	268106	 	0.00590719	 	0.0263374	 	
921000	-1.99714	 	1595.46	 	-0.999253	 	399.408	 	0.999253	 	268382	 	0.00590197	 	0.0263273	 	
922000	-1.99714	 	1595.46	 	-0.999253	 	399.409	 	0.999253	 	268632	 	0.00589704	 	0.0263217	 	
923000	-1.99714	 	1595.46	 	-0.999253	 	399.409	 	0.999253	 	268877	 	0.00589157	 	0.0263079	 	
924000	-1.99714	 	1595.46	 	-0.999253	 	399.409	 	0.999253	 	269170	 	0.00588696	 	0.0263061	 	
925000	-1.99714	 	1595.46	 	-0.999253	 	399.409	 	0.999253	 	269456	 	0.00588209	 	0.0263009	 	
926000	-1.99714	 	1595.46	 	-0.999254	 	399.409	 	0.999254	 	269722	 	0.00587732	 	0.0262963	 	
927000	-1.99714	 	1595.46	 	-0.999253	 	399.409	 	0.999253	 	270031	 	0.0058733	 	0.0263013	 	
928000	-1.99714	 	1595.46	 	-0.999254	 	399.409	 	0.999254	 	270302	 	0.00586866	 	0.0262973	 	
929000	-1.99714	 	1595.46	 	-0.999254	 	399.409	 	0.999254	 	270576	 	0.00586415	 	0.0262967	 	
930000	-1.99714	 	1595.46	 	-0.999254	 	399.409	 	0.999254	 	270854	 	0.00585915	 	0.0262884	 	
931000	-1.99714	 	1595.46	 	-0.999254	 	399.409	 	0.999254	 	271119	 	0.00585427	 	0.0262817	 	
932000	-1.99714	 	1595.46	 	-0.999254	 	399.409	 	0.999254	 	271422	 	0.00584968	 	0.0262782	 	
933000	-1.99714	 	1595.46	 	-0.999254	 	399.409	 	0.999254	 	271680	 	0.005845	 	0.0262738	 	
934000	-1.99714	 	1595.46	 	-0.999254	 	399.409	 	0.999254	 	271934	 	0.0058401	 	0.026266	 	
935000	-1.99714	 	1595.46	 	-0.999254	 	399.409	 	0.999254	 	272282	 	0.00583632	 	0.0262731	 	
936000	-1.99714	 	1595.46	 	-0.999254	 	399.409	 	0.999254	 	272536	 	0.00583192	 	0.0262727	 	
937000	-1.99714	 	1595.46	 	-0.999254	 	399.409	 	0.999254	 	272876	 	0.00582751	 	0.0262716	 	
938000	-1.99714	 	1595.46	 	-0.999254	 	399.409	 	0.999254	 	273190	 	0.00582293	 	0.0262692	 	
939000	-1.99714	 	1595.46	 	-0.999254	 	399.409	 	0.999254	 	273434	 	0.00581823	 	0.0262634	 	
940000	-1.99714	 	1595.46	 	-0.999254	 	399.409	 	0.999254	 	273694	 	0.00581378	 	0.0262614	 	
941000	-1.99714	 	1595.46	 	-0.999254	 	399.409	 	0.999254	 	273984	 	0.0058091	 	0.0262568	 	
942000	-1.99714	 	1595.46	 	-0.999254	 	399.409	 	0.999254	 	274308	 	0.00580491	 	0.0262594	 	
943000	-1.99714	 	1595.46	 	-0.999254	 	399.409	 	0.999254	 	274628	 	0.00580057	 	0.0262582	 	
944000	-1.99714	 	1595.46	 	-0.999254	 	399.409	 	0.999254	 	274928	 	0.00579607	 	0.0262556	 	
945000	-1.99714	 	1595.46	 	-0.999254	 	399.409	 	0.999254	 	275202	 	0.00579112	 	0.026246	 	
946000	-1.99714	 	1595.46	 	-0.999254	 	399.409	 	0.999254	 	275498	 	0.00578669	 	0.0262446	 	
947000	-1.99714	 	1595.46	 	-0.999254	 	399.409	 	0.999254	 	275738	 	0.00578191	 	0.0262367	 	
948000	-1.99714	 	1595.46	 	-0.999254	 	399.409	 	0.999254	 	276074	 	0.00577786	 	0.0262382	 	
949000	-1.99714	 	1595.46	 	-0.999254	 	399.409	 	0.999254	 	276348	 	0.00577337	 	0.0262318	 	
950000	-1.99714	 	1595.46	 	-0.999254	 	399.409	 	0.999254	 	276654	 	0.00576908	 	0.0262308	 	
951000	-1.99714	 	1595.46	 	-0.999254	 	399.409	 	0.999254	 	276944	 	0.00576465	 	0.0262278	 	
952000	-1.99714	 	1595.46	 	-0.999254	 	399.409	 	0.999254	 	277271	 	0.00576056	 	0.0262289	 	
953000	-1.99714	 	1595.46	 	-0.999254	 	399.409	 	0.999254	 	277584	 	0.00575667	 	0.0262334	 	
954000	-1.99714	 	1595.46	 	-0.999254	 	399.409	 	0.999254	 	277860	 	0.00575211	 	0.0262291	 	
955000	-1.99714	 	1595.46	 	-0.999254	 	399.409	 	0.999254	 	278164	 	0.005748	 	0.0262301	 	
956000	-1.99714	 	1595.46	 	-0.999254	 	399.409	 	0.999254	 	278444	 	0.00574323	 	0.0262222	 	
957000	-1.99714	 	1595.46	 	-0.999254	 	399.409	 	0.999254	 	278728	 	0.00573868	 	0.026217	 	
958000	-1.99714	 	1595.46	 	-0.999254	 	399.409	 	0.999254	 	279039	 	0.00573441	 	0.0262157	 	
959000	-1.99714	 	1595.46	 	-0.999254	 	399.409	 	0.999254	 	279314	 	0.00573022	 	0.0262142	 	
960000	-1.99714	 	1595.46	 	-0.999254	 	399.409	 	0.999254	 	279582	 	0.00572567	 	0.0262089	 	
961000	-1.99714	 	1595.46	 	-0.999254	 	399.409	 	0.999254	 	279848	 	0.00572118	 	0.0262031	 	
962000	-1.99714	 	1595.46	 	-0.999254	 	399.409	 	0.999254	 	280156	 	0.00571723	 	0.0262072	 	
963000	-1.99714	 	1595.46	 	-0.999254	 	399.409	 	0.999254	 	280456	 	0.005713	 	0.026204	 	
964000	-1.99714	 	1595.46	 	-0.999254	 	399.409	 	0.999254	 	280717	 	0.00570854	 	0.0261996	 	
965000	-1.99714	 	1595.46	 	-0.999254	 	399.409	 	0.999254	 	280986	 	0.00570405	 	0.0261944	 	
966000	-1.99714	 	1595.46	 	-0.999254	 	399.409	 	0.999254	 	281266	 	0.00569957	 	0.0261878	 	
967000	-1.99714	 	1595.46	 	-0.999254	 	399.409	 	0.999254	 	281540	 	0.00569519	 	0.0261836	 	
968000	-1.99714	 	1595.46	 	-0.999254	 	399.409	 	0.999254	 	281836	 	0.00569123	 	0.0261839	 	
969000	-1.99714	 	1595.46	 	-0.999254	 	399.409	 	0.999254	 	282131	 	0.00568708	 	0.0261832	 	
970000	-1.99714	 	1595.46	 	-0.999254	 	399.409	 	0.999254	 	282387	 	0.00568253	 	0.0261773	 	
971000	-1.99714	 	1595.46	 	-0.999254	 	399.409	 	0.999254	 	282680	 	0.00567937	 	0.0261795	 	
972000	-1.99714	 	1595.46	 	-0.999254	 	399.409	 	0.999254	 	282975	 	0.00567519	 	0.0261775	 	
973000	-1.99714	 	1595.46	 	-0.999254	 	399.409	 	0.999254	 	283266	 	0.00567112	 	0.0261784	 	
974000	-1.99714	 	1595.46	 	-0.999254	 	399.409	 	0.999254	 	283540	 	0.00566658	 	0.0261716	 	
975000	-1.99714	 	1595.46	 	-0.999254	 	399.409	 	0.999254	 	283820	 	0.00566224	 	0.0261674	 	
976000	-1.99714	 	1595.46	 	-0.999255	 	399.41	 	0.999255	 	284096	 	0.00565771	 	0.0261602	 	
977000	-1.99714	 	1595.46	 	-0.999255	 	399.409	 	0.999255	 	284386	 	0.00565389	 	0.0261609	 	
978000	-1.99714	 	1595.46	 	-0.999254	 	399.409	 	0.999254	 	284689	 	0.00564983	 	0.026159	 	
979000	-1.99714	 	1595.46	 	-0.999254	 	399.409	 	0.999254	 	285012	 	0.0056459	 	0.0261591	 	
980000	-1.99714	 	1595.46	 	-0.999255	 	399.409	 	0.999255	 	285304	 	0.00564158	 	0.0261542	 	
981000	-1.99714	 	1595.46	 	-0.999254	 	399.409	 	0.999254	 	285600	 	0.00563747	 	0.0261522	 	
982000	-1.99714	 	1595.46	 	-0.999255	 	399.409	 	0.999255	 	285890	 	0.00563319	 	0.0261479	 	
983000	-1.99714	 	1595.46	 	-0.999255	 	399.41	 	0.999255	 	286174	 	0.00562904	 	0.026145	 	
984000	-1.99714	 	1595.46	 	-0.999255	 	399.41	 	0.999255	 	286472	 	0.0056251	 	0.0261449	 	
985000	-1.99714	 	1595.46	 	-0.999255	 	399.409	 	0.999255	 	286754	 	0.00562108	 	0.0261438	 	
986000	-1.99714	 	1595.46	 	-0.999254	 	399.409	 	0.999254	 	287054	 	0.00561735	 	0.0261456	 	
987000	-1.99714	 	1595.46	 	-0.999254	 	399.409	 	0.999254	 	287370	 	0.00561353	 	0.0261464	 	
988000	-1.99714	 	1595.46	 	-0.999254	 	399.409	 	0.999254	 	287628	 	0.00560929	 	0.0261426	 	
989000	-1.99714	 	1595.46	 	-0.999255	 	399.409	 	0.999255	 	287880	 	0.00560507	 	0.0261381	 	
990000	-1.99714	 	1595.46	 	-0.999255	 	399.409	 	0.999255	 	288188	 	0.00560087	 	0.0261341	 	
991000	-1.99714	 	1595.46	 	-0.999255	 	399.41	 	0.999255	 	288460	 	0.0055968	 	0.0261325	 	
992000	-1.99714	 	1595.46	 	-0.999255	 	399.41	 	0.999255	 	288744	 	0.00559256	 	0.026127	 	
993000	-1.99714	 	1595.46	 	-0.999255	 	399.41	 	0.999255	 	289046	 	0.00558858	 	0.0261252	 	
994000	-1.99714	 	1595.46	 	-0.999255	 	399.41	 	0.999255	 	289326	 	0.00558418	 	0.026118	 	
995000	-1.99714	 	1595.46	 	-0.999255	 	399.41	 	0.999255	 	289640	 	0.00558036	 	0.0261179	 	
996000	-1.99714	 	1595.46	 	-0.999255	 	399.41	 	0.999255	 	289980	 	0.00557674	 	0.0261214	 	
997000	-1.99714	 	1595.46	 	-0.999255	 	399.41	 	0.999255	 	290280	 	0.00557258	 	0.0261171	 	
998000	-1.99714	 	1595.46	 	-0.999255	 	399.41	 	0.999255	 	290576	 	0.00556857	 	0.0261149	 	
999000	-1.99714	 	1595.46	 	-0.999255	 	399.409	 	0.999255	 	290900	 	0.00556489	 	0.0261155	 	
