MCcycles: 1000000
MCcycle 	 <E> 		 <E^2> 		 <M> 		 <M^2> 		 <|M|>		 Accepted config.		 Cv		 X
1000	-1.99725	 	1595.63	 	0.9993	 	399.442	 	0.9993	 	233	 	0.001484	 	0.022295	 	
2000	-1.99681	 	1594.93	 	0.99918	 	399.346	 	0.99918	 	554	 	0.00182104	 	0.0266896	 	
3000	-1.99694	 	1595.13	 	0.999218	 	399.377	 	0.999218	 	840	 	0.00169227	 	0.0252679	 	
4000	-1.99697	 	1595.19	 	0.999229	 	399.385	 	0.999229	 	1116	 	0.00167957	 	0.0252597	 	
5000	-1.99705	 	1595.31	 	0.99925	 	399.402	 	0.99925	 	1410	 	0.001611	 	0.0243797	 	
6000	-1.99711	 	1595.4	 	0.999261	 	399.41	 	0.999261	 	1668	 	0.00161312	 	0.0238858	 	
7000	-1.99707	 	1595.34	 	0.999251	 	399.402	 	0.999251	 	1944	 	0.00163686	 	0.0242427	 	
8000	-1.99709	 	1595.37	 	0.999257	 	399.407	 	0.999257	 	2227	 	0.00161536	 	0.0240769	 	
9000	-1.99706	 	1595.33	 	0.999251	 	399.403	 	0.999251	 	2532	 	0.00162678	 	0.0243148	 	
10000	-1.99705	 	1595.31	 	0.999248	 	399.4	 	0.999248	 	2806	 	0.0016318	 	0.0243301	 	
11000	-1.9971	 	1595.38	 	0.999259	 	399.409	 	0.999259	 	3084	 	0.00161561	 	0.0240764	 	
12000	-1.99718	 	1595.51	 	0.999281	 	399.426	 	0.999281	 	3292	 	0.00155812	 	0.023279	 	
13000	-1.99715	 	1595.46	 	0.999272	 	399.419	 	0.999272	 	3604	 	0.0015795	 	0.023573	 	
14000	-1.99713	 	1595.43	 	0.999268	 	399.416	 	0.999268	 	3908	 	0.0015813	 	0.0236689	 	
15000	-1.99713	 	1595.43	 	0.999267	 	399.415	 	0.999267	 	4202	 	0.00158708	 	0.0237185	 	
16000	-1.99715	 	1595.47	 	0.999273	 	399.421	 	0.999273	 	4464	 	0.00156947	 	0.023476	 	
17000	-1.99714	 	1595.45	 	0.99927	 	399.418	 	0.99927	 	4768	 	0.00159667	 	0.0237645	 	
18000	-1.99714	 	1595.45	 	0.99927	 	399.418	 	0.99927	 	5031	 	0.0016039	 	0.0238339	 	
19000	-1.99712	 	1595.43	 	0.999265	 	399.414	 	0.999265	 	5366	 	0.00161459	 	0.0239509	 	
20000	-1.99714	 	1595.45	 	0.999269	 	399.417	 	0.999269	 	5670	 	0.00160126	 	0.0238053	 	
21000	-1.99716	 	1595.49	 	0.999276	 	399.423	 	0.999276	 	5912	 	0.00158411	 	0.0236162	 	
22000	-1.99716	 	1595.48	 	0.999275	 	399.422	 	0.999275	 	6172	 	0.00158365	 	0.0236218	 	
23000	-1.99716	 	1595.48	 	0.999275	 	399.421	 	0.999275	 	6466	 	0.00158385	 	0.0236369	 	
24000	-1.99715	 	1595.47	 	0.999274	 	399.421	 	0.999274	 	6757	 	0.00158932	 	0.0237	 	
25000	-1.99713	 	1595.44	 	0.999269	 	399.417	 	0.999269	 	7112	 	0.00159762	 	0.0238413	 	
26000	-1.99715	 	1595.47	 	0.999273	 	399.42	 	0.999273	 	7388	 	0.00159506	 	0.0237589	 	
27000	-1.99716	 	1595.48	 	0.999274	 	399.421	 	0.999274	 	7662	 	0.00158895	 	0.0236881	 	
28000	-1.99715	 	1595.47	 	0.999274	 	399.421	 	0.999274	 	7988	 	0.00158959	 	0.0237328	 	
29000	-1.99715	 	1595.46	 	0.999273	 	399.42	 	0.999273	 	8273	 	0.00158476	 	0.0237055	 	
30000	-1.99716	 	1595.48	 	0.999275	 	399.422	 	0.999275	 	8538	 	0.00157861	 	0.0236361	 	
31000	-1.99713	 	1595.44	 	0.999268	 	399.417	 	0.999268	 	8886	 	0.00159557	 	0.0238415	 	
32000	-1.99713	 	1595.43	 	0.999267	 	399.416	 	0.999267	 	9192	 	0.00159725	 	0.0238731	 	
33000	-1.99714	 	1595.45	 	0.999271	 	399.418	 	0.999271	 	9468	 	0.00158841	 	0.023743	 	
34000	-1.99713	 	1595.44	 	0.999269	 	399.417	 	0.999269	 	9792	 	0.00159103	 	0.0237821	 	
35000	-1.99714	 	1595.45	 	0.999271	 	399.419	 	0.999271	 	10054	 	0.00158257	 	0.0236648	 	
36000	-1.99713	 	1595.44	 	0.999269	 	399.417	 	0.999269	 	10386	 	0.00158436	 	0.0237186	 	
37000	-1.99713	 	1595.44	 	0.999269	 	399.417	 	0.999269	 	10676	 	0.00158767	 	0.0236886	 	
38000	-1.99714	 	1595.46	 	0.999272	 	399.419	 	0.999272	 	10944	 	0.00157912	 	0.0235827	 	
39000	-1.99714	 	1595.45	 	0.999271	 	399.419	 	0.999271	 	11246	 	0.00158403	 	0.0236026	 	
40000	-1.99714	 	1595.46	 	0.999271	 	399.419	 	0.999271	 	11536	 	0.00158339	 	0.0235853	 	
41000	-1.99715	 	1595.47	 	0.999273	 	399.42	 	0.999273	 	11828	 	0.00158217	 	0.023569	 	
42000	-1.99716	 	1595.48	 	0.999276	 	399.422	 	0.999276	 	12078	 	0.00157462	 	0.0234671	 	
43000	-1.99717	 	1595.5	 	0.999278	 	399.425	 	0.999278	 	12360	 	0.00156781	 	0.023368	 	
44000	-1.99717	 	1595.49	 	0.999277	 	399.424	 	0.999277	 	12650	 	0.00157305	 	0.0234427	 	
45000	-1.99717	 	1595.5	 	0.999278	 	399.424	 	0.999278	 	12932	 	0.00156898	 	0.0233988	 	
46000	-1.99717	 	1595.49	 	0.999278	 	399.424	 	0.999278	 	13234	 	0.00157011	 	0.0234097	 	
47000	-1.99715	 	1595.47	 	0.999274	 	399.421	 	0.999274	 	13588	 	0.00157916	 	0.0235191	 	
48000	-1.99715	 	1595.46	 	0.999273	 	399.42	 	0.999273	 	13894	 	0.00158148	 	0.0235715	 	
49000	-1.99715	 	1595.47	 	0.999273	 	399.42	 	0.999273	 	14190	 	0.00158032	 	0.0235432	 	
50000	-1.99716	 	1595.48	 	0.999275	 	399.422	 	0.999275	 	14468	 	0.00157521	 	0.0234651	 	
51000	-1.99716	 	1595.48	 	0.999274	 	399.421	 	0.999274	 	14778	 	0.00158285	 	0.0235458	 	
52000	-1.99716	 	1595.48	 	0.999275	 	399.421	 	0.999275	 	15054	 	0.00158376	 	0.0235636	 	
53000	-1.99717	 	1595.49	 	0.999277	 	399.423	 	0.999277	 	15298	 	0.00157971	 	0.0235125	 	
54000	-1.99717	 	1595.5	 	0.999278	 	399.424	 	0.999278	 	15564	 	0.00157681	 	0.0234891	 	
55000	-1.99717	 	1595.49	 	0.999277	 	399.424	 	0.999277	 	15858	 	0.00157663	 	0.0235038	 	
56000	-1.99716	 	1595.49	 	0.999276	 	399.423	 	0.999276	 	16182	 	0.00157966	 	0.0235575	 	
57000	-1.99717	 	1595.5	 	0.999278	 	399.424	 	0.999278	 	16434	 	0.00157444	 	0.0234631	 	
58000	-1.99717	 	1595.49	 	0.999277	 	399.423	 	0.999277	 	16738	 	0.00157558	 	0.0234807	 	
59000	-1.99717	 	1595.49	 	0.999277	 	399.423	 	0.999277	 	16987	 	0.00157335	 	0.0234612	 	
60000	-1.99716	 	1595.49	 	0.999276	 	399.423	 	0.999276	 	17262	 	0.00157531	 	0.0234929	 	
61000	-1.99717	 	1595.49	 	0.999277	 	399.423	 	0.999277	 	17528	 	0.00157892	 	0.0234818	 	
62000	-1.99717	 	1595.5	 	0.999277	 	399.424	 	0.999277	 	17820	 	0.00157514	 	0.023425	 	
63000	-1.99716	 	1595.49	 	0.999276	 	399.423	 	0.999276	 	18114	 	0.00157701	 	0.0234591	 	
64000	-1.99715	 	1595.47	 	0.999273	 	399.42	 	0.999273	 	18456	 	0.00158328	 	0.0235693	 	
65000	-1.99714	 	1595.44	 	0.999269	 	399.417	 	0.999269	 	18812	 	0.00159265	 	0.0236975	 	
66000	-1.99713	 	1595.44	 	0.999268	 	399.416	 	0.999268	 	19100	 	0.00159298	 	0.0236988	 	
67000	-1.99714	 	1595.45	 	0.99927	 	399.418	 	0.99927	 	19397	 	0.00158905	 	0.0236322	 	
68000	-1.99714	 	1595.45	 	0.999271	 	399.418	 	0.999271	 	19666	 	0.0015854	 	0.0235938	 	
69000	-1.99713	 	1595.44	 	0.999268	 	399.417	 	0.999268	 	20006	 	0.00159102	 	0.023662	 	
70000	-1.99714	 	1595.45	 	0.999269	 	399.417	 	0.999269	 	20272	 	0.00158908	 	0.0236045	 	
71000	-1.99714	 	1595.44	 	0.999269	 	399.417	 	0.999269	 	20581	 	0.00158938	 	0.0236069	 	
72000	-1.99715	 	1595.46	 	0.999272	 	399.419	 	0.999272	 	20854	 	0.00158329	 	0.0235235	 	
73000	-1.99715	 	1595.47	 	0.999273	 	399.42	 	0.999273	 	21108	 	0.00157975	 	0.0234703	 	
74000	-1.99715	 	1595.47	 	0.999273	 	399.42	 	0.999273	 	21368	 	0.00158188	 	0.023479	 	
75000	-1.99716	 	1595.49	 	0.999276	 	399.422	 	0.999276	 	21620	 	0.00157713	 	0.0234167	 	
76000	-1.99716	 	1595.48	 	0.999274	 	399.421	 	0.999274	 	21944	 	0.00158044	 	0.0234561	 	
77000	-1.99715	 	1595.47	 	0.999272	 	399.42	 	0.999272	 	22248	 	0.00158457	 	0.023511	 	
78000	-1.99716	 	1595.48	 	0.999275	 	399.422	 	0.999275	 	22502	 	0.0015777	 	0.0234209	 	
79000	-1.99716	 	1595.48	 	0.999274	 	399.421	 	0.999274	 	22800	 	0.00157989	 	0.0234568	 	
80000	-1.99716	 	1595.48	 	0.999274	 	399.421	 	0.999274	 	23110	 	0.00157881	 	0.0234528	 	
81000	-1.99716	 	1595.48	 	0.999275	 	399.422	 	0.999275	 	23374	 	0.00157511	 	0.0234094	 	
82000	-1.99716	 	1595.49	 	0.999276	 	399.423	 	0.999276	 	23660	 	0.00157404	 	0.0233952	 	
83000	-1.99717	 	1595.49	 	0.999277	 	399.423	 	0.999277	 	23944	 	0.00157114	 	0.0233546	 	
84000	-1.99717	 	1595.5	 	0.999278	 	399.424	 	0.999278	 	24219	 	0.00156782	 	0.0233102	 	
85000	-1.99717	 	1595.49	 	0.999277	 	399.423	 	0.999277	 	24518	 	0.00156898	 	0.0233258	 	
86000	-1.99716	 	1595.48	 	0.999275	 	399.422	 	0.999275	 	24856	 	0.00157324	 	0.0233953	 	
87000	-1.99716	 	1595.48	 	0.999276	 	399.422	 	0.999276	 	25151	 	0.0015715	 	0.0233759	 	
88000	-1.99716	 	1595.48	 	0.999275	 	399.422	 	0.999275	 	25447	 	0.00157538	 	0.0234255	 	
89000	-1.99715	 	1595.47	 	0.999273	 	399.42	 	0.999273	 	25762	 	0.00157904	 	0.0234824	 	
90000	-1.99715	 	1595.47	 	0.999273	 	399.42	 	0.999273	 	26018	 	0.0015791	 	0.023451	 	
91000	-1.99715	 	1595.47	 	0.999273	 	399.42	 	0.999273	 	26302	 	0.00157852	 	0.0234505	 	
92000	-1.99715	 	1595.47	 	0.999273	 	399.42	 	0.999273	 	26587	 	0.00157886	 	0.0234626	 	
93000	-1.99715	 	1595.47	 	0.999272	 	399.42	 	0.999272	 	26890	 	0.00158149	 	0.0234888	 	
94000	-1.99715	 	1595.46	 	0.999272	 	399.419	 	0.999272	 	27196	 	0.00158115	 	0.0234865	 	
95000	-1.99715	 	1595.46	 	0.999271	 	399.419	 	0.999271	 	27494	 	0.00158188	 	0.0234915	 	
96000	-1.99714	 	1595.46	 	0.999271	 	399.419	 	0.999271	 	27774	 	0.00158299	 	0.0235071	 	
97000	-1.99714	 	1595.46	 	0.999271	 	399.419	 	0.999271	 	28074	 	0.00158323	 	0.0235245	 	
98000	-1.99715	 	1595.46	 	0.999272	 	399.419	 	0.999272	 	28354	 	0.00158317	 	0.0235241	 	
99000	-1.99715	 	1595.47	 	0.999273	 	399.42	 	0.999273	 	28612	 	0.00158015	 	0.0234791	 	
100000	-1.99715	 	1595.47	 	0.999273	 	399.42	 	0.999273	 	28866	 	0.00157776	 	0.0234496	 	
101000	-1.99715	 	1595.47	 	0.999273	 	399.421	 	0.999273	 	29190	 	0.00157725	 	0.0234591	 	
102000	-1.99716	 	1595.48	 	0.999274	 	399.421	 	0.999274	 	29459	 	0.00157411	 	0.0234263	 	
103000	-1.99715	 	1595.47	 	0.999273	 	399.42	 	0.999273	 	29764	 	0.00157672	 	0.023458	 	
104000	-1.99715	 	1595.47	 	0.999273	 	399.42	 	0.999273	 	30072	 	0.0015758	 	0.0234455	 	
105000	-1.99715	 	1595.47	 	0.999273	 	399.42	 	0.999273	 	30374	 	0.00157713	 	0.0234674	 	
106000	-1.99714	 	1595.46	 	0.999271	 	399.419	 	0.999271	 	30692	 	0.00158238	 	0.0235109	 	
107000	-1.99715	 	1595.46	 	0.999272	 	399.42	 	0.999272	 	30974	 	0.00157979	 	0.0234783	 	
108000	-1.99715	 	1595.46	 	0.999272	 	399.42	 	0.999272	 	31282	 	0.00157986	 	0.0234883	 	
109000	-1.99715	 	1595.47	 	0.999273	 	399.42	 	0.999273	 	31576	 	0.00157784	 	0.0234615	 	
110000	-1.99715	 	1595.47	 	0.999273	 	399.42	 	0.999273	 	31864	 	0.00157587	 	0.0234392	 	
111000	-1.99715	 	1595.47	 	0.999274	 	399.421	 	0.999274	 	32109	 	0.0015725	 	0.023394	 	
112000	-1.99715	 	1595.47	 	0.999274	 	399.421	 	0.999274	 	32370	 	0.00157396	 	0.0234218	 	
113000	-1.99715	 	1595.47	 	0.999274	 	399.421	 	0.999274	 	32650	 	0.00157329	 	0.0234199	 	
114000	-1.99715	 	1595.47	 	0.999273	 	399.42	 	0.999273	 	32976	 	0.00157605	 	0.0234459	 	
115000	-1.99715	 	1595.47	 	0.999273	 	399.42	 	0.999273	 	33266	 	0.00157545	 	0.0234428	 	
116000	-1.99716	 	1595.47	 	0.999274	 	399.421	 	0.999274	 	33526	 	0.0015728	 	0.0234022	 	
117000	-1.99716	 	1595.48	 	0.999275	 	399.422	 	0.999275	 	33786	 	0.00157019	 	0.0233644	 	
118000	-1.99716	 	1595.48	 	0.999275	 	399.422	 	0.999275	 	34102	 	0.00157192	 	0.0233926	 	
119000	-1.99716	 	1595.48	 	0.999275	 	399.422	 	0.999275	 	34382	 	0.00157098	 	0.0233801	 	
120000	-1.99716	 	1595.48	 	0.999274	 	399.421	 	0.999274	 	34714	 	0.00157514	 	0.023433	 	
121000	-1.99716	 	1595.48	 	0.999275	 	399.422	 	0.999275	 	34972	 	0.00157325	 	0.0234025	 	
122000	-1.99716	 	1595.48	 	0.999275	 	399.422	 	0.999275	 	35250	 	0.00157173	 	0.023378	 	
123000	-1.99716	 	1595.49	 	0.999276	 	399.423	 	0.999276	 	35516	 	0.00156859	 	0.0233356	 	
124000	-1.99717	 	1595.49	 	0.999277	 	399.424	 	0.999277	 	35800	 	0.00156746	 	0.0233317	 	
125000	-1.99717	 	1595.5	 	0.999278	 	399.424	 	0.999278	 	36092	 	0.00156607	 	0.0233191	 	
126000	-1.99717	 	1595.5	 	0.999279	 	399.425	 	0.999279	 	36380	 	0.00156398	 	0.0232941	 	
127000	-1.99717	 	1595.5	 	0.999279	 	399.425	 	0.999279	 	36634	 	0.00156165	 	0.0232641	 	
128000	-1.99718	 	1595.51	 	0.99928	 	399.426	 	0.99928	 	36880	 	0.0015593	 	0.0232347	 	
129000	-1.99718	 	1595.51	 	0.99928	 	399.426	 	0.99928	 	37186	 	0.00155869	 	0.0232289	 	
130000	-1.99717	 	1595.5	 	0.999279	 	399.425	 	0.999279	 	37470	 	0.00155942	 	0.0232499	 	
131000	-1.99718	 	1595.51	 	0.99928	 	399.426	 	0.99928	 	37734	 	0.00155672	 	0.0232156	 	
132000	-1.99718	 	1595.51	 	0.99928	 	399.426	 	0.99928	 	38016	 	0.00155595	 	0.0232123	 	
133000	-1.99718	 	1595.51	 	0.999281	 	399.426	 	0.999281	 	38290	 	0.00155518	 	0.023197	 	
134000	-1.99718	 	1595.51	 	0.99928	 	399.426	 	0.99928	 	38611	 	0.00155666	 	0.0232265	 	
135000	-1.99717	 	1595.5	 	0.999279	 	399.425	 	0.999279	 	38895	 	0.00156052	 	0.0232689	 	
136000	-1.99717	 	1595.51	 	0.99928	 	399.426	 	0.99928	 	39146	 	0.00155885	 	0.0232477	 	
137000	-1.99718	 	1595.51	 	0.99928	 	399.426	 	0.99928	 	39462	 	0.0015581	 	0.0232369	 	
138000	-1.99717	 	1595.51	 	0.99928	 	399.426	 	0.99928	 	39754	 	0.00155772	 	0.0232412	 	
139000	-1.99717	 	1595.51	 	0.99928	 	399.426	 	0.99928	 	40028	 	0.00155732	 	0.0232395	 	
140000	-1.99717	 	1595.51	 	0.99928	 	399.426	 	0.99928	 	40322	 	0.00155573	 	0.0232243	 	
141000	-1.99718	 	1595.51	 	0.99928	 	399.426	 	0.99928	 	40610	 	0.00155491	 	0.0232127	 	
142000	-1.99718	 	1595.51	 	0.999281	 	399.426	 	0.999281	 	40912	 	0.00155403	 	0.0231958	 	
143000	-1.99718	 	1595.51	 	0.99928	 	399.426	 	0.99928	 	41227	 	0.00155665	 	0.0232268	 	
144000	-1.99717	 	1595.5	 	0.999279	 	399.425	 	0.999279	 	41532	 	0.00156045	 	0.0232779	 	
145000	-1.99717	 	1595.5	 	0.999279	 	399.425	 	0.999279	 	41812	 	0.00155996	 	0.0232736	 	
146000	-1.99717	 	1595.5	 	0.999279	 	399.425	 	0.999279	 	42110	 	0.00156093	 	0.0232932	 	
147000	-1.99717	 	1595.5	 	0.999279	 	399.425	 	0.999279	 	42382	 	0.00155946	 	0.0232764	 	
148000	-1.99717	 	1595.5	 	0.999278	 	399.424	 	0.999278	 	42690	 	0.00156063	 	0.0232928	 	
149000	-1.99717	 	1595.49	 	0.999278	 	399.424	 	0.999278	 	42949	 	0.00156129	 	0.023299	 	
150000	-1.99717	 	1595.5	 	0.999279	 	399.425	 	0.999279	 	43224	 	0.00155889	 	0.0232683	 	
151000	-1.99717	 	1595.5	 	0.999278	 	399.424	 	0.999278	 	43492	 	0.00155839	 	0.0232602	 	
152000	-1.99717	 	1595.5	 	0.999279	 	399.425	 	0.999279	 	43776	 	0.00155744	 	0.023244	 	
153000	-1.99717	 	1595.5	 	0.999278	 	399.424	 	0.999278	 	44064	 	0.00155886	 	0.0232567	 	
154000	-1.99716	 	1595.49	 	0.999277	 	399.423	 	0.999277	 	44384	 	0.00156181	 	0.0233008	 	
155000	-1.99716	 	1595.49	 	0.999276	 	399.423	 	0.999276	 	44680	 	0.00156285	 	0.0233123	 	
156000	-1.99716	 	1595.49	 	0.999277	 	399.424	 	0.999277	 	44933	 	0.00156084	 	0.0232833	 	
157000	-1.99716	 	1595.49	 	0.999277	 	399.424	 	0.999277	 	45214	 	0.00156049	 	0.0232787	 	
158000	-1.99717	 	1595.49	 	0.999277	 	399.424	 	0.999277	 	45524	 	0.00155967	 	0.0232633	 	
159000	-1.99716	 	1595.49	 	0.999277	 	399.423	 	0.999277	 	45828	 	0.00156065	 	0.0232817	 	
160000	-1.99716	 	1595.49	 	0.999277	 	399.423	 	0.999277	 	46122	 	0.00155981	 	0.0232692	 	
161000	-1.99717	 	1595.49	 	0.999278	 	399.424	 	0.999278	 	46400	 	0.00155919	 	0.0232665	 	
162000	-1.99717	 	1595.49	 	0.999277	 	399.424	 	0.999277	 	46711	 	0.00156219	 	0.0232884	 	
163000	-1.99716	 	1595.49	 	0.999277	 	399.423	 	0.999277	 	46998	 	0.00156293	 	0.0232981	 	
164000	-1.99716	 	1595.49	 	0.999277	 	399.423	 	0.999277	 	47280	 	0.00156329	 	0.0233024	 	
165000	-1.99716	 	1595.49	 	0.999277	 	399.423	 	0.999277	 	47572	 	0.00156359	 	0.0232976	 	
166000	-1.99717	 	1595.49	 	0.999277	 	399.423	 	0.999277	 	47862	 	0.00156294	 	0.0232868	 	
167000	-1.99717	 	1595.49	 	0.999277	 	399.424	 	0.999277	 	48138	 	0.00156285	 	0.0232885	 	
168000	-1.99716	 	1595.49	 	0.999277	 	399.423	 	0.999277	 	48480	 	0.00156659	 	0.0233304	 	
169000	-1.99716	 	1595.48	 	0.999276	 	399.423	 	0.999276	 	48782	 	0.00156708	 	0.0233455	 	
170000	-1.99716	 	1595.49	 	0.999276	 	399.423	 	0.999276	 	49054	 	0.00156714	 	0.0233451	 	
171000	-1.99716	 	1595.48	 	0.999276	 	399.423	 	0.999276	 	49382	 	0.00156825	 	0.023354	 	
172000	-1.99716	 	1595.49	 	0.999277	 	399.423	 	0.999277	 	49628	 	0.00156618	 	0.0233221	 	
173000	-1.99716	 	1595.49	 	0.999276	 	399.423	 	0.999276	 	49950	 	0.00156719	 	0.023343	 	
174000	-1.99716	 	1595.49	 	0.999277	 	399.423	 	0.999277	 	50242	 	0.00156614	 	0.0233234	 	
175000	-1.99717	 	1595.5	 	0.999278	 	399.424	 	0.999278	 	50492	 	0.00156416	 	0.0232971	 	
176000	-1.99717	 	1595.5	 	0.999278	 	399.424	 	0.999278	 	50750	 	0.00156273	 	0.0232751	 	
177000	-1.99717	 	1595.5	 	0.999279	 	399.425	 	0.999279	 	50992	 	0.00156133	 	0.0232529	 	
178000	-1.99718	 	1595.51	 	0.99928	 	399.426	 	0.99928	 	51252	 	0.00155966	 	0.0232257	 	
179000	-1.99718	 	1595.51	 	0.99928	 	399.426	 	0.99928	 	51532	 	0.00155863	 	0.0232129	 	
180000	-1.99718	 	1595.51	 	0.999281	 	399.426	 	0.999281	 	51835	 	0.0015567	 	0.0231873	 	
181000	-1.99718	 	1595.51	 	0.99928	 	399.426	 	0.99928	 	52138	 	0.00155854	 	0.0232072	 	
182000	-1.99718	 	1595.51	 	0.99928	 	399.426	 	0.99928	 	52448	 	0.00155814	 	0.0232024	 	
183000	-1.99718	 	1595.51	 	0.99928	 	399.426	 	0.99928	 	52708	 	0.00155694	 	0.0231884	 	
184000	-1.99718	 	1595.51	 	0.99928	 	399.426	 	0.99928	 	53008	 	0.00155648	 	0.0231824	 	
185000	-1.99718	 	1595.51	 	0.99928	 	399.426	 	0.99928	 	53314	 	0.0015565	 	0.0231908	 	
186000	-1.99718	 	1595.51	 	0.99928	 	399.426	 	0.99928	 	53574	 	0.00155715	 	0.0231985	 	
187000	-1.99718	 	1595.51	 	0.99928	 	399.426	 	0.99928	 	53838	 	0.00155452	 	0.0231655	 	
188000	-1.99718	 	1595.51	 	0.999281	 	399.426	 	0.999281	 	54108	 	0.00155372	 	0.0231568	 	
189000	-1.99718	 	1595.51	 	0.99928	 	399.426	 	0.99928	 	54403	 	0.00155353	 	0.0231628	 	
190000	-1.99717	 	1595.5	 	0.999279	 	399.425	 	0.999279	 	54722	 	0.00155593	 	0.0231959	 	
191000	-1.99718	 	1595.51	 	0.99928	 	399.426	 	0.99928	 	54970	 	0.0015557	 	0.0231868	 	
192000	-1.99718	 	1595.51	 	0.99928	 	399.426	 	0.99928	 	55249	 	0.00155564	 	0.0231887	 	
193000	-1.99717	 	1595.51	 	0.99928	 	399.425	 	0.99928	 	55562	 	0.00155586	 	0.0231908	 	
194000	-1.99717	 	1595.51	 	0.999279	 	399.425	 	0.999279	 	55858	 	0.00155605	 	0.023194	 	
195000	-1.99717	 	1595.5	 	0.999279	 	399.425	 	0.999279	 	56164	 	0.00155666	 	0.0232112	 	
196000	-1.99717	 	1595.5	 	0.999279	 	399.425	 	0.999279	 	56488	 	0.00155759	 	0.0232244	 	
197000	-1.99717	 	1595.5	 	0.999278	 	399.424	 	0.999278	 	56806	 	0.00155829	 	0.0232417	 	
198000	-1.99717	 	1595.49	 	0.999277	 	399.424	 	0.999277	 	57138	 	0.00156042	 	0.0232737	 	
199000	-1.99716	 	1595.49	 	0.999277	 	399.423	 	0.999277	 	57404	 	0.0015616	 	0.0232918	 	
200000	-1.99716	 	1595.49	 	0.999277	 	399.423	 	0.999277	 	57696	 	0.00156084	 	0.0232796	 	
201000	-1.99716	 	1595.49	 	0.999276	 	399.423	 	0.999276	 	58012	 	0.00156172	 	0.0232919	 	
202000	-1.99716	 	1595.49	 	0.999277	 	399.423	 	0.999277	 	58284	 	0.00156067	 	0.0232797	 	
203000	-1.99716	 	1595.49	 	0.999277	 	399.423	 	0.999277	 	58546	 	0.00156067	 	0.023283	 	
204000	-1.99716	 	1595.49	 	0.999276	 	399.423	 	0.999276	 	58845	 	0.00156084	 	0.023287	 	
205000	-1.99716	 	1595.49	 	0.999276	 	399.423	 	0.999276	 	59116	 	0.0015609	 	0.0232849	 	
206000	-1.99716	 	1595.49	 	0.999277	 	399.423	 	0.999277	 	59336	 	0.00155954	 	0.0232642	 	
207000	-1.99717	 	1595.49	 	0.999277	 	399.424	 	0.999277	 	59636	 	0.00155848	 	0.0232479	 	
208000	-1.99717	 	1595.49	 	0.999277	 	399.424	 	0.999277	 	59966	 	0.00155866	 	0.0232491	 	
209000	-1.99716	 	1595.49	 	0.999277	 	399.423	 	0.999277	 	60258	 	0.00155932	 	0.0232633	 	
210000	-1.99716	 	1595.49	 	0.999277	 	399.423	 	0.999277	 	60567	 	0.00155917	 	0.0232629	 	
211000	-1.99717	 	1595.49	 	0.999277	 	399.424	 	0.999277	 	60811	 	0.00155802	 	0.0232454	 	
212000	-1.99717	 	1595.49	 	0.999277	 	399.424	 	0.999277	 	61115	 	0.00155831	 	0.0232451	 	
213000	-1.99717	 	1595.49	 	0.999278	 	399.424	 	0.999278	 	61394	 	0.00155748	 	0.0232342	 	
214000	-1.99717	 	1595.49	 	0.999277	 	399.424	 	0.999277	 	61686	 	0.00155829	 	0.0232487	 	
215000	-1.99717	 	1595.49	 	0.999278	 	399.424	 	0.999278	 	61960	 	0.00155759	 	0.023243	 	
216000	-1.99717	 	1595.49	 	0.999278	 	399.424	 	0.999278	 	62248	 	0.00155647	 	0.0232303	 	
217000	-1.99717	 	1595.49	 	0.999278	 	399.424	 	0.999278	 	62536	 	0.0015583	 	0.023247	 	
218000	-1.99716	 	1595.49	 	0.999277	 	399.423	 	0.999277	 	62856	 	0.00156009	 	0.023268	 	
219000	-1.99716	 	1595.49	 	0.999277	 	399.423	 	0.999277	 	63190	 	0.00155964	 	0.0232638	 	
220000	-1.99716	 	1595.49	 	0.999277	 	399.423	 	0.999277	 	63507	 	0.00156016	 	0.0232688	 	
221000	-1.99716	 	1595.49	 	0.999277	 	399.423	 	0.999277	 	63816	 	0.00155903	 	0.0232559	 	
222000	-1.99716	 	1595.48	 	0.999276	 	399.422	 	0.999276	 	64160	 	0.00156054	 	0.0232751	 	
223000	-1.99716	 	1595.49	 	0.999276	 	399.423	 	0.999276	 	64408	 	0.00155894	 	0.0232523	 	
224000	-1.99716	 	1595.49	 	0.999276	 	399.423	 	0.999276	 	64678	 	0.0015585	 	0.0232506	 	
225000	-1.99716	 	1595.48	 	0.999276	 	399.423	 	0.999276	 	64986	 	0.00155872	 	0.0232518	 	
226000	-1.99716	 	1595.49	 	0.999277	 	399.423	 	0.999277	 	65238	 	0.00155661	 	0.0232254	 	
227000	-1.99716	 	1595.49	 	0.999277	 	399.423	 	0.999277	 	65516	 	0.00155742	 	0.0232364	 	
228000	-1.99717	 	1595.49	 	0.999278	 	399.424	 	0.999278	 	65814	 	0.00155672	 	0.0232273	 	
229000	-1.99716	 	1595.49	 	0.999277	 	399.423	 	0.999277	 	66114	 	0.00155768	 	0.0232401	 	
230000	-1.99716	 	1595.49	 	0.999276	 	399.423	 	0.999276	 	66430	 	0.00155948	 	0.0232619	 	
231000	-1.99716	 	1595.48	 	0.999276	 	399.423	 	0.999276	 	66704	 	0.00156011	 	0.0232744	 	
232000	-1.99716	 	1595.48	 	0.999276	 	399.423	 	0.999276	 	67018	 	0.00156039	 	0.0232751	 	
233000	-1.99716	 	1595.48	 	0.999276	 	399.422	 	0.999276	 	67314	 	0.00156033	 	0.0232716	 	
234000	-1.99716	 	1595.48	 	0.999276	 	399.422	 	0.999276	 	67608	 	0.00156018	 	0.0232731	 	
235000	-1.99715	 	1595.47	 	0.999275	 	399.421	 	0.999275	 	67971	 	0.0015622	 	0.023303	 	
236000	-1.99715	 	1595.47	 	0.999274	 	399.421	 	0.999274	 	68278	 	0.00156458	 	0.0233295	 	
237000	-1.99715	 	1595.47	 	0.999274	 	399.421	 	0.999274	 	68560	 	0.00156533	 	0.0233411	 	
238000	-1.99715	 	1595.46	 	0.999273	 	399.42	 	0.999273	 	68918	 	0.00156637	 	0.0233565	 	
239000	-1.99715	 	1595.46	 	0.999273	 	399.42	 	0.999273	 	69224	 	0.00156672	 	0.0233611	 	
240000	-1.99715	 	1595.47	 	0.999273	 	399.42	 	0.999273	 	69503	 	0.00156539	 	0.0233458	 	
241000	-1.99715	 	1595.47	 	0.999274	 	399.421	 	0.999274	 	69760	 	0.00156474	 	0.0233357	 	
242000	-1.99715	 	1595.47	 	0.999275	 	399.421	 	0.999275	 	70018	 	0.00156332	 	0.0233198	 	
243000	-1.99716	 	1595.48	 	0.999275	 	399.422	 	0.999275	 	70312	 	0.00156199	 	0.0233023	 	
244000	-1.99716	 	1595.48	 	0.999275	 	399.422	 	0.999275	 	70592	 	0.0015621	 	0.0233078	 	
245000	-1.99715	 	1595.47	 	0.999275	 	399.421	 	0.999275	 	70906	 	0.00156327	 	0.0233222	 	
246000	-1.99715	 	1595.47	 	0.999275	 	399.421	 	0.999275	 	71210	 	0.00156244	 	0.0233146	 	
247000	-1.99715	 	1595.47	 	0.999274	 	399.421	 	0.999274	 	71518	 	0.00156321	 	0.0233317	 	
248000	-1.99715	 	1595.47	 	0.999274	 	399.421	 	0.999274	 	71836	 	0.00156436	 	0.0233496	 	
249000	-1.99715	 	1595.47	 	0.999274	 	399.421	 	0.999274	 	72108	 	0.00156408	 	0.023345	 	
250000	-1.99715	 	1595.47	 	0.999274	 	399.421	 	0.999274	 	72385	 	0.00156401	 	0.0233447	 	
251000	-1.99715	 	1595.47	 	0.999274	 	399.421	 	0.999274	 	72686	 	0.00156471	 	0.023357	 	
252000	-1.99715	 	1595.47	 	0.999273	 	399.42	 	0.999273	 	73028	 	0.00156497	 	0.0233588	 	
253000	-1.99715	 	1595.47	 	0.999273	 	399.421	 	0.999273	 	73362	 	0.00156492	 	0.0233562	 	
254000	-1.99715	 	1595.47	 	0.999274	 	399.421	 	0.999274	 	73638	 	0.00156441	 	0.023348	 	
255000	-1.99715	 	1595.47	 	0.999274	 	399.421	 	0.999274	 	73948	 	0.00156447	 	0.0233554	 	
256000	-1.99715	 	1595.47	 	0.999274	 	399.421	 	0.999274	 	74235	 	0.00156391	 	0.0233498	 	
257000	-1.99715	 	1595.47	 	0.999275	 	399.421	 	0.999275	 	74485	 	0.00156239	 	0.0233292	 	
258000	-1.99715	 	1595.47	 	0.999274	 	399.421	 	0.999274	 	74798	 	0.00156305	 	0.0233414	 	
259000	-1.99715	 	1595.47	 	0.999274	 	399.421	 	0.999274	 	75114	 	0.00156421	 	0.0233525	 	
260000	-1.99715	 	1595.47	 	0.999274	 	399.421	 	0.999274	 	75387	 	0.00156336	 	0.0233418	 	
261000	-1.99715	 	1595.47	 	0.999274	 	399.421	 	0.999274	 	75704	 	0.00156404	 	0.0233536	 	
262000	-1.99715	 	1595.46	 	0.999273	 	399.42	 	0.999273	 	76010	 	0.00156537	 	0.0233729	 	
263000	-1.99715	 	1595.46	 	0.999273	 	399.42	 	0.999273	 	76304	 	0.00156547	 	0.0233715	 	
264000	-1.99715	 	1595.46	 	0.999273	 	399.42	 	0.999273	 	76590	 	0.00156588	 	0.0233799	 	
265000	-1.99715	 	1595.46	 	0.999273	 	399.42	 	0.999273	 	76877	 	0.0015659	 	0.0233791	 	
266000	-1.99715	 	1595.46	 	0.999273	 	399.42	 	0.999273	 	77172	 	0.00156665	 	0.0233856	 	
267000	-1.99715	 	1595.46	 	0.999273	 	399.42	 	0.999273	 	77452	 	0.00156575	 	0.0233756	 	
268000	-1.99715	 	1595.46	 	0.999272	 	399.42	 	0.999272	 	77766	 	0.00156874	 	0.0234085	 	
269000	-1.99714	 	1595.46	 	0.999272	 	399.419	 	0.999272	 	78069	 	0.00156931	 	0.0234202	 	
270000	-1.99715	 	1595.46	 	0.999273	 	399.42	 	0.999273	 	78320	 	0.00156853	 	0.0234098	 	
271000	-1.99714	 	1595.46	 	0.999272	 	399.419	 	0.999272	 	78660	 	0.00156947	 	0.0234264	 	
272000	-1.99715	 	1595.46	 	0.999272	 	399.42	 	0.999272	 	78930	 	0.00156895	 	0.0234224	 	
273000	-1.99715	 	1595.46	 	0.999273	 	399.42	 	0.999273	 	79181	 	0.00156805	 	0.0234125	 	
274000	-1.99715	 	1595.46	 	0.999273	 	399.42	 	0.999273	 	79440	 	0.00156716	 	0.0234024	 	
275000	-1.99715	 	1595.47	 	0.999274	 	399.421	 	0.999274	 	79700	 	0.00156649	 	0.0233906	 	
276000	-1.99715	 	1595.47	 	0.999274	 	399.421	 	0.999274	 	79978	 	0.00156657	 	0.0233927	 	
277000	-1.99715	 	1595.47	 	0.999274	 	399.421	 	0.999274	 	80262	 	0.00156616	 	0.023379	 	
278000	-1.99715	 	1595.47	 	0.999274	 	399.421	 	0.999274	 	80534	 	0.00156557	 	0.0233722	 	
279000	-1.99715	 	1595.47	 	0.999275	 	399.421	 	0.999275	 	80820	 	0.00156452	 	0.0233587	 	
280000	-1.99715	 	1595.47	 	0.999274	 	399.421	 	0.999274	 	81118	 	0.00156421	 	0.0233578	 	
281000	-1.99716	 	1595.48	 	0.999275	 	399.422	 	0.999275	 	81354	 	0.00156232	 	0.0233319	 	
282000	-1.99716	 	1595.48	 	0.999275	 	399.422	 	0.999275	 	81674	 	0.00156253	 	0.0233352	 	
283000	-1.99716	 	1595.48	 	0.999276	 	399.422	 	0.999276	 	81916	 	0.00156127	 	0.0233154	 	
284000	-1.99716	 	1595.48	 	0.999276	 	399.422	 	0.999276	 	82228	 	0.00156087	 	0.0233111	 	
285000	-1.99716	 	1595.48	 	0.999276	 	399.422	 	0.999276	 	82506	 	0.001561	 	0.0233113	 	
286000	-1.99716	 	1595.48	 	0.999275	 	399.422	 	0.999275	 	82846	 	0.00156113	 	0.0233175	 	
287000	-1.99716	 	1595.48	 	0.999275	 	399.422	 	0.999275	 	83144	 	0.00156154	 	0.0233228	 	
288000	-1.99716	 	1595.48	 	0.999275	 	399.422	 	0.999275	 	83448	 	0.00156167	 	0.0233288	 	
289000	-1.99715	 	1595.47	 	0.999275	 	399.422	 	0.999275	 	83764	 	0.00156243	 	0.0233396	 	
290000	-1.99716	 	1595.48	 	0.999275	 	399.422	 	0.999275	 	84018	 	0.0015612	 	0.023322	 	
291000	-1.99716	 	1595.48	 	0.999275	 	399.422	 	0.999275	 	84304	 	0.00156143	 	0.023325	 	
292000	-1.99716	 	1595.48	 	0.999275	 	399.422	 	0.999275	 	84622	 	0.00156141	 	0.0233263	 	
293000	-1.99716	 	1595.48	 	0.999275	 	399.422	 	0.999275	 	84922	 	0.00156108	 	0.0233244	 	
294000	-1.99716	 	1595.48	 	0.999275	 	399.422	 	0.999275	 	85232	 	0.00156168	 	0.0233359	 	
295000	-1.99716	 	1595.47	 	0.999275	 	399.422	 	0.999275	 	85528	 	0.0015612	 	0.0233304	 	
296000	-1.99716	 	1595.48	 	0.999275	 	399.422	 	0.999275	 	85790	 	0.00156112	 	0.023331	 	
297000	-1.99716	 	1595.48	 	0.999276	 	399.422	 	0.999276	 	86053	 	0.00155998	 	0.0233155	 	
298000	-1.99716	 	1595.48	 	0.999276	 	399.422	 	0.999276	 	86364	 	0.00155933	 	0.0233073	 	
299000	-1.99716	 	1595.48	 	0.999276	 	399.422	 	0.999276	 	86660	 	0.00155926	 	0.0233051	 	
300000	-1.99716	 	1595.48	 	0.999276	 	399.422	 	0.999276	 	86964	 	0.00155958	 	0.0233081	 	
301000	-1.99716	 	1595.48	 	0.999276	 	399.423	 	0.999276	 	87234	 	0.00155951	 	0.0233029	 	
302000	-1.99716	 	1595.48	 	0.999276	 	399.422	 	0.999276	 	87536	 	0.00155983	 	0.0233101	 	
303000	-1.99716	 	1595.48	 	0.999276	 	399.423	 	0.999276	 	87806	 	0.00155826	 	0.0232886	 	
304000	-1.99716	 	1595.48	 	0.999276	 	399.423	 	0.999276	 	88120	 	0.00155836	 	0.0232922	 	
305000	-1.99716	 	1595.48	 	0.999276	 	399.423	 	0.999276	 	88390	 	0.00155777	 	0.023282	 	
306000	-1.99716	 	1595.48	 	0.999277	 	399.423	 	0.999277	 	88696	 	0.0015577	 	0.0232807	 	
307000	-1.99716	 	1595.48	 	0.999276	 	399.423	 	0.999276	 	88968	 	0.00155919	 	0.0233047	 	
308000	-1.99716	 	1595.48	 	0.999276	 	399.423	 	0.999276	 	89244	 	0.00155857	 	0.023296	 	
309000	-1.99716	 	1595.49	 	0.999277	 	399.423	 	0.999277	 	89520	 	0.00155818	 	0.0232879	 	
310000	-1.99716	 	1595.49	 	0.999277	 	399.423	 	0.999277	 	89821	 	0.00155825	 	0.0232865	 	
311000	-1.99716	 	1595.49	 	0.999277	 	399.423	 	0.999277	 	90130	 	0.00155797	 	0.0232833	 	
312000	-1.99716	 	1595.49	 	0.999277	 	399.423	 	0.999277	 	90410	 	0.00155806	 	0.0232884	 	
313000	-1.99716	 	1595.48	 	0.999277	 	399.423	 	0.999277	 	90707	 	0.00155789	 	0.0232884	 	
314000	-1.99716	 	1595.49	 	0.999277	 	399.423	 	0.999277	 	90974	 	0.00155748	 	0.0232854	 	
315000	-1.99716	 	1595.48	 	0.999276	 	399.423	 	0.999276	 	91280	 	0.00155864	 	0.0232971	 	
316000	-1.99716	 	1595.49	 	0.999277	 	399.423	 	0.999277	 	91554	 	0.00155758	 	0.0232828	 	
317000	-1.99716	 	1595.49	 	0.999277	 	399.423	 	0.999277	 	91846	 	0.00155776	 	0.0232854	 	
318000	-1.99717	 	1595.49	 	0.999278	 	399.424	 	0.999278	 	92094	 	0.00155603	 	0.0232602	 	
319000	-1.99716	 	1595.49	 	0.999277	 	399.424	 	0.999277	 	92401	 	0.00155709	 	0.0232768	 	
320000	-1.99716	 	1595.49	 	0.999277	 	399.423	 	0.999277	 	92768	 	0.0015578	 	0.0232887	 	
321000	-1.99716	 	1595.49	 	0.999277	 	399.424	 	0.999277	 	93030	 	0.0015576	 	0.0232819	 	
322000	-1.99716	 	1595.49	 	0.999277	 	399.424	 	0.999277	 	93328	 	0.00155722	 	0.0232768	 	
323000	-1.99716	 	1595.49	 	0.999277	 	399.424	 	0.999277	 	93594	 	0.00155684	 	0.023271	 	
324000	-1.99717	 	1595.49	 	0.999278	 	399.424	 	0.999278	 	93850	 	0.00155637	 	0.0232613	 	
325000	-1.99717	 	1595.49	 	0.999278	 	399.424	 	0.999278	 	94106	 	0.00155702	 	0.0232717	 	
326000	-1.99716	 	1595.49	 	0.999277	 	399.424	 	0.999277	 	94410	 	0.00155762	 	0.0232809	 	
327000	-1.99716	 	1595.49	 	0.999277	 	399.423	 	0.999277	 	94728	 	0.00155845	 	0.0232924	 	
328000	-1.99716	 	1595.49	 	0.999277	 	399.424	 	0.999277	 	94958	 	0.0015579	 	0.0232858	 	
329000	-1.99716	 	1595.49	 	0.999277	 	399.423	 	0.999277	 	95270	 	0.00155868	 	0.0232936	 	
330000	-1.99716	 	1595.49	 	0.999277	 	399.424	 	0.999277	 	95542	 	0.00155794	 	0.0232835	 	
331000	-1.99716	 	1595.49	 	0.999277	 	399.424	 	0.999277	 	95834	 	0.00155785	 	0.0232806	 	
332000	-1.99716	 	1595.49	 	0.999277	 	399.424	 	0.999277	 	96154	 	0.00155803	 	0.023283	 	
333000	-1.99717	 	1595.49	 	0.999277	 	399.424	 	0.999277	 	96398	 	0.00155745	 	0.0232751	 	
334000	-1.99717	 	1595.49	 	0.999277	 	399.424	 	0.999277	 	96698	 	0.00155756	 	0.0232759	 	
335000	-1.99716	 	1595.49	 	0.999277	 	399.424	 	0.999277	 	96986	 	0.00155866	 	0.0232896	 	
336000	-1.99716	 	1595.49	 	0.999277	 	399.424	 	0.999277	 	97280	 	0.00155844	 	0.0232849	 	
337000	-1.99716	 	1595.49	 	0.999277	 	399.423	 	0.999277	 	97572	 	0.00155859	 	0.0232862	 	
338000	-1.99716	 	1595.49	 	0.999277	 	399.423	 	0.999277	 	97890	 	0.00156105	 	0.0233141	 	
339000	-1.99716	 	1595.49	 	0.999277	 	399.423	 	0.999277	 	98200	 	0.00156143	 	0.0233198	 	
340000	-1.99716	 	1595.48	 	0.999276	 	399.423	 	0.999276	 	98484	 	0.00156168	 	0.0233242	 	
341000	-1.99716	 	1595.48	 	0.999276	 	399.423	 	0.999276	 	98794	 	0.00156152	 	0.023321	 	
342000	-1.99716	 	1595.49	 	0.999276	 	399.423	 	0.999276	 	99050	 	0.0015615	 	0.0233201	 	
343000	-1.99716	 	1595.49	 	0.999277	 	399.423	 	0.999277	 	99332	 	0.00156129	 	0.023316	 	
344000	-1.99716	 	1595.49	 	0.999277	 	399.423	 	0.999277	 	99630	 	0.0015611	 	0.0233162	 	
345000	-1.99716	 	1595.49	 	0.999277	 	399.423	 	0.999277	 	99911	 	0.00156068	 	0.0233106	 	
346000	-1.99716	 	1595.49	 	0.999277	 	399.423	 	0.999277	 	100202	 	0.00156112	 	0.0233101	 	
347000	-1.99716	 	1595.49	 	0.999277	 	399.423	 	0.999277	 	100442	 	0.00156014	 	0.0232986	 	
348000	-1.99716	 	1595.49	 	0.999277	 	399.423	 	0.999277	 	100710	 	0.00156064	 	0.0233063	 	
349000	-1.99716	 	1595.49	 	0.999277	 	399.423	 	0.999277	 	101009	 	0.00156101	 	0.0233137	 	
350000	-1.99716	 	1595.49	 	0.999277	 	399.423	 	0.999277	 	101312	 	0.00156076	 	0.0233122	 	
351000	-1.99716	 	1595.49	 	0.999277	 	399.423	 	0.999277	 	101560	 	0.00156055	 	0.0233129	 	
352000	-1.99716	 	1595.49	 	0.999277	 	399.423	 	0.999277	 	101858	 	0.00156105	 	0.0233187	 	
353000	-1.99716	 	1595.49	 	0.999277	 	399.424	 	0.999277	 	102100	 	0.00156014	 	0.0233048	 	
354000	-1.99716	 	1595.49	 	0.999277	 	399.424	 	0.999277	 	102415	 	0.00156025	 	0.023307	 	
355000	-1.99717	 	1595.49	 	0.999278	 	399.424	 	0.999278	 	102699	 	0.0015596	 	0.0232955	 	
356000	-1.99717	 	1595.49	 	0.999277	 	399.424	 	0.999277	 	102992	 	0.00155997	 	0.0233012	 	
357000	-1.99717	 	1595.49	 	0.999277	 	399.424	 	0.999277	 	103268	 	0.00155974	 	0.0233	 	
358000	-1.99717	 	1595.49	 	0.999278	 	399.424	 	0.999278	 	103560	 	0.00155944	 	0.0232963	 	
359000	-1.99717	 	1595.49	 	0.999278	 	399.424	 	0.999278	 	103851	 	0.00155914	 	0.0232927	 	
360000	-1.99716	 	1595.49	 	0.999277	 	399.423	 	0.999277	 	104160	 	0.00156041	 	0.0233148	 	
361000	-1.99717	 	1595.49	 	0.999278	 	399.424	 	0.999278	 	104450	 	0.00156018	 	0.0233089	 	
362000	-1.99716	 	1595.49	 	0.999277	 	399.424	 	0.999277	 	104762	 	0.00156123	 	0.0233203	 	
363000	-1.99716	 	1595.49	 	0.999277	 	399.424	 	0.999277	 	105062	 	0.00156091	 	0.0233176	 	
364000	-1.99717	 	1595.49	 	0.999278	 	399.424	 	0.999278	 	105342	 	0.00156048	 	0.0233104	 	
365000	-1.99717	 	1595.49	 	0.999278	 	399.424	 	0.999278	 	105616	 	0.00156042	 	0.0233078	 	
366000	-1.99717	 	1595.49	 	0.999278	 	399.424	 	0.999278	 	105912	 	0.00155987	 	0.0233001	 	
367000	-1.99717	 	1595.49	 	0.999278	 	399.424	 	0.999278	 	106190	 	0.00155916	 	0.0232918	 	
368000	-1.99717	 	1595.5	 	0.999278	 	399.424	 	0.999278	 	106466	 	0.00155928	 	0.0232908	 	
369000	-1.99717	 	1595.5	 	0.999278	 	399.424	 	0.999278	 	106730	 	0.00155875	 	0.0232839	 	
370000	-1.99717	 	1595.49	 	0.999278	 	399.424	 	0.999278	 	107012	 	0.00155979	 	0.0232994	 	
371000	-1.99717	 	1595.49	 	0.999278	 	399.424	 	0.999278	 	107318	 	0.00156043	 	0.0233053	 	
372000	-1.99717	 	1595.5	 	0.999278	 	399.424	 	0.999278	 	107598	 	0.00156036	 	0.0233003	 	
373000	-1.99717	 	1595.5	 	0.999278	 	399.424	 	0.999278	 	107840	 	0.00156026	 	0.0233005	 	
374000	-1.99717	 	1595.5	 	0.999278	 	399.424	 	0.999278	 	108144	 	0.00156011	 	0.0232963	 	
375000	-1.99717	 	1595.5	 	0.999278	 	399.425	 	0.999278	 	108414	 	0.00155966	 	0.0232869	 	
376000	-1.99717	 	1595.5	 	0.999278	 	399.424	 	0.999278	 	108738	 	0.00156101	 	0.0233022	 	
377000	-1.99717	 	1595.5	 	0.999278	 	399.424	 	0.999278	 	109046	 	0.00156061	 	0.0233003	 	
378000	-1.99717	 	1595.5	 	0.999278	 	399.424	 	0.999278	 	109316	 	0.00156042	 	0.0233003	 	
379000	-1.99717	 	1595.5	 	0.999278	 	399.424	 	0.999278	 	109614	 	0.00156042	 	0.0233017	 	
380000	-1.99717	 	1595.5	 	0.999278	 	399.424	 	0.999278	 	109864	 	0.00156022	 	0.023299	 	
381000	-1.99717	 	1595.5	 	0.999278	 	399.424	 	0.999278	 	110160	 	0.00156071	 	0.0233072	 	
382000	-1.99717	 	1595.5	 	0.999278	 	399.424	 	0.999278	 	110476	 	0.00156054	 	0.0233055	 	
383000	-1.99717	 	1595.5	 	0.999278	 	399.424	 	0.999278	 	110772	 	0.00156052	 	0.0233084	 	
384000	-1.99717	 	1595.5	 	0.999278	 	399.424	 	0.999278	 	111070	 	0.0015608	 	0.0233127	 	
385000	-1.99717	 	1595.5	 	0.999278	 	399.424	 	0.999278	 	111346	 	0.00156061	 	0.0233116	 	
386000	-1.99717	 	1595.5	 	0.999279	 	399.425	 	0.999279	 	111604	 	0.00155968	 	0.0232995	 	
387000	-1.99717	 	1595.5	 	0.999279	 	399.425	 	0.999279	 	111860	 	0.0015586	 	0.0232847	 	
388000	-1.99717	 	1595.5	 	0.999279	 	399.425	 	0.999279	 	112126	 	0.00155831	 	0.0232813	 	
389000	-1.99717	 	1595.5	 	0.999279	 	399.425	 	0.999279	 	112452	 	0.00155869	 	0.0232897	 	
390000	-1.99717	 	1595.5	 	0.999279	 	399.425	 	0.999279	 	112756	 	0.00155825	 	0.0232845	 	
391000	-1.99717	 	1595.5	 	0.999279	 	399.425	 	0.999279	 	113018	 	0.00155761	 	0.023275	 	
392000	-1.99717	 	1595.5	 	0.999279	 	399.425	 	0.999279	 	113294	 	0.0015581	 	0.0232813	 	
393000	-1.99717	 	1595.5	 	0.999279	 	399.425	 	0.999279	 	113587	 	0.00155779	 	0.0232799	 	
394000	-1.99717	 	1595.5	 	0.999279	 	399.425	 	0.999279	 	113892	 	0.00155793	 	0.0232812	 	
395000	-1.99717	 	1595.5	 	0.999279	 	399.425	 	0.999279	 	114172	 	0.00155797	 	0.0232802	 	
396000	-1.99717	 	1595.5	 	0.999279	 	399.425	 	0.999279	 	114406	 	0.00155668	 	0.0232629	 	
397000	-1.99717	 	1595.5	 	0.99928	 	399.425	 	0.99928	 	114678	 	0.00155605	 	0.0232557	 	
398000	-1.99717	 	1595.5	 	0.999279	 	399.425	 	0.999279	 	114998	 	0.00155676	 	0.0232692	 	
399000	-1.99717	 	1595.5	 	0.999279	 	399.425	 	0.999279	 	115270	 	0.00155668	 	0.0232678	 	
400000	-1.99717	 	1595.5	 	0.999279	 	399.425	 	0.999279	 	115542	 	0.00155636	 	0.0232622	 	
401000	-1.99717	 	1595.5	 	0.999279	 	399.425	 	0.999279	 	115846	 	0.00155684	 	0.0232651	 	
402000	-1.99717	 	1595.51	 	0.99928	 	399.426	 	0.99928	 	116069	 	0.00155581	 	0.0232513	 	
403000	-1.99717	 	1595.5	 	0.99928	 	399.425	 	0.99928	 	116346	 	0.00155609	 	0.0232575	 	
404000	-1.99718	 	1595.51	 	0.99928	 	399.426	 	0.99928	 	116634	 	0.00155497	 	0.0232435	 	
405000	-1.99717	 	1595.5	 	0.99928	 	399.425	 	0.99928	 	116960	 	0.00155581	 	0.0232587	 	
406000	-1.99717	 	1595.5	 	0.99928	 	399.426	 	0.99928	 	117236	 	0.00155564	 	0.0232568	 	
407000	-1.99717	 	1595.5	 	0.99928	 	399.425	 	0.99928	 	117562	 	0.00155605	 	0.023262	 	
408000	-1.99718	 	1595.51	 	0.99928	 	399.426	 	0.99928	 	117800	 	0.00155472	 	0.023244	 	
409000	-1.99717	 	1595.51	 	0.99928	 	399.426	 	0.99928	 	118094	 	0.00155438	 	0.0232419	 	
410000	-1.99718	 	1595.51	 	0.99928	 	399.426	 	0.99928	 	118332	 	0.00155402	 	0.0232358	 	
411000	-1.99718	 	1595.51	 	0.99928	 	399.426	 	0.99928	 	118670	 	0.00155405	 	0.0232385	 	
412000	-1.99718	 	1595.51	 	0.99928	 	399.426	 	0.99928	 	118945	 	0.00155387	 	0.0232361	 	
413000	-1.99718	 	1595.51	 	0.99928	 	399.426	 	0.99928	 	119194	 	0.00155337	 	0.0232304	 	
414000	-1.99718	 	1595.51	 	0.999281	 	399.426	 	0.999281	 	119438	 	0.0015524	 	0.023217	 	
415000	-1.99718	 	1595.51	 	0.999281	 	399.426	 	0.999281	 	119776	 	0.00155285	 	0.0232217	 	
416000	-1.99718	 	1595.51	 	0.999281	 	399.426	 	0.999281	 	120054	 	0.00155232	 	0.0232131	 	
417000	-1.99718	 	1595.51	 	0.999281	 	399.426	 	0.999281	 	120350	 	0.00155245	 	0.0232169	 	
418000	-1.99718	 	1595.51	 	0.999281	 	399.426	 	0.999281	 	120630	 	0.00155173	 	0.0232079	 	
419000	-1.99718	 	1595.51	 	0.999281	 	399.426	 	0.999281	 	120931	 	0.00155182	 	0.0232074	 	
420000	-1.99718	 	1595.51	 	0.99928	 	399.426	 	0.99928	 	121258	 	0.0015529	 	0.0232205	 	
421000	-1.99718	 	1595.51	 	0.99928	 	399.426	 	0.99928	 	121558	 	0.00155314	 	0.023224	 	
422000	-1.99717	 	1595.5	 	0.99928	 	399.426	 	0.99928	 	121898	 	0.00155433	 	0.0232382	 	
423000	-1.99717	 	1595.51	 	0.99928	 	399.426	 	0.99928	 	122200	 	0.00155344	 	0.0232264	 	
424000	-1.99717	 	1595.51	 	0.99928	 	399.426	 	0.99928	 	122494	 	0.00155413	 	0.0232365	 	
425000	-1.99717	 	1595.51	 	0.99928	 	399.426	 	0.99928	 	122752	 	0.00155396	 	0.0232335	 	
426000	-1.99717	 	1595.5	 	0.99928	 	399.426	 	0.99928	 	123043	 	0.00155459	 	0.0232419	 	
427000	-1.99717	 	1595.5	 	0.99928	 	399.425	 	0.99928	 	123344	 	0.00155505	 	0.0232451	 	
428000	-1.99717	 	1595.5	 	0.99928	 	399.425	 	0.99928	 	123648	 	0.00155488	 	0.0232428	 	
429000	-1.99717	 	1595.5	 	0.999279	 	399.425	 	0.999279	 	123962	 	0.00155599	 	0.023255	 	
430000	-1.99717	 	1595.5	 	0.999279	 	399.425	 	0.999279	 	124236	 	0.00155589	 	0.0232548	 	
431000	-1.99717	 	1595.5	 	0.99928	 	399.425	 	0.99928	 	124502	 	0.00155488	 	0.0232394	 	
432000	-1.99717	 	1595.5	 	0.999279	 	399.425	 	0.999279	 	124796	 	0.00155515	 	0.0232429	 	
433000	-1.99717	 	1595.5	 	0.999279	 	399.425	 	0.999279	 	125106	 	0.00155614	 	0.023255	 	
434000	-1.99717	 	1595.5	 	0.999279	 	399.425	 	0.999279	 	125396	 	0.00155694	 	0.0232623	 	
435000	-1.99717	 	1595.5	 	0.999279	 	399.425	 	0.999279	 	125688	 	0.00155671	 	0.0232577	 	
436000	-1.99717	 	1595.5	 	0.999279	 	399.425	 	0.999279	 	125996	 	0.00155672	 	0.0232575	 	
437000	-1.99717	 	1595.5	 	0.999279	 	399.425	 	0.999279	 	126292	 	0.0015571	 	0.0232633	 	
438000	-1.99717	 	1595.5	 	0.999279	 	399.425	 	0.999279	 	126590	 	0.00155716	 	0.0232657	 	
439000	-1.99717	 	1595.5	 	0.999279	 	399.425	 	0.999279	 	126860	 	0.00155677	 	0.0232633	 	
440000	-1.99717	 	1595.5	 	0.999279	 	399.425	 	0.999279	 	127092	 	0.00155627	 	0.0232554	 	
441000	-1.99717	 	1595.5	 	0.999279	 	399.425	 	0.999279	 	127408	 	0.00155638	 	0.0232597	 	
442000	-1.99717	 	1595.5	 	0.999278	 	399.425	 	0.999278	 	127754	 	0.00155788	 	0.0232816	 	
443000	-1.99717	 	1595.5	 	0.999278	 	399.424	 	0.999278	 	128061	 	0.00155852	 	0.0232914	 	
444000	-1.99717	 	1595.49	 	0.999278	 	399.424	 	0.999278	 	128374	 	0.00155944	 	0.0233025	 	
445000	-1.99717	 	1595.49	 	0.999278	 	399.424	 	0.999278	 	128692	 	0.00156034	 	0.0233143	 	
446000	-1.99717	 	1595.49	 	0.999278	 	399.424	 	0.999278	 	128955	 	0.0015597	 	0.023306	 	
447000	-1.99717	 	1595.49	 	0.999278	 	399.424	 	0.999278	 	129252	 	0.00156029	 	0.0233122	 	
448000	-1.99717	 	1595.49	 	0.999278	 	399.424	 	0.999278	 	129572	 	0.00156062	 	0.0233177	 	
449000	-1.99716	 	1595.49	 	0.999277	 	399.423	 	0.999277	 	129890	 	0.00156154	 	0.0233305	 	
450000	-1.99716	 	1595.49	 	0.999277	 	399.423	 	0.999277	 	130228	 	0.00156202	 	0.0233365	 	
451000	-1.99716	 	1595.49	 	0.999277	 	399.423	 	0.999277	 	130502	 	0.00156137	 	0.0233285	 	
452000	-1.99716	 	1595.49	 	0.999277	 	399.424	 	0.999277	 	130754	 	0.00156027	 	0.0233128	 	
453000	-1.99716	 	1595.49	 	0.999277	 	399.424	 	0.999277	 	131075	 	0.00156005	 	0.02331	 	
454000	-1.99717	 	1595.49	 	0.999277	 	399.424	 	0.999277	 	131351	 	0.00155975	 	0.023306	 	
455000	-1.99717	 	1595.49	 	0.999277	 	399.424	 	0.999277	 	131650	 	0.0015597	 	0.0233045	 	
456000	-1.99717	 	1595.49	 	0.999278	 	399.424	 	0.999278	 	131912	 	0.00155925	 	0.0232992	 	
457000	-1.99717	 	1595.49	 	0.999278	 	399.424	 	0.999278	 	132194	 	0.00155874	 	0.0232925	 	
458000	-1.99716	 	1595.49	 	0.999277	 	399.424	 	0.999277	 	132566	 	0.0015596	 	0.0233073	 	
459000	-1.99716	 	1595.49	 	0.999277	 	399.424	 	0.999277	 	132842	 	0.00155916	 	0.0233016	 	
460000	-1.99717	 	1595.49	 	0.999278	 	399.424	 	0.999278	 	133108	 	0.00155862	 	0.0232959	 	
461000	-1.99717	 	1595.49	 	0.999277	 	399.424	 	0.999277	 	133400	 	0.00155935	 	0.0233017	 	
462000	-1.99716	 	1595.49	 	0.999277	 	399.424	 	0.999277	 	133712	 	0.00155976	 	0.0233044	 	
463000	-1.99716	 	1595.49	 	0.999277	 	399.423	 	0.999277	 	134014	 	0.00155991	 	0.0233081	 	
464000	-1.99717	 	1595.49	 	0.999277	 	399.424	 	0.999277	 	134252	 	0.00155929	 	0.0232977	 	
465000	-1.99717	 	1595.49	 	0.999278	 	399.424	 	0.999278	 	134546	 	0.00155865	 	0.0232898	 	
466000	-1.99717	 	1595.49	 	0.999278	 	399.424	 	0.999278	 	134828	 	0.00155841	 	0.0232879	 	
467000	-1.99717	 	1595.49	 	0.999278	 	399.424	 	0.999278	 	135104	 	0.00155798	 	0.0232845	 	
468000	-1.99717	 	1595.49	 	0.999278	 	399.424	 	0.999278	 	135414	 	0.00155764	 	0.023281	 	
469000	-1.99717	 	1595.49	 	0.999278	 	399.424	 	0.999278	 	135668	 	0.00155763	 	0.0232809	 	
470000	-1.99717	 	1595.49	 	0.999278	 	399.424	 	0.999278	 	135932	 	0.00155712	 	0.0232747	 	
471000	-1.99717	 	1595.49	 	0.999278	 	399.424	 	0.999278	 	136235	 	0.00155762	 	0.0232825	 	
472000	-1.99717	 	1595.49	 	0.999278	 	399.424	 	0.999278	 	136538	 	0.00155746	 	0.0232817	 	
473000	-1.99717	 	1595.49	 	0.999278	 	399.424	 	0.999278	 	136808	 	0.00155649	 	0.023268	 	
474000	-1.99717	 	1595.49	 	0.999278	 	399.424	 	0.999278	 	137102	 	0.00155732	 	0.0232796	 	
475000	-1.99717	 	1595.49	 	0.999278	 	399.424	 	0.999278	 	137416	 	0.00155719	 	0.0232756	 	
476000	-1.99717	 	1595.49	 	0.999278	 	399.424	 	0.999278	 	137697	 	0.00155675	 	0.0232703	 	
477000	-1.99717	 	1595.49	 	0.999278	 	399.424	 	0.999278	 	137958	 	0.00155655	 	0.0232668	 	
478000	-1.99717	 	1595.5	 	0.999278	 	399.424	 	0.999278	 	138224	 	0.00155632	 	0.0232616	 	
479000	-1.99717	 	1595.49	 	0.999278	 	399.424	 	0.999278	 	138540	 	0.00155715	 	0.0232737	 	
480000	-1.99717	 	1595.49	 	0.999278	 	399.424	 	0.999278	 	138830	 	0.00155748	 	0.0232788	 	
481000	-1.99717	 	1595.5	 	0.999278	 	399.424	 	0.999278	 	139092	 	0.00155687	 	0.0232684	 	
482000	-1.99717	 	1595.5	 	0.999278	 	399.424	 	0.999278	 	139378	 	0.00155656	 	0.0232652	 	
483000	-1.99717	 	1595.5	 	0.999278	 	399.424	 	0.999278	 	139663	 	0.00155671	 	0.0232684	 	
484000	-1.99717	 	1595.5	 	0.999278	 	399.424	 	0.999278	 	139935	 	0.00155666	 	0.0232666	 	
485000	-1.99717	 	1595.5	 	0.999278	 	399.424	 	0.999278	 	140222	 	0.00155658	 	0.0232653	 	
486000	-1.99717	 	1595.5	 	0.999278	 	399.424	 	0.999278	 	140514	 	0.00155645	 	0.0232638	 	
487000	-1.99717	 	1595.5	 	0.999279	 	399.425	 	0.999279	 	140774	 	0.00155633	 	0.0232628	 	
488000	-1.99717	 	1595.5	 	0.999279	 	399.425	 	0.999279	 	141072	 	0.00155626	 	0.0232624	 	
489000	-1.99717	 	1595.5	 	0.999279	 	399.425	 	0.999279	 	141368	 	0.00155593	 	0.0232578	 	
490000	-1.99717	 	1595.5	 	0.999278	 	399.424	 	0.999278	 	141696	 	0.00155697	 	0.0232746	 	
491000	-1.99717	 	1595.5	 	0.999278	 	399.424	 	0.999278	 	142034	 	0.00155704	 	0.0232765	 	
492000	-1.99717	 	1595.49	 	0.999278	 	399.424	 	0.999278	 	142361	 	0.00155749	 	0.0232841	 	
493000	-1.99717	 	1595.5	 	0.999278	 	399.424	 	0.999278	 	142652	 	0.00155693	 	0.0232765	 	
494000	-1.99717	 	1595.5	 	0.999278	 	399.425	 	0.999278	 	142926	 	0.00155628	 	0.0232678	 	
495000	-1.99717	 	1595.5	 	0.999279	 	399.425	 	0.999279	 	143171	 	0.00155614	 	0.0232665	 	
496000	-1.99717	 	1595.49	 	0.999278	 	399.424	 	0.999278	 	143513	 	0.00155695	 	0.0232795	 	
497000	-1.99717	 	1595.49	 	0.999278	 	399.424	 	0.999278	 	143826	 	0.00155671	 	0.0232759	 	
498000	-1.99717	 	1595.49	 	0.999278	 	399.424	 	0.999278	 	144138	 	0.00155729	 	0.0232814	 	
499000	-1.99717	 	1595.49	 	0.999278	 	399.424	 	0.999278	 	144398	 	0.00155744	 	0.0232856	 	
500000	-1.99717	 	1595.49	 	0.999278	 	399.424	 	0.999278	 	144694	 	0.00155723	 	0.0232841	 	
501000	-1.99717	 	1595.5	 	0.999278	 	399.424	 	0.999278	 	144958	 	0.00155674	 	0.0232776	 	
502000	-1.99717	 	1595.5	 	0.999278	 	399.424	 	0.999278	 	145252	 	0.00155664	 	0.0232768	 	
503000	-1.99717	 	1595.49	 	0.999278	 	399.424	 	0.999278	 	145546	 	0.00155705	 	0.0232851	 	
504000	-1.99717	 	1595.5	 	0.999278	 	399.424	 	0.999278	 	145810	 	0.00155655	 	0.0232775	 	
505000	-1.99717	 	1595.5	 	0.999278	 	399.424	 	0.999278	 	146096	 	0.00155665	 	0.0232785	 	
506000	-1.99717	 	1595.49	 	0.999278	 	399.424	 	0.999278	 	146410	 	0.00155678	 	0.0232806	 	
507000	-1.99717	 	1595.5	 	0.999278	 	399.424	 	0.999278	 	146653	 	0.00155649	 	0.0232759	 	
508000	-1.99717	 	1595.5	 	0.999278	 	399.424	 	0.999278	 	146943	 	0.00155617	 	0.023273	 	
509000	-1.99717	 	1595.5	 	0.999278	 	399.424	 	0.999278	 	147208	 	0.00155645	 	0.0232764	 	
510000	-1.99717	 	1595.5	 	0.999278	 	399.424	 	0.999278	 	147490	 	0.00155589	 	0.0232692	 	
511000	-1.99717	 	1595.5	 	0.999279	 	399.425	 	0.999279	 	147792	 	0.0015555	 	0.023264	 	
512000	-1.99717	 	1595.5	 	0.999278	 	399.424	 	0.999278	 	148070	 	0.00155585	 	0.023269	 	
513000	-1.99717	 	1595.5	 	0.999278	 	399.425	 	0.999278	 	148337	 	0.00155569	 	0.0232661	 	
514000	-1.99717	 	1595.5	 	0.999278	 	399.424	 	0.999278	 	148648	 	0.00155645	 	0.0232771	 	
515000	-1.99717	 	1595.5	 	0.999279	 	399.425	 	0.999279	 	148876	 	0.00155589	 	0.0232657	 	
516000	-1.99717	 	1595.5	 	0.999279	 	399.425	 	0.999279	 	149130	 	0.0015551	 	0.0232561	 	
517000	-1.99717	 	1595.5	 	0.999279	 	399.425	 	0.999279	 	149432	 	0.00155525	 	0.0232542	 	
518000	-1.99717	 	1595.5	 	0.999279	 	399.425	 	0.999279	 	149690	 	0.00155481	 	0.0232484	 	
519000	-1.99717	 	1595.5	 	0.999279	 	399.425	 	0.999279	 	149949	 	0.00155431	 	0.0232418	 	
520000	-1.99717	 	1595.5	 	0.999279	 	399.425	 	0.999279	 	150258	 	0.00155462	 	0.0232471	 	
521000	-1.99717	 	1595.5	 	0.999279	 	399.425	 	0.999279	 	150568	 	0.00155489	 	0.0232495	 	
522000	-1.99717	 	1595.5	 	0.999279	 	399.425	 	0.999279	 	150826	 	0.00155451	 	0.0232451	 	
523000	-1.99717	 	1595.5	 	0.999279	 	399.425	 	0.999279	 	151148	 	0.00155538	 	0.0232563	 	
524000	-1.99717	 	1595.5	 	0.999279	 	399.425	 	0.999279	 	151416	 	0.0015551	 	0.0232531	 	
525000	-1.99717	 	1595.5	 	0.999279	 	399.425	 	0.999279	 	151674	 	0.00155472	 	0.023249	 	
526000	-1.99717	 	1595.5	 	0.99928	 	399.425	 	0.99928	 	151950	 	0.00155438	 	0.0232456	 	
527000	-1.99717	 	1595.5	 	0.99928	 	399.426	 	0.99928	 	152262	 	0.0015543	 	0.0232436	 	
528000	-1.99717	 	1595.5	 	0.99928	 	399.426	 	0.99928	 	152512	 	0.00155383	 	0.0232374	 	
529000	-1.99717	 	1595.5	 	0.99928	 	399.426	 	0.99928	 	152786	 	0.00155425	 	0.0232382	 	
530000	-1.99717	 	1595.51	 	0.99928	 	399.426	 	0.99928	 	153096	 	0.00155387	 	0.0232347	 	
531000	-1.99717	 	1595.51	 	0.99928	 	399.426	 	0.99928	 	153380	 	0.00155379	 	0.0232328	 	
532000	-1.99718	 	1595.51	 	0.99928	 	399.426	 	0.99928	 	153638	 	0.00155327	 	0.0232245	 	
533000	-1.99718	 	1595.51	 	0.99928	 	399.426	 	0.99928	 	153934	 	0.00155356	 	0.0232285	 	
534000	-1.99718	 	1595.51	 	0.99928	 	399.426	 	0.99928	 	154196	 	0.00155361	 	0.023227	 	
535000	-1.99718	 	1595.51	 	0.99928	 	399.426	 	0.99928	 	154438	 	0.00155343	 	0.0232229	 	
536000	-1.99718	 	1595.51	 	0.99928	 	399.426	 	0.99928	 	154756	 	0.00155315	 	0.0232196	 	
537000	-1.99717	 	1595.51	 	0.99928	 	399.426	 	0.99928	 	155102	 	0.00155393	 	0.0232317	 	
538000	-1.99718	 	1595.51	 	0.99928	 	399.426	 	0.99928	 	155404	 	0.00155376	 	0.0232258	 	
539000	-1.99717	 	1595.51	 	0.99928	 	399.426	 	0.99928	 	155724	 	0.00155396	 	0.0232298	 	
540000	-1.99718	 	1595.51	 	0.99928	 	399.426	 	0.99928	 	155974	 	0.00155325	 	0.0232205	 	
541000	-1.99718	 	1595.51	 	0.99928	 	399.426	 	0.99928	 	156254	 	0.00155295	 	0.0232168	 	
542000	-1.99718	 	1595.51	 	0.99928	 	399.426	 	0.99928	 	156491	 	0.00155265	 	0.0232078	 	
543000	-1.99718	 	1595.51	 	0.99928	 	399.426	 	0.99928	 	156833	 	0.00155309	 	0.0232122	 	
544000	-1.99718	 	1595.51	 	0.99928	 	399.426	 	0.99928	 	157110	 	0.00155303	 	0.0232129	 	
545000	-1.99718	 	1595.51	 	0.99928	 	399.426	 	0.99928	 	157418	 	0.00155336	 	0.0232187	 	
546000	-1.99717	 	1595.51	 	0.99928	 	399.426	 	0.99928	 	157726	 	0.00155401	 	0.0232262	 	
547000	-1.99717	 	1595.51	 	0.99928	 	399.426	 	0.99928	 	158004	 	0.00155434	 	0.0232321	 	
548000	-1.99717	 	1595.51	 	0.99928	 	399.426	 	0.99928	 	158272	 	0.00155417	 	0.023229	 	
549000	-1.99717	 	1595.5	 	0.99928	 	399.426	 	0.99928	 	158562	 	0.00155423	 	0.0232292	 	
550000	-1.99717	 	1595.51	 	0.99928	 	399.426	 	0.99928	 	158828	 	0.00155375	 	0.0232236	 	
551000	-1.99717	 	1595.5	 	0.99928	 	399.425	 	0.99928	 	159150	 	0.001554	 	0.0232289	 	
552000	-1.99717	 	1595.5	 	0.99928	 	399.425	 	0.99928	 	159442	 	0.00155437	 	0.0232355	 	
553000	-1.99717	 	1595.51	 	0.99928	 	399.426	 	0.99928	 	159686	 	0.00155362	 	0.0232249	 	
554000	-1.99717	 	1595.51	 	0.99928	 	399.426	 	0.99928	 	159924	 	0.00155341	 	0.0232229	 	
555000	-1.99718	 	1595.51	 	0.99928	 	399.426	 	0.99928	 	160154	 	0.00155284	 	0.0232162	 	
556000	-1.99718	 	1595.51	 	0.99928	 	399.426	 	0.99928	 	160418	 	0.0015522	 	0.0232076	 	
557000	-1.99718	 	1595.51	 	0.999281	 	399.426	 	0.999281	 	160708	 	0.00155207	 	0.0232067	 	
558000	-1.99718	 	1595.51	 	0.999281	 	399.426	 	0.999281	 	161015	 	0.00155232	 	0.0232101	 	
559000	-1.99718	 	1595.51	 	0.99928	 	399.426	 	0.99928	 	161305	 	0.00155246	 	0.0232131	 	
560000	-1.99718	 	1595.51	 	0.99928	 	399.426	 	0.99928	 	161610	 	0.00155243	 	0.0232147	 	
561000	-1.99718	 	1595.51	 	0.999281	 	399.426	 	0.999281	 	161872	 	0.00155181	 	0.0232045	 	
562000	-1.99718	 	1595.51	 	0.99928	 	399.426	 	0.99928	 	162149	 	0.00155264	 	0.0232157	 	
563000	-1.99718	 	1595.51	 	0.999281	 	399.426	 	0.999281	 	162422	 	0.00155203	 	0.0232067	 	
564000	-1.99718	 	1595.51	 	0.999281	 	399.426	 	0.999281	 	162704	 	0.00155183	 	0.0232041	 	
565000	-1.99718	 	1595.51	 	0.99928	 	399.426	 	0.99928	 	162977	 	0.00155211	 	0.0232076	 	
566000	-1.99718	 	1595.51	 	0.999281	 	399.426	 	0.999281	 	163218	 	0.00155158	 	0.0232005	 	
567000	-1.99718	 	1595.51	 	0.999281	 	399.426	 	0.999281	 	163464	 	0.00155137	 	0.0231964	 	
568000	-1.99718	 	1595.51	 	0.999281	 	399.426	 	0.999281	 	163782	 	0.00155158	 	0.0231987	 	
569000	-1.99718	 	1595.51	 	0.999281	 	399.426	 	0.999281	 	164048	 	0.00155115	 	0.0231924	 	
570000	-1.99718	 	1595.51	 	0.999281	 	399.427	 	0.999281	 	164298	 	0.00155093	 	0.0231894	 	
571000	-1.99718	 	1595.51	 	0.999281	 	399.427	 	0.999281	 	164542	 	0.00155042	 	0.0231827	 	
572000	-1.99718	 	1595.51	 	0.999281	 	399.427	 	0.999281	 	164822	 	0.00155079	 	0.0231875	 	
573000	-1.99718	 	1595.51	 	0.999281	 	399.426	 	0.999281	 	165154	 	0.00155098	 	0.0231885	 	
574000	-1.99718	 	1595.51	 	0.999281	 	399.427	 	0.999281	 	165395	 	0.00155091	 	0.023185	 	
575000	-1.99718	 	1595.51	 	0.999281	 	399.427	 	0.999281	 	165674	 	0.00155049	 	0.0231805	 	
576000	-1.99718	 	1595.51	 	0.999281	 	399.427	 	0.999281	 	165962	 	0.00155017	 	0.0231759	 	
577000	-1.99718	 	1595.52	 	0.999282	 	399.427	 	0.999282	 	166164	 	0.00154911	 	0.0231618	 	
578000	-1.99718	 	1595.52	 	0.999282	 	399.427	 	0.999282	 	166424	 	0.00154877	 	0.0231574	 	
579000	-1.99718	 	1595.52	 	0.999282	 	399.427	 	0.999282	 	166744	 	0.00154887	 	0.0231599	 	
580000	-1.99718	 	1595.52	 	0.999282	 	399.427	 	0.999282	 	166992	 	0.00154902	 	0.0231635	 	
581000	-1.99718	 	1595.52	 	0.999282	 	399.427	 	0.999282	 	167270	 	0.00154913	 	0.0231644	 	
582000	-1.99718	 	1595.52	 	0.999282	 	399.427	 	0.999282	 	167572	 	0.00154935	 	0.0231667	 	
583000	-1.99718	 	1595.52	 	0.999282	 	399.427	 	0.999282	 	167844	 	0.00154942	 	0.0231667	 	
584000	-1.99718	 	1595.52	 	0.999282	 	399.427	 	0.999282	 	168153	 	0.00154945	 	0.0231687	 	
585000	-1.99718	 	1595.52	 	0.999282	 	399.427	 	0.999282	 	168418	 	0.00154894	 	0.0231628	 	
586000	-1.99718	 	1595.52	 	0.999282	 	399.427	 	0.999282	 	168694	 	0.00154912	 	0.0231654	 	
587000	-1.99718	 	1595.52	 	0.999282	 	399.427	 	0.999282	 	168970	 	0.00154861	 	0.0231586	 	
588000	-1.99718	 	1595.52	 	0.999282	 	399.427	 	0.999282	 	169286	 	0.00154877	 	0.023159	 	
589000	-1.99718	 	1595.52	 	0.999282	 	399.427	 	0.999282	 	169596	 	0.00154913	 	0.0231643	 	
590000	-1.99718	 	1595.52	 	0.999282	 	399.427	 	0.999282	 	169894	 	0.00154907	 	0.0231644	 	
591000	-1.99718	 	1595.52	 	0.999282	 	399.427	 	0.999282	 	170126	 	0.00154853	 	0.0231579	 	
592000	-1.99718	 	1595.52	 	0.999282	 	399.427	 	0.999282	 	170422	 	0.00154842	 	0.0231571	 	
593000	-1.99718	 	1595.51	 	0.999281	 	399.427	 	0.999281	 	170735	 	0.00154929	 	0.0231688	 	
594000	-1.99718	 	1595.52	 	0.999282	 	399.427	 	0.999282	 	171038	 	0.00154907	 	0.0231658	 	
595000	-1.99718	 	1595.52	 	0.999282	 	399.427	 	0.999282	 	171307	 	0.00154854	 	0.0231593	 	
596000	-1.99718	 	1595.52	 	0.999282	 	399.427	 	0.999282	 	171548	 	0.00154783	 	0.0231497	 	
597000	-1.99718	 	1595.52	 	0.999282	 	399.427	 	0.999282	 	171868	 	0.00154829	 	0.0231547	 	
598000	-1.99718	 	1595.52	 	0.999282	 	399.427	 	0.999282	 	172134	 	0.0015483	 	0.0231472	 	
599000	-1.99718	 	1595.52	 	0.999282	 	399.427	 	0.999282	 	172438	 	0.00154809	 	0.0231451	 	
600000	-1.99718	 	1595.52	 	0.999282	 	399.427	 	0.999282	 	172727	 	0.0015477	 	0.0231403	 	
601000	-1.99718	 	1595.52	 	0.999282	 	399.428	 	0.999282	 	172970	 	0.00154729	 	0.0231339	 	
602000	-1.99718	 	1595.52	 	0.999282	 	399.427	 	0.999282	 	173296	 	0.00154788	 	0.0231393	 	
603000	-1.99718	 	1595.52	 	0.999282	 	399.428	 	0.999282	 	173532	 	0.0015478	 	0.0231378	 	
604000	-1.99718	 	1595.52	 	0.999282	 	399.428	 	0.999282	 	173844	 	0.00154781	 	0.0231397	 	
605000	-1.99718	 	1595.52	 	0.999282	 	399.428	 	0.999282	 	174132	 	0.00154781	 	0.0231373	 	
606000	-1.99718	 	1595.52	 	0.999282	 	399.427	 	0.999282	 	174412	 	0.00154819	 	0.0231407	 	
607000	-1.99718	 	1595.52	 	0.999282	 	399.427	 	0.999282	 	174716	 	0.00154812	 	0.0231389	 	
608000	-1.99718	 	1595.52	 	0.999282	 	399.427	 	0.999282	 	175060	 	0.0015493	 	0.0231546	 	
609000	-1.99718	 	1595.52	 	0.999282	 	399.427	 	0.999282	 	175314	 	0.0015488	 	0.0231469	 	
610000	-1.99718	 	1595.52	 	0.999282	 	399.427	 	0.999282	 	175580	 	0.00154846	 	0.0231421	 	
611000	-1.99718	 	1595.52	 	0.999282	 	399.427	 	0.999282	 	175867	 	0.00154851	 	0.0231422	 	
612000	-1.99718	 	1595.52	 	0.999282	 	399.427	 	0.999282	 	176124	 	0.00154832	 	0.0231406	 	
613000	-1.99718	 	1595.52	 	0.999282	 	399.427	 	0.999282	 	176396	 	0.00154822	 	0.0231392	 	
614000	-1.99718	 	1595.52	 	0.999282	 	399.428	 	0.999282	 	176666	 	0.00154763	 	0.0231316	 	
615000	-1.99718	 	1595.52	 	0.999282	 	399.427	 	0.999282	 	176966	 	0.00154813	 	0.0231369	 	
616000	-1.99718	 	1595.52	 	0.999282	 	399.427	 	0.999282	 	177266	 	0.0015484	 	0.0231396	 	
617000	-1.99718	 	1595.52	 	0.999282	 	399.427	 	0.999282	 	177576	 	0.00154869	 	0.0231426	 	
618000	-1.99718	 	1595.52	 	0.999282	 	399.427	 	0.999282	 	177874	 	0.001549	 	0.0231493	 	
619000	-1.99718	 	1595.52	 	0.999282	 	399.427	 	0.999282	 	178212	 	0.00154949	 	0.0231549	 	
620000	-1.99718	 	1595.52	 	0.999282	 	399.427	 	0.999282	 	178472	 	0.00154958	 	0.0231564	 	
621000	-1.99718	 	1595.52	 	0.999281	 	399.427	 	0.999281	 	178792	 	0.00155026	 	0.0231674	 	
622000	-1.99718	 	1595.52	 	0.999281	 	399.427	 	0.999281	 	179102	 	0.00155051	 	0.0231719	 	
623000	-1.99718	 	1595.52	 	0.999281	 	399.427	 	0.999281	 	179408	 	0.00155013	 	0.0231673	 	
624000	-1.99718	 	1595.52	 	0.999281	 	399.427	 	0.999281	 	179698	 	0.00154987	 	0.0231645	 	
625000	-1.99718	 	1595.52	 	0.999281	 	399.427	 	0.999281	 	179984	 	0.00154993	 	0.023165	 	
626000	-1.99718	 	1595.51	 	0.999281	 	399.427	 	0.999281	 	180270	 	0.00155003	 	0.0231661	 	
627000	-1.99718	 	1595.52	 	0.999281	 	399.427	 	0.999281	 	180562	 	0.00155	 	0.0231669	 	
628000	-1.99718	 	1595.51	 	0.999281	 	399.427	 	0.999281	 	180904	 	0.00155111	 	0.0231799	 	
629000	-1.99718	 	1595.51	 	0.999281	 	399.427	 	0.999281	 	181198	 	0.00155132	 	0.0231816	 	
630000	-1.99718	 	1595.51	 	0.999281	 	399.426	 	0.999281	 	181480	 	0.00155157	 	0.0231853	 	
631000	-1.99718	 	1595.51	 	0.999281	 	399.426	 	0.999281	 	181772	 	0.00155188	 	0.0231873	 	
632000	-1.99718	 	1595.51	 	0.999281	 	399.426	 	0.999281	 	182080	 	0.00155179	 	0.023188	 	
633000	-1.99718	 	1595.51	 	0.999281	 	399.427	 	0.999281	 	182337	 	0.00155117	 	0.0231799	 	
634000	-1.99718	 	1595.51	 	0.999281	 	399.427	 	0.999281	 	182610	 	0.00155075	 	0.0231729	 	
635000	-1.99718	 	1595.51	 	0.999281	 	399.427	 	0.999281	 	182926	 	0.00155096	 	0.0231761	 	
636000	-1.99718	 	1595.51	 	0.999281	 	399.427	 	0.999281	 	183260	 	0.00155137	 	0.0231817	 	
637000	-1.99718	 	1595.51	 	0.999281	 	399.426	 	0.999281	 	183600	 	0.00155173	 	0.023186	 	
638000	-1.99718	 	1595.51	 	0.999281	 	399.426	 	0.999281	 	183888	 	0.00155156	 	0.0231842	 	
639000	-1.99718	 	1595.51	 	0.999281	 	399.427	 	0.999281	 	184156	 	0.00155104	 	0.0231775	 	
640000	-1.99718	 	1595.51	 	0.999281	 	399.426	 	0.999281	 	184490	 	0.00155141	 	0.0231832	 	
641000	-1.99718	 	1595.51	 	0.999281	 	399.426	 	0.999281	 	184746	 	0.00155169	 	0.023187	 	
642000	-1.99718	 	1595.51	 	0.999281	 	399.426	 	0.999281	 	185068	 	0.00155202	 	0.0231921	 	
643000	-1.99718	 	1595.51	 	0.99928	 	399.426	 	0.99928	 	185352	 	0.0015521	 	0.0231935	 	
644000	-1.99718	 	1595.51	 	0.999281	 	399.426	 	0.999281	 	185600	 	0.00155167	 	0.0231873	 	
645000	-1.99718	 	1595.51	 	0.999281	 	399.426	 	0.999281	 	185893	 	0.00155154	 	0.0231862	 	
646000	-1.99718	 	1595.51	 	0.999281	 	399.426	 	0.999281	 	186204	 	0.0015515	 	0.0231869	 	
647000	-1.99718	 	1595.51	 	0.999281	 	399.426	 	0.999281	 	186490	 	0.00155154	 	0.0231873	 	
648000	-1.99718	 	1595.51	 	0.999281	 	399.426	 	0.999281	 	186782	 	0.00155142	 	0.0231867	 	
649000	-1.99718	 	1595.51	 	0.999281	 	399.426	 	0.999281	 	187026	 	0.00155096	 	0.0231798	 	
650000	-1.99718	 	1595.51	 	0.999281	 	399.426	 	0.999281	 	187360	 	0.0015516	 	0.0231881	 	
651000	-1.99718	 	1595.51	 	0.999281	 	399.426	 	0.999281	 	187646	 	0.00155168	 	0.0231872	 	
652000	-1.99718	 	1595.51	 	0.999281	 	399.426	 	0.999281	 	187924	 	0.0015517	 	0.0231869	 	
653000	-1.99718	 	1595.51	 	0.999281	 	399.426	 	0.999281	 	188242	 	0.00155207	 	0.0231917	 	
654000	-1.99718	 	1595.51	 	0.999281	 	399.426	 	0.999281	 	188540	 	0.00155207	 	0.0231924	 	
655000	-1.99718	 	1595.51	 	0.999281	 	399.426	 	0.999281	 	188850	 	0.00155234	 	0.0231975	 	
656000	-1.99718	 	1595.51	 	0.999281	 	399.426	 	0.999281	 	189176	 	0.001552	 	0.0231946	 	
657000	-1.99718	 	1595.51	 	0.99928	 	399.426	 	0.99928	 	189484	 	0.00155239	 	0.0231976	 	
658000	-1.99718	 	1595.51	 	0.999281	 	399.426	 	0.999281	 	189730	 	0.001552	 	0.0231938	 	
659000	-1.99718	 	1595.51	 	0.999281	 	399.426	 	0.999281	 	189980	 	0.00155158	 	0.0231888	 	
660000	-1.99718	 	1595.51	 	0.999281	 	399.426	 	0.999281	 	190278	 	0.00155191	 	0.0231943	 	
661000	-1.99718	 	1595.51	 	0.999281	 	399.426	 	0.999281	 	190558	 	0.00155192	 	0.0231947	 	
662000	-1.99718	 	1595.51	 	0.999281	 	399.426	 	0.999281	 	190840	 	0.00155163	 	0.0231897	 	
663000	-1.99718	 	1595.51	 	0.999281	 	399.426	 	0.999281	 	191170	 	0.00155291	 	0.0232003	 	
664000	-1.99718	 	1595.51	 	0.99928	 	399.426	 	0.99928	 	191491	 	0.00155292	 	0.0232011	 	
665000	-1.99718	 	1595.51	 	0.99928	 	399.426	 	0.99928	 	191772	 	0.00155294	 	0.0232024	 	
666000	-1.99718	 	1595.51	 	0.99928	 	399.426	 	0.99928	 	192078	 	0.00155355	 	0.0232086	 	
667000	-1.99718	 	1595.51	 	0.99928	 	399.426	 	0.99928	 	192438	 	0.0015541	 	0.0232133	 	
668000	-1.99718	 	1595.51	 	0.99928	 	399.426	 	0.99928	 	192700	 	0.00155404	 	0.0232128	 	
669000	-1.99718	 	1595.51	 	0.99928	 	399.426	 	0.99928	 	192962	 	0.00155343	 	0.0232047	 	
670000	-1.99718	 	1595.51	 	0.999281	 	399.426	 	0.999281	 	193216	 	0.00155306	 	0.0232002	 	
671000	-1.99718	 	1595.51	 	0.99928	 	399.426	 	0.99928	 	193507	 	0.00155339	 	0.0232067	 	
672000	-1.99718	 	1595.51	 	0.99928	 	399.426	 	0.99928	 	193780	 	0.00155297	 	0.0232017	 	
673000	-1.99718	 	1595.51	 	0.999281	 	399.426	 	0.999281	 	194102	 	0.00155283	 	0.0232004	 	
674000	-1.99718	 	1595.51	 	0.99928	 	399.426	 	0.99928	 	194384	 	0.00155301	 	0.0232029	 	
675000	-1.99718	 	1595.51	 	0.99928	 	399.426	 	0.99928	 	194672	 	0.00155298	 	0.0232027	 	
676000	-1.99718	 	1595.51	 	0.99928	 	399.426	 	0.99928	 	194996	 	0.00155372	 	0.0232135	 	
677000	-1.99718	 	1595.51	 	0.99928	 	399.426	 	0.99928	 	195312	 	0.00155431	 	0.0232228	 	
678000	-1.99718	 	1595.51	 	0.99928	 	399.426	 	0.99928	 	195624	 	0.00155472	 	0.0232285	 	
679000	-1.99718	 	1595.51	 	0.99928	 	399.426	 	0.99928	 	195890	 	0.00155472	 	0.023228	 	
680000	-1.99718	 	1595.51	 	0.99928	 	399.426	 	0.99928	 	196138	 	0.00155419	 	0.0232213	 	
681000	-1.99718	 	1595.51	 	0.99928	 	399.426	 	0.99928	 	196418	 	0.00155436	 	0.0232234	 	
682000	-1.99718	 	1595.51	 	0.99928	 	399.426	 	0.99928	 	196682	 	0.00155371	 	0.0232149	 	
683000	-1.99718	 	1595.51	 	0.99928	 	399.426	 	0.99928	 	196952	 	0.00155394	 	0.0232195	 	
684000	-1.99718	 	1595.51	 	0.99928	 	399.426	 	0.99928	 	197282	 	0.0015546	 	0.0232284	 	
685000	-1.99717	 	1595.5	 	0.99928	 	399.425	 	0.99928	 	197590	 	0.00155555	 	0.0232421	 	
686000	-1.99717	 	1595.5	 	0.99928	 	399.425	 	0.99928	 	197852	 	0.00155536	 	0.0232393	 	
687000	-1.99717	 	1595.5	 	0.99928	 	399.425	 	0.99928	 	198126	 	0.00155531	 	0.0232386	 	
688000	-1.99717	 	1595.5	 	0.99928	 	399.425	 	0.99928	 	198401	 	0.00155542	 	0.0232404	 	
689000	-1.99717	 	1595.5	 	0.99928	 	399.426	 	0.99928	 	198686	 	0.00155507	 	0.0232357	 	
690000	-1.99717	 	1595.5	 	0.999279	 	399.425	 	0.999279	 	198966	 	0.00155545	 	0.0232415	 	
691000	-1.99717	 	1595.5	 	0.999279	 	399.425	 	0.999279	 	199266	 	0.00155615	 	0.0232468	 	
692000	-1.99717	 	1595.5	 	0.99928	 	399.425	 	0.99928	 	199554	 	0.00155562	 	0.0232395	 	
693000	-1.99717	 	1595.5	 	0.999279	 	399.425	 	0.999279	 	199894	 	0.0015563	 	0.0232488	 	
694000	-1.99717	 	1595.5	 	0.999279	 	399.425	 	0.999279	 	200196	 	0.00155634	 	0.02325	 	
695000	-1.99717	 	1595.5	 	0.999279	 	399.425	 	0.999279	 	200478	 	0.00155652	 	0.0232535	 	
696000	-1.99717	 	1595.5	 	0.999279	 	399.425	 	0.999279	 	200720	 	0.00155722	 	0.023252	 	
697000	-1.99717	 	1595.5	 	0.99928	 	399.425	 	0.99928	 	200977	 	0.00155692	 	0.0232467	 	
698000	-1.99717	 	1595.51	 	0.99928	 	399.425	 	0.99928	 	201260	 	0.00155683	 	0.0232454	 	
699000	-1.99717	 	1595.51	 	0.99928	 	399.426	 	0.99928	 	201514	 	0.00155644	 	0.0232402	 	
700000	-1.99717	 	1595.51	 	0.99928	 	399.426	 	0.99928	 	201828	 	0.00155665	 	0.0232434	 	
701000	-1.99717	 	1595.5	 	0.99928	 	399.425	 	0.99928	 	202122	 	0.00155747	 	0.0232505	 	
702000	-1.99717	 	1595.5	 	0.99928	 	399.425	 	0.99928	 	202406	 	0.00155738	 	0.0232504	 	
703000	-1.99717	 	1595.5	 	0.999279	 	399.425	 	0.999279	 	202680	 	0.0015577	 	0.0232555	 	
704000	-1.99717	 	1595.5	 	0.999279	 	399.425	 	0.999279	 	202934	 	0.00155744	 	0.0232527	 	
705000	-1.99717	 	1595.5	 	0.99928	 	399.425	 	0.99928	 	203236	 	0.0015574	 	0.0232523	 	
706000	-1.99717	 	1595.51	 	0.99928	 	399.426	 	0.99928	 	203462	 	0.00155689	 	0.0232449	 	
707000	-1.99718	 	1595.51	 	0.99928	 	399.426	 	0.99928	 	203716	 	0.00155674	 	0.0232398	 	
708000	-1.99718	 	1595.51	 	0.99928	 	399.426	 	0.99928	 	204026	 	0.00155662	 	0.0232394	 	
709000	-1.99718	 	1595.51	 	0.99928	 	399.426	 	0.99928	 	204291	 	0.00155666	 	0.0232383	 	
710000	-1.99718	 	1595.51	 	0.99928	 	399.426	 	0.99928	 	204528	 	0.00155637	 	0.0232334	 	
711000	-1.99718	 	1595.51	 	0.99928	 	399.426	 	0.99928	 	204802	 	0.00155651	 	0.0232339	 	
712000	-1.99718	 	1595.51	 	0.99928	 	399.426	 	0.99928	 	205065	 	0.00155685	 	0.023238	 	
713000	-1.99718	 	1595.51	 	0.99928	 	399.426	 	0.99928	 	205366	 	0.0015568	 	0.023238	 	
714000	-1.99718	 	1595.51	 	0.99928	 	399.426	 	0.99928	 	205613	 	0.00155639	 	0.0232321	 	
715000	-1.99718	 	1595.51	 	0.99928	 	399.426	 	0.99928	 	205894	 	0.00155633	 	0.0232308	 	
716000	-1.99718	 	1595.51	 	0.99928	 	399.426	 	0.99928	 	206240	 	0.00155654	 	0.0232337	 	
717000	-1.99718	 	1595.51	 	0.99928	 	399.426	 	0.99928	 	206500	 	0.0015566	 	0.0232345	 	
718000	-1.99718	 	1595.51	 	0.99928	 	399.426	 	0.99928	 	206830	 	0.00155682	 	0.0232384	 	
719000	-1.99718	 	1595.51	 	0.99928	 	399.426	 	0.99928	 	207116	 	0.00155644	 	0.0232329	 	
720000	-1.99718	 	1595.51	 	0.99928	 	399.426	 	0.99928	 	207408	 	0.0015567	 	0.0232356	 	
721000	-1.99718	 	1595.51	 	0.99928	 	399.426	 	0.99928	 	207694	 	0.00155694	 	0.0232405	 	
722000	-1.99717	 	1595.51	 	0.99928	 	399.426	 	0.99928	 	208042	 	0.00155743	 	0.0232479	 	
723000	-1.99717	 	1595.51	 	0.99928	 	399.426	 	0.99928	 	208332	 	0.00155749	 	0.0232486	 	
724000	-1.99718	 	1595.51	 	0.99928	 	399.426	 	0.99928	 	208564	 	0.00155697	 	0.0232414	 	
725000	-1.99718	 	1595.51	 	0.99928	 	399.426	 	0.99928	 	208872	 	0.00155681	 	0.02324	 	
726000	-1.99718	 	1595.51	 	0.99928	 	399.426	 	0.99928	 	209153	 	0.00155656	 	0.023238	 	
727000	-1.99718	 	1595.51	 	0.99928	 	399.426	 	0.99928	 	209493	 	0.00155643	 	0.0232365	 	
728000	-1.99717	 	1595.51	 	0.99928	 	399.426	 	0.99928	 	209828	 	0.00155697	 	0.0232443	 	
729000	-1.99717	 	1595.51	 	0.99928	 	399.425	 	0.99928	 	210144	 	0.00155702	 	0.0232459	 	
730000	-1.99718	 	1595.51	 	0.99928	 	399.426	 	0.99928	 	210373	 	0.00155616	 	0.0232345	 	
731000	-1.99718	 	1595.51	 	0.99928	 	399.426	 	0.99928	 	210662	 	0.00155604	 	0.0232335	 	
732000	-1.99718	 	1595.51	 	0.99928	 	399.426	 	0.99928	 	210932	 	0.00155596	 	0.023231	 	
733000	-1.99718	 	1595.51	 	0.99928	 	399.426	 	0.99928	 	211179	 	0.00155586	 	0.0232299	 	
734000	-1.99718	 	1595.51	 	0.99928	 	399.426	 	0.99928	 	211458	 	0.00155572	 	0.0232277	 	
735000	-1.99718	 	1595.51	 	0.99928	 	399.426	 	0.99928	 	211752	 	0.00155584	 	0.02323	 	
736000	-1.99718	 	1595.51	 	0.99928	 	399.426	 	0.99928	 	212048	 	0.00155589	 	0.0232289	 	
737000	-1.99718	 	1595.51	 	0.99928	 	399.426	 	0.99928	 	212308	 	0.00155569	 	0.0232264	 	
738000	-1.99718	 	1595.51	 	0.99928	 	399.426	 	0.99928	 	212580	 	0.00155566	 	0.0232269	 	
739000	-1.99718	 	1595.51	 	0.99928	 	399.426	 	0.99928	 	212853	 	0.00155551	 	0.023224	 	
740000	-1.99718	 	1595.51	 	0.99928	 	399.426	 	0.99928	 	213148	 	0.00155573	 	0.0232284	 	
741000	-1.99717	 	1595.51	 	0.99928	 	399.426	 	0.99928	 	213494	 	0.00155619	 	0.0232352	 	
742000	-1.99718	 	1595.51	 	0.99928	 	399.426	 	0.99928	 	213756	 	0.00155577	 	0.0232294	 	
743000	-1.99718	 	1595.51	 	0.99928	 	399.426	 	0.99928	 	214012	 	0.00155552	 	0.0232268	 	
744000	-1.99718	 	1595.51	 	0.99928	 	399.426	 	0.99928	 	214306	 	0.00155541	 	0.0232254	 	
745000	-1.99718	 	1595.51	 	0.99928	 	399.426	 	0.99928	 	214572	 	0.00155523	 	0.0232231	 	
746000	-1.99718	 	1595.51	 	0.99928	 	399.426	 	0.99928	 	214810	 	0.00155467	 	0.0232164	 	
747000	-1.99718	 	1595.51	 	0.99928	 	399.426	 	0.99928	 	215098	 	0.00155475	 	0.0232186	 	
748000	-1.99718	 	1595.51	 	0.99928	 	399.426	 	0.99928	 	215434	 	0.00155494	 	0.0232219	 	
749000	-1.99718	 	1595.51	 	0.99928	 	399.426	 	0.99928	 	215742	 	0.001555	 	0.023222	 	
750000	-1.99718	 	1595.51	 	0.99928	 	399.426	 	0.99928	 	216038	 	0.00155512	 	0.0232247	 	
751000	-1.99718	 	1595.51	 	0.99928	 	399.426	 	0.99928	 	216370	 	0.00155533	 	0.0232278	 	
752000	-1.99717	 	1595.51	 	0.99928	 	399.426	 	0.99928	 	216708	 	0.00155591	 	0.023236	 	
753000	-1.99718	 	1595.51	 	0.99928	 	399.426	 	0.99928	 	216992	 	0.00155578	 	0.023234	 	
754000	-1.99718	 	1595.51	 	0.99928	 	399.426	 	0.99928	 	217294	 	0.00155586	 	0.0232357	 	
755000	-1.99717	 	1595.5	 	0.99928	 	399.425	 	0.99928	 	217648	 	0.00155656	 	0.0232472	 	
756000	-1.99717	 	1595.5	 	0.999279	 	399.425	 	0.999279	 	217972	 	0.00155692	 	0.0232535	 	
757000	-1.99717	 	1595.5	 	0.999279	 	399.425	 	0.999279	 	218286	 	0.00155728	 	0.0232593	 	
758000	-1.99717	 	1595.5	 	0.999279	 	399.425	 	0.999279	 	218618	 	0.00155725	 	0.0232594	 	
759000	-1.99717	 	1595.5	 	0.999279	 	399.425	 	0.999279	 	218918	 	0.00155764	 	0.0232663	 	
760000	-1.99717	 	1595.5	 	0.999279	 	399.425	 	0.999279	 	219215	 	0.0015575	 	0.0232645	 	
761000	-1.99717	 	1595.5	 	0.999279	 	399.425	 	0.999279	 	219544	 	0.00155803	 	0.0232716	 	
762000	-1.99717	 	1595.5	 	0.999279	 	399.425	 	0.999279	 	219834	 	0.00155829	 	0.0232745	 	
763000	-1.99717	 	1595.5	 	0.999279	 	399.425	 	0.999279	 	220104	 	0.00155838	 	0.0232747	 	
764000	-1.99717	 	1595.5	 	0.999279	 	399.425	 	0.999279	 	220380	 	0.00155805	 	0.0232709	 	
765000	-1.99717	 	1595.5	 	0.999279	 	399.425	 	0.999279	 	220680	 	0.00155774	 	0.0232671	 	
766000	-1.99717	 	1595.5	 	0.999279	 	399.425	 	0.999279	 	221022	 	0.00155812	 	0.023274	 	
767000	-1.99717	 	1595.5	 	0.999279	 	399.425	 	0.999279	 	221318	 	0.00155792	 	0.0232726	 	
768000	-1.99717	 	1595.5	 	0.999279	 	399.425	 	0.999279	 	221610	 	0.00155781	 	0.0232714	 	
769000	-1.99717	 	1595.5	 	0.999279	 	399.425	 	0.999279	 	221898	 	0.00155781	 	0.0232697	 	
770000	-1.99717	 	1595.5	 	0.999279	 	399.425	 	0.999279	 	222226	 	0.00155849	 	0.023277	 	
771000	-1.99717	 	1595.5	 	0.999279	 	399.425	 	0.999279	 	222524	 	0.00155879	 	0.0232818	 	
772000	-1.99717	 	1595.5	 	0.999279	 	399.425	 	0.999279	 	222830	 	0.00155893	 	0.0232838	 	
773000	-1.99717	 	1595.5	 	0.999279	 	399.425	 	0.999279	 	223134	 	0.00155961	 	0.0232944	 	
774000	-1.99717	 	1595.5	 	0.999278	 	399.424	 	0.999278	 	223446	 	0.00156035	 	0.0233028	 	
775000	-1.99717	 	1595.5	 	0.999278	 	399.425	 	0.999278	 	223692	 	0.00156	 	0.0232986	 	
776000	-1.99717	 	1595.5	 	0.999278	 	399.425	 	0.999278	 	224002	 	0.00155974	 	0.023296	 	
777000	-1.99717	 	1595.5	 	0.999279	 	399.425	 	0.999279	 	224266	 	0.00155933	 	0.0232912	 	
778000	-1.99717	 	1595.5	 	0.999279	 	399.425	 	0.999279	 	224572	 	0.00155934	 	0.0232919	 	
779000	-1.99717	 	1595.5	 	0.999278	 	399.425	 	0.999278	 	224858	 	0.00155936	 	0.023292	 	
780000	-1.99717	 	1595.5	 	0.999279	 	399.425	 	0.999279	 	225140	 	0.00155913	 	0.0232902	 	
781000	-1.99717	 	1595.5	 	0.999279	 	399.425	 	0.999279	 	225441	 	0.00155888	 	0.0232868	 	
782000	-1.99717	 	1595.5	 	0.999279	 	399.425	 	0.999279	 	225724	 	0.00155843	 	0.0232809	 	
783000	-1.99717	 	1595.5	 	0.999279	 	399.425	 	0.999279	 	226028	 	0.00155895	 	0.0232841	 	
784000	-1.99717	 	1595.5	 	0.999278	 	399.425	 	0.999278	 	226370	 	0.00155926	 	0.0232888	 	
785000	-1.99717	 	1595.5	 	0.999278	 	399.424	 	0.999278	 	226696	 	0.00155946	 	0.023291	 	
786000	-1.99717	 	1595.5	 	0.999278	 	399.425	 	0.999278	 	226936	 	0.0015592	 	0.0232881	 	
787000	-1.99717	 	1595.5	 	0.999278	 	399.424	 	0.999278	 	227248	 	0.00155925	 	0.0232905	 	
788000	-1.99717	 	1595.5	 	0.999278	 	399.424	 	0.999278	 	227532	 	0.00155925	 	0.0232879	 	
789000	-1.99717	 	1595.5	 	0.999278	 	399.425	 	0.999278	 	227784	 	0.001559	 	0.0232851	 	
790000	-1.99717	 	1595.5	 	0.999278	 	399.424	 	0.999278	 	228098	 	0.00155922	 	0.0232868	 	
791000	-1.99717	 	1595.5	 	0.999278	 	399.424	 	0.999278	 	228422	 	0.00155975	 	0.0232907	 	
792000	-1.99717	 	1595.5	 	0.999278	 	399.424	 	0.999278	 	228738	 	0.00155964	 	0.023289	 	
793000	-1.99717	 	1595.5	 	0.999278	 	399.424	 	0.999278	 	229012	 	0.00155975	 	0.0232922	 	
794000	-1.99717	 	1595.5	 	0.999278	 	399.424	 	0.999278	 	229318	 	0.00155977	 	0.0232933	 	
795000	-1.99717	 	1595.5	 	0.999278	 	399.424	 	0.999278	 	229622	 	0.00155979	 	0.0232932	 	
796000	-1.99717	 	1595.5	 	0.999278	 	399.424	 	0.999278	 	229888	 	0.00155937	 	0.0232873	 	
797000	-1.99717	 	1595.5	 	0.999278	 	399.424	 	0.999278	 	230158	 	0.00155949	 	0.0232885	 	
798000	-1.99717	 	1595.5	 	0.999278	 	399.424	 	0.999278	 	230468	 	0.00155938	 	0.0232879	 	
799000	-1.99717	 	1595.5	 	0.999278	 	399.424	 	0.999278	 	230752	 	0.00155954	 	0.02329	 	
800000	-1.99717	 	1595.5	 	0.999278	 	399.425	 	0.999278	 	231016	 	0.00155902	 	0.0232825	 	
801000	-1.99717	 	1595.5	 	0.999278	 	399.424	 	0.999278	 	231309	 	0.00155931	 	0.0232861	 	
802000	-1.99717	 	1595.5	 	0.999278	 	399.425	 	0.999278	 	231582	 	0.00155906	 	0.023283	 	
803000	-1.99717	 	1595.5	 	0.999278	 	399.424	 	0.999278	 	231881	 	0.00155898	 	0.023283	 	
804000	-1.99717	 	1595.5	 	0.999279	 	399.425	 	0.999279	 	232136	 	0.00155855	 	0.0232766	 	
805000	-1.99717	 	1595.5	 	0.999279	 	399.425	 	0.999279	 	232434	 	0.0015586	 	0.0232763	 	
806000	-1.99717	 	1595.5	 	0.999279	 	399.425	 	0.999279	 	232720	 	0.00155852	 	0.0232734	 	
807000	-1.99717	 	1595.5	 	0.999279	 	399.425	 	0.999279	 	232952	 	0.00155788	 	0.0232652	 	
808000	-1.99717	 	1595.5	 	0.999279	 	399.425	 	0.999279	 	233265	 	0.00155858	 	0.0232734	 	
809000	-1.99717	 	1595.5	 	0.999279	 	399.425	 	0.999279	 	233536	 	0.00155843	 	0.0232705	 	
810000	-1.99717	 	1595.5	 	0.999279	 	399.425	 	0.999279	 	233844	 	0.00155895	 	0.0232786	 	
811000	-1.99717	 	1595.5	 	0.999279	 	399.425	 	0.999279	 	234144	 	0.00155861	 	0.0232742	 	
812000	-1.99717	 	1595.5	 	0.999279	 	399.425	 	0.999279	 	234473	 	0.00155875	 	0.0232768	 	
813000	-1.99717	 	1595.5	 	0.999279	 	399.425	 	0.999279	 	234742	 	0.00155841	 	0.0232718	 	
814000	-1.99717	 	1595.5	 	0.999279	 	399.425	 	0.999279	 	235062	 	0.00155852	 	0.0232735	 	
815000	-1.99717	 	1595.5	 	0.999279	 	399.425	 	0.999279	 	235304	 	0.00155814	 	0.0232686	 	
816000	-1.99717	 	1595.5	 	0.999279	 	399.425	 	0.999279	 	235584	 	0.00155819	 	0.0232694	 	
817000	-1.99717	 	1595.5	 	0.999279	 	399.425	 	0.999279	 	235878	 	0.00155813	 	0.0232684	 	
818000	-1.99717	 	1595.5	 	0.999279	 	399.425	 	0.999279	 	236184	 	0.00155823	 	0.0232702	 	
819000	-1.99717	 	1595.5	 	0.999279	 	399.425	 	0.999279	 	236460	 	0.0015579	 	0.0232653	 	
820000	-1.99717	 	1595.5	 	0.999279	 	399.425	 	0.999279	 	236812	 	0.00155863	 	0.0232723	 	
821000	-1.99717	 	1595.5	 	0.999279	 	399.425	 	0.999279	 	237108	 	0.00155831	 	0.0232679	 	
822000	-1.99717	 	1595.5	 	0.999279	 	399.425	 	0.999279	 	237406	 	0.00155859	 	0.0232706	 	
823000	-1.99717	 	1595.5	 	0.999279	 	399.425	 	0.999279	 	237696	 	0.00155872	 	0.0232725	 	
824000	-1.99717	 	1595.5	 	0.999279	 	399.425	 	0.999279	 	237990	 	0.00155866	 	0.0232734	 	
825000	-1.99717	 	1595.5	 	0.999279	 	399.425	 	0.999279	 	238263	 	0.00155887	 	0.0232727	 	
826000	-1.99717	 	1595.5	 	0.999279	 	399.425	 	0.999279	 	238528	 	0.00155891	 	0.0232726	 	
827000	-1.99717	 	1595.5	 	0.999279	 	399.425	 	0.999279	 	238830	 	0.00155906	 	0.0232767	 	
828000	-1.99717	 	1595.5	 	0.999279	 	399.425	 	0.999279	 	239114	 	0.00155882	 	0.0232742	 	
829000	-1.99717	 	1595.5	 	0.999279	 	399.425	 	0.999279	 	239406	 	0.00155874	 	0.0232735	 	
830000	-1.99717	 	1595.5	 	0.999279	 	399.425	 	0.999279	 	239686	 	0.00155865	 	0.0232725	 	
831000	-1.99717	 	1595.5	 	0.999279	 	399.425	 	0.999279	 	239936	 	0.00155816	 	0.0232664	 	
832000	-1.99717	 	1595.5	 	0.999279	 	399.425	 	0.999279	 	240272	 	0.0015586	 	0.0232731	 	
833000	-1.99717	 	1595.5	 	0.999279	 	399.425	 	0.999279	 	240596	 	0.0015589	 	0.0232784	 	
834000	-1.99717	 	1595.5	 	0.999279	 	399.425	 	0.999279	 	240891	 	0.00155902	 	0.0232803	 	
835000	-1.99717	 	1595.5	 	0.999279	 	399.425	 	0.999279	 	241134	 	0.00155855	 	0.0232737	 	
836000	-1.99717	 	1595.5	 	0.999279	 	399.425	 	0.999279	 	241447	 	0.00155864	 	0.023276	 	
837000	-1.99717	 	1595.5	 	0.999279	 	399.425	 	0.999279	 	241723	 	0.0015587	 	0.0232764	 	
838000	-1.99717	 	1595.5	 	0.999279	 	399.425	 	0.999279	 	242016	 	0.00155871	 	0.023277	 	
839000	-1.99717	 	1595.5	 	0.999279	 	399.425	 	0.999279	 	242307	 	0.00155897	 	0.0232813	 	
840000	-1.99717	 	1595.5	 	0.999279	 	399.425	 	0.999279	 	242608	 	0.00155868	 	0.0232781	 	
841000	-1.99717	 	1595.5	 	0.999279	 	399.425	 	0.999279	 	242906	 	0.00155875	 	0.0232791	 	
842000	-1.99717	 	1595.5	 	0.999279	 	399.425	 	0.999279	 	243179	 	0.00155867	 	0.023279	 	
843000	-1.99717	 	1595.5	 	0.999279	 	399.425	 	0.999279	 	243474	 	0.00155896	 	0.0232799	 	
844000	-1.99717	 	1595.5	 	0.999279	 	399.425	 	0.999279	 	243746	 	0.00155874	 	0.023275	 	
845000	-1.99717	 	1595.5	 	0.999279	 	399.425	 	0.999279	 	244023	 	0.00155867	 	0.0232747	 	
846000	-1.99717	 	1595.5	 	0.999279	 	399.425	 	0.999279	 	244294	 	0.0015586	 	0.0232742	 	
847000	-1.99717	 	1595.5	 	0.999279	 	399.425	 	0.999279	 	244614	 	0.00155903	 	0.0232805	 	
848000	-1.99717	 	1595.5	 	0.999279	 	399.425	 	0.999279	 	244914	 	0.00155898	 	0.0232797	 	
849000	-1.99717	 	1595.5	 	0.999279	 	399.425	 	0.999279	 	245211	 	0.00155899	 	0.0232803	 	
850000	-1.99717	 	1595.5	 	0.999279	 	399.425	 	0.999279	 	245536	 	0.00155962	 	0.0232884	 	
851000	-1.99717	 	1595.5	 	0.999278	 	399.424	 	0.999278	 	245858	 	0.00155995	 	0.0232929	 	
852000	-1.99717	 	1595.5	 	0.999279	 	399.425	 	0.999279	 	246100	 	0.00155964	 	0.0232876	 	
853000	-1.99717	 	1595.5	 	0.999279	 	399.425	 	0.999279	 	246388	 	0.00155965	 	0.0232859	 	
854000	-1.99717	 	1595.5	 	0.999279	 	399.425	 	0.999279	 	246674	 	0.00155965	 	0.023287	 	
855000	-1.99717	 	1595.5	 	0.999279	 	399.425	 	0.999279	 	246980	 	0.00155975	 	0.0232876	 	
856000	-1.99717	 	1595.5	 	0.999278	 	399.425	 	0.999278	 	247260	 	0.00155999	 	0.0232898	 	
857000	-1.99717	 	1595.5	 	0.999279	 	399.425	 	0.999279	 	247518	 	0.00155974	 	0.023286	 	
858000	-1.99717	 	1595.5	 	0.999278	 	399.424	 	0.999278	 	247816	 	0.00155999	 	0.0232896	 	
859000	-1.99717	 	1595.5	 	0.999278	 	399.424	 	0.999278	 	248136	 	0.00156022	 	0.0232922	 	
860000	-1.99717	 	1595.5	 	0.999278	 	399.424	 	0.999278	 	248404	 	0.00156016	 	0.0232923	 	
861000	-1.99717	 	1595.5	 	0.999278	 	399.424	 	0.999278	 	248694	 	0.0015603	 	0.0232957	 	
862000	-1.99717	 	1595.5	 	0.999278	 	399.424	 	0.999278	 	248968	 	0.0015601	 	0.0232927	 	
863000	-1.99717	 	1595.5	 	0.999279	 	399.425	 	0.999279	 	249270	 	0.00155975	 	0.023289	 	
864000	-1.99717	 	1595.5	 	0.999278	 	399.424	 	0.999278	 	249586	 	0.0015605	 	0.0232972	 	
865000	-1.99717	 	1595.5	 	0.999278	 	399.424	 	0.999278	 	249914	 	0.00156091	 	0.0233033	 	
866000	-1.99717	 	1595.5	 	0.999278	 	399.424	 	0.999278	 	250226	 	0.00156084	 	0.0233033	 	
867000	-1.99717	 	1595.5	 	0.999278	 	399.424	 	0.999278	 	250438	 	0.00156092	 	0.0233052	 	
868000	-1.99717	 	1595.5	 	0.999278	 	399.424	 	0.999278	 	250720	 	0.00156089	 	0.0233059	 	
869000	-1.99717	 	1595.5	 	0.999278	 	399.424	 	0.999278	 	251008	 	0.00156092	 	0.0233061	 	
870000	-1.99717	 	1595.5	 	0.999278	 	399.424	 	0.999278	 	251294	 	0.001561	 	0.0233075	 	
871000	-1.99717	 	1595.5	 	0.999278	 	399.424	 	0.999278	 	251582	 	0.00156077	 	0.0233048	 	
872000	-1.99717	 	1595.5	 	0.999278	 	399.424	 	0.999278	 	251902	 	0.00156103	 	0.0233083	 	
873000	-1.99717	 	1595.5	 	0.999278	 	399.424	 	0.999278	 	252200	 	0.00156128	 	0.023311	 	
874000	-1.99717	 	1595.49	 	0.999278	 	399.424	 	0.999278	 	252496	 	0.00156159	 	0.0233152	 	
875000	-1.99717	 	1595.49	 	0.999278	 	399.424	 	0.999278	 	252780	 	0.00156186	 	0.0233186	 	
876000	-1.99717	 	1595.49	 	0.999278	 	399.424	 	0.999278	 	253070	 	0.0015621	 	0.0233226	 	
877000	-1.99717	 	1595.49	 	0.999278	 	399.424	 	0.999278	 	253358	 	0.00156211	 	0.0233235	 	
878000	-1.99717	 	1595.49	 	0.999278	 	399.424	 	0.999278	 	253626	 	0.00156195	 	0.0233214	 	
879000	-1.99717	 	1595.5	 	0.999278	 	399.424	 	0.999278	 	253896	 	0.00156159	 	0.023316	 	
880000	-1.99717	 	1595.49	 	0.999278	 	399.424	 	0.999278	 	254174	 	0.00156197	 	0.0233183	 	
881000	-1.99717	 	1595.5	 	0.999278	 	399.424	 	0.999278	 	254428	 	0.00156182	 	0.0233166	 	
882000	-1.99717	 	1595.49	 	0.999278	 	399.424	 	0.999278	 	254731	 	0.00156201	 	0.0233192	 	
883000	-1.99717	 	1595.49	 	0.999278	 	399.424	 	0.999278	 	255020	 	0.00156194	 	0.0233181	 	
884000	-1.99717	 	1595.5	 	0.999278	 	399.424	 	0.999278	 	255306	 	0.00156177	 	0.0233155	 	
885000	-1.99717	 	1595.49	 	0.999278	 	399.424	 	0.999278	 	255625	 	0.00156208	 	0.0233194	 	
886000	-1.99717	 	1595.49	 	0.999278	 	399.424	 	0.999278	 	255937	 	0.00156203	 	0.0233191	 	
887000	-1.99717	 	1595.49	 	0.999278	 	399.424	 	0.999278	 	256222	 	0.00156203	 	0.0233194	 	
888000	-1.99717	 	1595.49	 	0.999278	 	399.424	 	0.999278	 	256494	 	0.00156182	 	0.0233161	 	
889000	-1.99717	 	1595.49	 	0.999278	 	399.424	 	0.999278	 	256804	 	0.00156185	 	0.0233163	 	
890000	-1.99717	 	1595.49	 	0.999278	 	399.424	 	0.999278	 	257100	 	0.00156179	 	0.0233154	 	
891000	-1.99717	 	1595.5	 	0.999278	 	399.424	 	0.999278	 	257356	 	0.00156143	 	0.0233104	 	
892000	-1.99717	 	1595.5	 	0.999278	 	399.424	 	0.999278	 	257630	 	0.00156119	 	0.0233078	 	
893000	-1.99717	 	1595.5	 	0.999278	 	399.424	 	0.999278	 	257900	 	0.00156087	 	0.023304	 	
894000	-1.99717	 	1595.5	 	0.999278	 	399.424	 	0.999278	 	258190	 	0.00156101	 	0.0233049	 	
895000	-1.99717	 	1595.49	 	0.999278	 	399.424	 	0.999278	 	258522	 	0.00156151	 	0.0233122	 	
896000	-1.99717	 	1595.49	 	0.999278	 	399.424	 	0.999278	 	258802	 	0.00156194	 	0.023314	 	
897000	-1.99717	 	1595.49	 	0.999278	 	399.424	 	0.999278	 	259081	 	0.00156178	 	0.0233118	 	
898000	-1.99717	 	1595.49	 	0.999278	 	399.424	 	0.999278	 	259354	 	0.00156191	 	0.0233122	 	
899000	-1.99717	 	1595.5	 	0.999278	 	399.424	 	0.999278	 	259645	 	0.00156178	 	0.0233085	 	
900000	-1.99717	 	1595.5	 	0.999278	 	399.424	 	0.999278	 	259934	 	0.00156178	 	0.0233088	 	
901000	-1.99717	 	1595.49	 	0.999278	 	399.424	 	0.999278	 	260258	 	0.0015621	 	0.023313	 	
902000	-1.99717	 	1595.49	 	0.999278	 	399.424	 	0.999278	 	260530	 	0.00156205	 	0.0233111	 	
903000	-1.99717	 	1595.5	 	0.999278	 	399.424	 	0.999278	 	260816	 	0.00156173	 	0.0233068	 	
904000	-1.99717	 	1595.49	 	0.999278	 	399.424	 	0.999278	 	261110	 	0.0015622	 	0.0233139	 	
905000	-1.99717	 	1595.49	 	0.999278	 	399.424	 	0.999278	 	261428	 	0.00156266	 	0.0233202	 	
906000	-1.99717	 	1595.49	 	0.999278	 	399.424	 	0.999278	 	261710	 	0.00156251	 	0.0233174	 	
907000	-1.99717	 	1595.49	 	0.999278	 	399.424	 	0.999278	 	261966	 	0.0015622	 	0.0233125	 	
908000	-1.99717	 	1595.49	 	0.999278	 	399.424	 	0.999278	 	262266	 	0.00156221	 	0.0233132	 	
909000	-1.99717	 	1595.49	 	0.999278	 	399.424	 	0.999278	 	262582	 	0.00156224	 	0.0233143	 	
910000	-1.99717	 	1595.49	 	0.999278	 	399.424	 	0.999278	 	262904	 	0.00156249	 	0.0233183	 	
911000	-1.99717	 	1595.49	 	0.999278	 	399.424	 	0.999278	 	263200	 	0.00156269	 	0.0233223	 	
912000	-1.99717	 	1595.49	 	0.999278	 	399.424	 	0.999278	 	263492	 	0.00156269	 	0.0233234	 	
913000	-1.99717	 	1595.49	 	0.999277	 	399.424	 	0.999277	 	263802	 	0.00156317	 	0.0233299	 	
914000	-1.99717	 	1595.49	 	0.999277	 	399.424	 	0.999277	 	264068	 	0.00156337	 	0.0233345	 	
915000	-1.99717	 	1595.49	 	0.999277	 	399.424	 	0.999277	 	264370	 	0.00156338	 	0.023335	 	
916000	-1.99717	 	1595.49	 	0.999277	 	399.424	 	0.999277	 	264673	 	0.00156352	 	0.0233359	 	
917000	-1.99717	 	1595.49	 	0.999277	 	399.424	 	0.999277	 	264952	 	0.00156338	 	0.0233337	 	
918000	-1.99717	 	1595.49	 	0.999277	 	399.424	 	0.999277	 	265242	 	0.00156341	 	0.0233353	 	
919000	-1.99717	 	1595.49	 	0.999277	 	399.424	 	0.999277	 	265534	 	0.00156313	 	0.0233318	 	
920000	-1.99717	 	1595.49	 	0.999277	 	399.424	 	0.999277	 	265801	 	0.00156326	 	0.0233326	 	
921000	-1.99717	 	1595.49	 	0.999277	 	399.424	 	0.999277	 	266076	 	0.00156318	 	0.0233322	 	
922000	-1.99717	 	1595.49	 	0.999277	 	399.424	 	0.999277	 	266340	 	0.00156294	 	0.0233287	 	
923000	-1.99717	 	1595.49	 	0.999278	 	399.424	 	0.999278	 	266586	 	0.00156251	 	0.0233233	 	
924000	-1.99717	 	1595.49	 	0.999278	 	399.424	 	0.999278	 	266836	 	0.00156211	 	0.0233179	 	
925000	-1.99717	 	1595.49	 	0.999278	 	399.424	 	0.999278	 	267128	 	0.00156219	 	0.0233171	 	
926000	-1.99717	 	1595.49	 	0.999278	 	399.424	 	0.999278	 	267404	 	0.00156221	 	0.0233184	 	
927000	-1.99717	 	1595.49	 	0.999278	 	399.424	 	0.999278	 	267745	 	0.00156241	 	0.0233194	 	
928000	-1.99717	 	1595.49	 	0.999278	 	399.424	 	0.999278	 	268066	 	0.00156262	 	0.0233222	 	
929000	-1.99717	 	1595.49	 	0.999278	 	399.424	 	0.999278	 	268338	 	0.00156256	 	0.0233205	 	
930000	-1.99717	 	1595.49	 	0.999278	 	399.424	 	0.999278	 	268634	 	0.00156254	 	0.0233211	 	
931000	-1.99717	 	1595.49	 	0.999278	 	399.424	 	0.999278	 	268884	 	0.0015623	 	0.0233156	 	
932000	-1.99717	 	1595.49	 	0.999278	 	399.424	 	0.999278	 	269156	 	0.00156235	 	0.023315	 	
933000	-1.99717	 	1595.49	 	0.999278	 	399.424	 	0.999278	 	269448	 	0.00156209	 	0.0233123	 	
934000	-1.99717	 	1595.49	 	0.999278	 	399.424	 	0.999278	 	269760	 	0.00156283	 	0.0233203	 	
935000	-1.99717	 	1595.49	 	0.999278	 	399.424	 	0.999278	 	270024	 	0.0015625	 	0.0233169	 	
936000	-1.99717	 	1595.49	 	0.999278	 	399.424	 	0.999278	 	270294	 	0.0015622	 	0.023312	 	
937000	-1.99717	 	1595.49	 	0.999278	 	399.424	 	0.999278	 	270582	 	0.00156224	 	0.0233125	 	
938000	-1.99717	 	1595.49	 	0.999278	 	399.424	 	0.999278	 	270842	 	0.00156215	 	0.0233116	 	
939000	-1.99717	 	1595.5	 	0.999278	 	399.424	 	0.999278	 	271086	 	0.00156184	 	0.0233074	 	
940000	-1.99717	 	1595.5	 	0.999278	 	399.424	 	0.999278	 	271378	 	0.00156179	 	0.0233069	 	
941000	-1.99717	 	1595.49	 	0.999278	 	399.424	 	0.999278	 	271676	 	0.00156191	 	0.02331	 	
942000	-1.99717	 	1595.49	 	0.999278	 	399.424	 	0.999278	 	271976	 	0.00156208	 	0.0233111	 	
943000	-1.99717	 	1595.49	 	0.999278	 	399.424	 	0.999278	 	272255	 	0.00156185	 	0.0233086	 	
944000	-1.99717	 	1595.49	 	0.999278	 	399.424	 	0.999278	 	272548	 	0.00156173	 	0.0233071	 	
945000	-1.99717	 	1595.49	 	0.999278	 	399.424	 	0.999278	 	272882	 	0.00156181	 	0.0233079	 	
946000	-1.99717	 	1595.49	 	0.999278	 	399.424	 	0.999278	 	273192	 	0.00156179	 	0.0233078	 	
947000	-1.99717	 	1595.49	 	0.999278	 	399.424	 	0.999278	 	273536	 	0.001562	 	0.0233112	 	
948000	-1.99717	 	1595.49	 	0.999278	 	399.424	 	0.999278	 	273818	 	0.00156235	 	0.0233172	 	
949000	-1.99717	 	1595.49	 	0.999278	 	399.424	 	0.999278	 	274104	 	0.00156224	 	0.023315	 	
950000	-1.99717	 	1595.49	 	0.999278	 	399.424	 	0.999278	 	274446	 	0.00156223	 	0.0233145	 	
951000	-1.99717	 	1595.49	 	0.999278	 	399.424	 	0.999278	 	274746	 	0.00156226	 	0.0233136	 	
952000	-1.99717	 	1595.49	 	0.999278	 	399.424	 	0.999278	 	274996	 	0.00156188	 	0.0233089	 	
953000	-1.99717	 	1595.49	 	0.999278	 	399.424	 	0.999278	 	275286	 	0.00156198	 	0.0233105	 	
954000	-1.99717	 	1595.49	 	0.999278	 	399.424	 	0.999278	 	275580	 	0.00156193	 	0.0233105	 	
955000	-1.99717	 	1595.49	 	0.999278	 	399.424	 	0.999278	 	275866	 	0.00156215	 	0.0233133	 	
956000	-1.99717	 	1595.49	 	0.999277	 	399.424	 	0.999277	 	276194	 	0.00156273	 	0.0233187	 	
957000	-1.99717	 	1595.49	 	0.999277	 	399.424	 	0.999277	 	276517	 	0.00156298	 	0.0233222	 	
958000	-1.99716	 	1595.49	 	0.999277	 	399.423	 	0.999277	 	276834	 	0.00156333	 	0.0233262	 	
959000	-1.99716	 	1595.49	 	0.999277	 	399.423	 	0.999277	 	277138	 	0.00156399	 	0.0233353	 	
960000	-1.99716	 	1595.49	 	0.999277	 	399.423	 	0.999277	 	277406	 	0.00156444	 	0.0233407	 	
961000	-1.99716	 	1595.49	 	0.999277	 	399.423	 	0.999277	 	277732	 	0.00156483	 	0.0233453	 	
962000	-1.99716	 	1595.49	 	0.999277	 	399.423	 	0.999277	 	278015	 	0.00156461	 	0.0233401	 	
963000	-1.99716	 	1595.49	 	0.999277	 	399.423	 	0.999277	 	278272	 	0.00156472	 	0.0233412	 	
964000	-1.99716	 	1595.49	 	0.999277	 	399.423	 	0.999277	 	278541	 	0.00156482	 	0.0233424	 	
965000	-1.99716	 	1595.49	 	0.999277	 	399.423	 	0.999277	 	278792	 	0.00156479	 	0.0233422	 	
966000	-1.99716	 	1595.49	 	0.999277	 	399.423	 	0.999277	 	279082	 	0.00156465	 	0.0233404	 	
967000	-1.99716	 	1595.49	 	0.999277	 	399.423	 	0.999277	 	279372	 	0.00156457	 	0.0233385	 	
968000	-1.99716	 	1595.49	 	0.999277	 	399.423	 	0.999277	 	279640	 	0.00156455	 	0.0233378	 	
969000	-1.99716	 	1595.49	 	0.999277	 	399.423	 	0.999277	 	279933	 	0.00156498	 	0.0233425	 	
970000	-1.99716	 	1595.49	 	0.999277	 	399.423	 	0.999277	 	280204	 	0.00156503	 	0.0233445	 	
971000	-1.99716	 	1595.49	 	0.999277	 	399.423	 	0.999277	 	280492	 	0.00156504	 	0.0233438	 	
972000	-1.99716	 	1595.49	 	0.999276	 	399.423	 	0.999276	 	280810	 	0.00156574	 	0.0233496	 	
973000	-1.99716	 	1595.49	 	0.999276	 	399.423	 	0.999276	 	281174	 	0.00156629	 	0.023355	 	
974000	-1.99716	 	1595.49	 	0.999276	 	399.423	 	0.999276	 	281397	 	0.00156596	 	0.0233513	 	
975000	-1.99716	 	1595.49	 	0.999276	 	399.423	 	0.999276	 	281692	 	0.00156614	 	0.0233533	 	
976000	-1.99716	 	1595.49	 	0.999277	 	399.423	 	0.999277	 	281962	 	0.00156583	 	0.0233491	 	
977000	-1.99716	 	1595.49	 	0.999277	 	399.423	 	0.999277	 	282222	 	0.00156556	 	0.0233453	 	
978000	-1.99716	 	1595.49	 	0.999276	 	399.423	 	0.999276	 	282539	 	0.00156611	 	0.0233516	 	
979000	-1.99716	 	1595.49	 	0.999276	 	399.423	 	0.999276	 	282855	 	0.00156653	 	0.0233575	 	
980000	-1.99716	 	1595.49	 	0.999276	 	399.423	 	0.999276	 	283130	 	0.0015664	 	0.0233558	 	
981000	-1.99716	 	1595.49	 	0.999276	 	399.423	 	0.999276	 	283424	 	0.00156638	 	0.023356	 	
982000	-1.99716	 	1595.49	 	0.999276	 	399.423	 	0.999276	 	283698	 	0.0015666	 	0.0233579	 	
983000	-1.99716	 	1595.49	 	0.999276	 	399.423	 	0.999276	 	283952	 	0.00156637	 	0.0233552	 	
984000	-1.99716	 	1595.49	 	0.999276	 	399.423	 	0.999276	 	284240	 	0.00156669	 	0.02336	 	
985000	-1.99716	 	1595.49	 	0.999276	 	399.423	 	0.999276	 	284522	 	0.00156677	 	0.0233605	 	
986000	-1.99716	 	1595.49	 	0.999276	 	399.423	 	0.999276	 	284798	 	0.00156643	 	0.0233562	 	
987000	-1.99716	 	1595.49	 	0.999276	 	399.423	 	0.999276	 	285084	 	0.00156634	 	0.0233546	 	
988000	-1.99716	 	1595.49	 	0.999276	 	399.423	 	0.999276	 	285356	 	0.00156618	 	0.0233527	 	
989000	-1.99716	 	1595.49	 	0.999276	 	399.423	 	0.999276	 	285654	 	0.00156619	 	0.0233543	 	
990000	-1.99716	 	1595.48	 	0.999276	 	399.423	 	0.999276	 	286034	 	0.00156683	 	0.0233655	 	
991000	-1.99716	 	1595.48	 	0.999276	 	399.423	 	0.999276	 	286356	 	0.00156693	 	0.0233664	 	
992000	-1.99716	 	1595.48	 	0.999276	 	399.423	 	0.999276	 	286648	 	0.00156703	 	0.0233677	 	
993000	-1.99716	 	1595.48	 	0.999276	 	399.423	 	0.999276	 	286944	 	0.00156751	 	0.0233719	 	
994000	-1.99716	 	1595.48	 	0.999276	 	399.423	 	0.999276	 	287228	 	0.00156727	 	0.0233683	 	
995000	-1.99716	 	1595.48	 	0.999276	 	399.423	 	0.999276	 	287530	 	0.0015672	 	0.0233683	 	
996000	-1.99716	 	1595.48	 	0.999276	 	399.423	 	0.999276	 	287852	 	0.0015675	 	0.0233714	 	
997000	-1.99716	 	1595.48	 	0.999276	 	399.423	 	0.999276	 	288129	 	0.00156725	 	0.0233682	 	
998000	-1.99716	 	1595.49	 	0.999276	 	399.423	 	0.999276	 	288402	 	0.00156703	 	0.0233655	 	
999000	-1.99716	 	1595.48	 	0.999276	 	399.423	 	0.999276	 	288702	 	0.00156732	 	0.0233703	 	
