MCcycles: 1000000
MCcycle 	 <E> 		 <E^2> 		 <M> 		 <M^2> 		 <|M|>		 Accepted config.		 Cv		 X
1000	-1.18986	 	575.031	 	-0.33069	 	86.1321	 	0.40062	 	114428	 	17.6624	 	1.51467	 	
2000	-1.21016	 	594.415	 	-0.092985	 	94.2956	 	0.426745	 	223390	 	37.8488	 	1.49734	 	
3000	-1.22034	 	604.787	 	-0.00505333	 	99.4671	 	0.441407	 	330561	 	41.4404	 	1.57909	 	
4000	-1.23142	 	615.318	 	-0.0377313	 	105.623	 	0.460776	 	434282	 	43.7723	 	1.52129	 	
5000	-1.23779	 	621.769	 	-0.042829	 	110.308	 	0.473805	 	537789	 	45.656	 	1.54854	 	
6000	-1.23257	 	616.385	 	-0.0961508	 	106.079	 	0.462939	 	649325	 	42.6588	 	1.50985	 	
7000	-1.22763	 	611.299	 	-0.08221	 	100.306	 	0.445906	 	762960	 	40.6679	 	1.47054	 	
8000	-1.22595	 	609.517	 	-0.118724	 	98.6453	 	0.441792	 	873793	 	38.753	 	1.44782	 	
9000	-1.23078	 	614.371	 	-0.156824	 	100.752	 	0.447473	 	976693	 	37.881	 	1.4658	 	
10000	-1.23538	 	619.139	 	-0.139492	 	103.997	 	0.455537	 	1078643	 	40.0892	 	1.50565	 	
11000	-1.24243	 	626.206	 	-0.10767	 	109.465	 	0.470574	 	1174875	 	43.6782	 	1.51978	 	
12000	-1.24184	 	625.647	 	-0.0872263	 	108.511	 	0.46738	 	1283548	 	43.9449	 	1.52502	 	
13000	-1.24	 	623.594	 	-0.077375	 	107.463	 	0.465795	 	1393590	 	43.7786	 	1.48567	 	
14000	-1.24009	 	623.665	 	-0.0971471	 	107.063	 	0.463714	 	1500733	 	43.0367	 	1.48244	 	
15000	-1.23965	 	623.131	 	-0.122449	 	107.043	 	0.464699	 	1608447	 	42.1023	 	1.46501	 	
16000	-1.24054	 	624.007	 	-0.136833	 	107.818	 	0.466939	 	1713285	 	41.8036	 	1.46406	 	
17000	-1.23851	 	621.905	 	-0.11858	 	106.206	 	0.463266	 	1825887	 	41.9091	 	1.44764	 	
18000	-1.2375	 	620.886	 	-0.108635	 	105.358	 	0.460908	 	1936308	 	41.9322	 	1.44561	 	
19000	-1.23514	 	618.565	 	-0.104451	 	103.592	 	0.455039	 	2050067	 	41.3449	 	1.44708	 	
20000	-1.23771	 	621.145	 	-0.0710787	 	105.532	 	0.460635	 	2150356	 	43.1294	 	1.45435	 	
21000	-1.23717	 	620.7	 	-0.0790233	 	105.4	 	0.459802	 	2259657	 	42.8759	 	1.46924	 	
22000	-1.23843	 	621.945	 	-0.0676639	 	105.986	 	0.46172	 	2363034	 	43.3976	 	1.46916	 	
23000	-1.23849	 	622.004	 	-0.0735907	 	106.167	 	0.461708	 	2470097	 	43.3337	 	1.46952	 	
24000	-1.23896	 	622.37	 	-0.0885669	 	106.74	 	0.463939	 	2575892	 	43.1679	 	1.45195	 	
25000	-1.23744	 	620.848	 	-0.0872878	 	105.752	 	0.46124	 	2688980	 	42.7933	 	1.44952	 	
26000	-1.23753	 	620.892	 	-0.0970987	 	105.805	 	0.461908	 	2796316	 	42.514	 	1.44072	 	
27000	-1.23603	 	619.448	 	-0.085087	 	104.838	 	0.458915	 	2909997	 	42.4758	 	1.44765	 	
28000	-1.23687	 	620.278	 	-0.0837102	 	105.569	 	0.460805	 	3014160	 	42.8194	 	1.44703	 	
29000	-1.23744	 	620.853	 	-0.0968347	 	105.844	 	0.461248	 	3119642	 	42.5386	 	1.44956	 	
30000	-1.23782	 	621.197	 	-0.0811837	 	105.89	 	0.461674	 	3225057	 	43.0222	 	1.44359	 	
31000	-1.23842	 	621.831	 	-0.0835513	 	106.074	 	0.462241	 	3330278	 	43.034	 	1.45002	 	
32000	-1.23662	 	620.021	 	-0.0758397	 	104.856	 	0.458953	 	3446747	 	42.7314	 	1.44628	 	
33000	-1.23657	 	619.951	 	-0.0710535	 	104.371	 	0.457363	 	3555229	 	42.6467	 	1.44281	 	
34000	-1.23454	 	617.904	 	-0.07033	 	102.528	 	0.451511	 	3673730	 	41.8957	 	1.43571	 	
35000	-1.23245	 	615.794	 	-0.0658471	 	100.688	 	0.445454	 	3793054	 	41.2306	 	1.4274	 	
36000	-1.23216	 	615.466	 	-0.0549743	 	100.435	 	0.445242	 	3903050	 	41.3444	 	1.42081	 	
37000	-1.23188	 	615.186	 	-0.0610407	 	100.261	 	0.444558	 	4013002	 	41.1543	 	1.41873	 	
38000	-1.2312	 	614.476	 	-0.0610245	 	99.9569	 	0.443883	 	4125353	 	41.0281	 	1.41159	 	
39000	-1.23114	 	614.401	 	-0.0627785	 	99.7587	 	0.443552	 	4234193	 	40.9093	 	1.40999	 	
40000	-1.23098	 	614.23	 	-0.0626196	 	99.6242	 	0.44325	 	4343948	 	40.8565	 	1.40712	 	
41000	-1.23034	 	613.614	 	-0.056297	 	99.2398	 	0.442033	 	4456535	 	40.8217	 	1.40891	 	
42000	-1.2306	 	613.857	 	-0.065313	 	99.3465	 	0.442246	 	4563884	 	40.6834	 	1.40828	 	
43000	-1.23011	 	613.399	 	-0.0738378	 	99.2622	 	0.442066	 	4675580	 	40.4506	 	1.4118	 	
44000	-1.2303	 	613.565	 	-0.0810165	 	99.1783	 	0.441778	 	4783225	 	40.2303	 	1.40859	 	
45000	-1.2289	 	612.161	 	-0.0792488	 	98.022	 	0.438193	 	4900933	 	39.7958	 	1.40319	 	
46000	-1.22937	 	612.589	 	-0.0743987	 	98.5704	 	0.43992	 	5006662	 	40.1485	 	1.39805	 	
47000	-1.22967	 	612.867	 	-0.0742037	 	98.8064	 	0.440849	 	5113512	 	40.2516	 	1.39386	 	
48000	-1.22884	 	612.058	 	-0.0703983	 	98.2388	 	0.439145	 	5228391	 	40.1068	 	1.39511	 	
49000	-1.22957	 	612.773	 	-0.0791921	 	98.7709	 	0.4407	 	5331447	 	40.1093	 	1.39469	 	
50000	-1.22978	 	613.035	 	-0.0838217	 	99.1056	 	0.441451	 	5437948	 	40.123	 	1.40437	 	
51000	-1.22989	 	613.143	 	-0.0905732	 	99.2051	 	0.442078	 	5545352	 	39.9682	 	1.40446	 	
52000	-1.22988	 	613.113	 	-0.0831031	 	99.2351	 	0.442218	 	5654473	 	40.1969	 	1.4013	 	
53000	-1.2292	 	612.416	 	-0.0755877	 	98.7936	 	0.441028	 	5768227	 	40.2117	 	1.39675	 	
54000	-1.22855	 	611.791	 	-0.0782831	 	98.4132	 	0.439839	 	5882260	 	39.9841	 	1.39803	 	
55000	-1.22998	 	613.249	 	-0.0666524	 	99.3408	 	0.442143	 	5979727	 	40.6516	 	1.40824	 	
56000	-1.23018	 	613.452	 	-0.0655683	 	99.5513	 	0.442732	 	6086955	 	40.7632	 	1.40934	 	
57000	-1.23108	 	614.382	 	-0.0719914	 	100.105	 	0.444044	 	6187534	 	40.8465	 	1.41665	 	
58000	-1.23115	 	614.476	 	-0.0761791	 	100.078	 	0.443887	 	6295379	 	40.7319	 	1.42079	 	
59000	-1.2309	 	614.22	 	-0.0697222	 	99.8215	 	0.443101	 	6405643	 	40.7821	 	1.41948	 	
60000	-1.23124	 	614.581	 	-0.0608471	 	100.019	 	0.443574	 	6510836	 	41.0573	 	1.42349	 	
61000	-1.23223	 	615.6	 	-0.0511707	 	100.708	 	0.44533	 	6609766	 	41.5253	 	1.43167	 	
62000	-1.23161	 	614.968	 	-0.0546623	 	100.328	 	0.444099	 	6723929	 	41.3053	 	1.42832	 	
63000	-1.23168	 	615.04	 	-0.0519055	 	100.418	 	0.444408	 	6832375	 	41.3917	 	1.42857	 	
64000	-1.23193	 	615.315	 	-0.0521532	 	100.551	 	0.444657	 	6938460	 	41.4429	 	1.43255	 	
65000	-1.23269	 	616.12	 	-0.0592529	 	101.084	 	0.44586	 	7039788	 	41.5333	 	1.44207	 	
66000	-1.23202	 	615.431	 	-0.0600021	 	100.752	 	0.445126	 	7154633	 	41.3799	 	1.43833	 	
67000	-1.23169	 	615.104	 	-0.0617384	 	100.562	 	0.444511	 	7267046	 	41.2657	 	1.43703	 	
68000	-1.23168	 	615.089	 	-0.0553318	 	100.647	 	0.444701	 	7375489	 	41.4261	 	1.43725	 	
69000	-1.23216	 	615.583	 	-0.0620106	 	101.023	 	0.44576	 	7478803	 	41.4521	 	1.4405	 	
70000	-1.23171	 	615.107	 	-0.0607636	 	100.656	 	0.444675	 	7591916	 	41.3247	 	1.43373	 	
71000	-1.23198	 	615.38	 	-0.0638849	 	100.839	 	0.445258	 	7697652	 	41.3359	 	1.43577	 	
72000	-1.23233	 	615.748	 	-0.0596592	 	101.113	 	0.445994	 	7802286	 	41.5372	 	1.43997	 	
73000	-1.23291	 	616.35	 	-0.0518589	 	101.638	 	0.447449	 	7904383	 	41.9008	 	1.44486	 	
74000	-1.23239	 	615.817	 	-0.051098	 	101.23	 	0.446401	 	8018052	 	41.744	 	1.44086	 	
75000	-1.23239	 	615.832	 	-0.0563082	 	101.275	 	0.44642	 	8125992	 	41.6694	 	1.44473	 	
76000	-1.23278	 	616.241	 	-0.0619252	 	101.57	 	0.447125	 	8230735	 	41.6816	 	1.44813	 	
77000	-1.23248	 	615.937	 	-0.0622195	 	101.308	 	0.446387	 	8342667	 	41.5664	 	1.44608	 	
78000	-1.23223	 	615.666	 	-0.058209	 	100.983	 	0.445494	 	8454229	 	41.5116	 	1.44287	 	
79000	-1.23217	 	615.589	 	-0.0571016	 	100.89	 	0.44528	 	8563080	 	41.4942	 	1.44026	 	
80000	-1.23234	 	615.758	 	-0.0595763	 	100.981	 	0.44539	 	8669560	 	41.4838	 	1.43921	 	
81000	-1.2332	 	616.638	 	-0.0523378	 	101.59	 	0.447017	 	8767541	 	41.8726	 	1.44517	 	
82000	-1.23267	 	616.104	 	-0.0489571	 	101.077	 	0.445516	 	8882312	 	41.716	 	1.44361	 	
83000	-1.23225	 	615.678	 	-0.0462777	 	100.674	 	0.444148	 	8995861	 	41.5906	 	1.44128	 	
84000	-1.23248	 	615.881	 	-0.0402761	 	100.767	 	0.444522	 	9101363	 	41.7159	 	1.43758	 	
85000	-1.23262	 	616.012	 	-0.0420986	 	100.796	 	0.444553	 	9208314	 	41.7031	 	1.43516	 	
86000	-1.2332	 	616.592	 	-0.0425615	 	101.24	 	0.445879	 	9309253	 	41.8814	 	1.438	 	
87000	-1.23264	 	616.037	 	-0.0394821	 	100.867	 	0.444836	 	9424972	 	41.768	 	1.437	 	
88000	-1.23212	 	615.545	 	-0.038316	 	100.59	 	0.443886	 	9539904	 	41.6677	 	1.44029	 	
89000	-1.23192	 	615.324	 	-0.0336148	 	100.487	 	0.443782	 	9651106	 	41.6811	 	1.43602	 	
90000	-1.23212	 	615.541	 	-0.0277007	 	100.749	 	0.444463	 	9756761	 	41.8508	 	1.44018	 	
91000	-1.23195	 	615.362	 	-0.0278319	 	100.498	 	0.443719	 	9867766	 	41.7451	 	1.43844	 	
92000	-1.23172	 	615.126	 	-0.028359	 	100.232	 	0.44301	 	9979458	 	41.6294	 	1.43579	 	
93000	-1.23166	 	615.048	 	-0.0309562	 	100.155	 	0.442859	 	10089008	 	41.5717	 	1.43338	 	
94000	-1.23157	 	614.961	 	-0.0296007	 	100.021	 	0.4424	 	10198779	 	41.5294	 	1.43353	 	
95000	-1.23156	 	614.94	 	-0.0279121	 	100.093	 	0.442683	 	10307383	 	41.5755	 	1.43116	 	
96000	-1.23209	 	615.468	 	-0.0318605	 	100.506	 	0.443839	 	10407773	 	41.7082	 	1.4315	 	
97000	-1.23188	 	615.249	 	-0.029595	 	100.436	 	0.443682	 	10519304	 	41.7024	 	1.43062	 	
98000	-1.23182	 	615.179	 	-0.0328488	 	100.401	 	0.4436	 	10628333	 	41.6539	 	1.42784	 	
99000	-1.23157	 	614.92	 	-0.0322054	 	100.202	 	0.443118	 	10740325	 	41.5781	 	1.42605	 	
100000	-1.23181	 	615.157	 	-0.0348511	 	100.358	 	0.443583	 	10845011	 	41.6134	 	1.42673	 	
101000	-1.23147	 	614.828	 	-0.037254	 	100.181	 	0.442986	 	10958921	 	41.5108	 	1.42731	 	
102000	-1.23098	 	614.335	 	-0.0378649	 	99.8698	 	0.442189	 	11075262	 	41.3734	 	1.42617	 	
103000	-1.23092	 	614.281	 	-0.0334637	 	99.8199	 	0.44199	 	11184758	 	41.405	 	1.42579	 	
104000	-1.23106	 	614.412	 	-0.028452	 	99.9192	 	0.442443	 	11291542	 	41.4981	 	1.42518	 	
105000	-1.23106	 	614.402	 	-0.0278435	 	99.9554	 	0.442633	 	11399573	 	41.5189	 	1.42367	 	
106000	-1.23106	 	614.387	 	-0.0319224	 	99.981	 	0.442829	 	11508141	 	41.4889	 	1.42084	 	
107000	-1.23134	 	614.681	 	-0.0337139	 	100.163	 	0.443235	 	11611741	 	41.5451	 	1.42364	 	
108000	-1.23135	 	614.679	 	-0.0378263	 	100.224	 	0.443562	 	11720043	 	41.5213	 	1.42139	 	
109000	-1.23108	 	614.399	 	-0.0365236	 	99.9633	 	0.442854	 	11833556	 	41.4291	 	1.41972	 	
110000	-1.23151	 	614.817	 	-0.0411855	 	100.283	 	0.443828	 	11934928	 	41.502	 	1.41889	 	
111000	-1.23137	 	614.682	 	-0.0426112	 	100.17	 	0.443498	 	12045778	 	41.435	 	1.41882	 	
112000	-1.23146	 	614.769	 	-0.038003	 	100.274	 	0.443839	 	12153009	 	41.54	 	1.41798	 	
113000	-1.23155	 	614.858	 	-0.0371974	 	100.32	 	0.443962	 	12259795	 	41.5695	 	1.41806	 	
114000	-1.23186	 	615.163	 	-0.0327636	 	100.537	 	0.444697	 	12363106	 	41.7116	 	1.41818	 	
115000	-1.23201	 	615.299	 	-0.0296514	 	100.668	 	0.445174	 	12468915	 	41.7986	 	1.41639	 	
116000	-1.23233	 	615.62	 	-0.0247648	 	100.905	 	0.445967	 	12571884	 	41.9416	 	1.41819	 	
117000	-1.23192	 	615.213	 	-0.0242163	 	100.608	 	0.445026	 	12687586	 	41.8224	 	1.4164	 	
118000	-1.23187	 	615.16	 	-0.0208174	 	100.539	 	0.444731	 	12797603	 	41.8192	 	1.41604	 	
119000	-1.23178	 	615.075	 	-0.0174322	 	100.46	 	0.444438	 	12908016	 	41.8078	 	1.41784	 	
120000	-1.23215	 	615.475	 	-0.0130977	 	100.74	 	0.445084	 	13010173	 	41.9464	 	1.42321	 	
121000	-1.232	 	615.313	 	-0.0121702	 	100.592	 	0.444659	 	13121007	 	41.8888	 	1.42113	 	
122000	-1.2321	 	615.405	 	-0.0149112	 	100.663	 	0.444943	 	13227399	 	41.906	 	1.41997	 	
123000	-1.23197	 	615.277	 	-0.017277	 	100.562	 	0.444532	 	13338533	 	41.8511	 	1.42002	 	
124000	-1.23218	 	615.478	 	-0.0129272	 	100.74	 	0.445166	 	13443605	 	41.9471	 	1.41873	 	
125000	-1.23253	 	615.824	 	-0.0120355	 	101.069	 	0.446093	 	13545401	 	42.0881	 	1.41907	 	
126000	-1.23249	 	615.78	 	-0.0141956	 	100.995	 	0.445812	 	13654447	 	42.0478	 	1.41853	 	
127000	-1.23305	 	616.361	 	-0.0186254	 	101.398	 	0.446851	 	13751928	 	42.1913	 	1.42372	 	
128000	-1.23288	 	616.185	 	-0.018991	 	101.199	 	0.44631	 	13864113	 	42.1061	 	1.42148	 	
129000	-1.23297	 	616.271	 	-0.0156908	 	101.2	 	0.446395	 	13970389	 	42.1256	 	1.42064	 	
130000	-1.23293	 	616.226	 	-0.0132123	 	101.079	 	0.446071	 	14079789	 	42.0872	 	1.41969	 	
131000	-1.23282	 	616.118	 	-0.0150029	 	101.052	 	0.446036	 	14189642	 	42.0673	 	1.41952	 	
132000	-1.23293	 	616.227	 	-0.0180831	 	101.147	 	0.446341	 	14295781	 	42.09	 	1.4194	 	
133000	-1.23308	 	616.375	 	-0.0211394	 	101.263	 	0.446651	 	14401047	 	42.1185	 	1.42046	 	
134000	-1.23314	 	616.432	 	-0.0177099	 	101.292	 	0.446764	 	14508427	 	42.1526	 	1.41891	 	
135000	-1.23334	 	616.646	 	-0.0200967	 	101.404	 	0.446962	 	14613360	 	42.1842	 	1.42181	 	
136000	-1.2337	 	616.994	 	-0.021886	 	101.637	 	0.447729	 	14714292	 	42.2687	 	1.42165	 	
137000	-1.23384	 	617.134	 	-0.018054	 	101.775	 	0.448199	 	14819616	 	42.3519	 	1.42119	 	
138000	-1.23341	 	616.69	 	-0.0194546	 	101.398	 	0.447099	 	14936730	 	42.186	 	1.41895	 	
139000	-1.23348	 	616.754	 	-0.0181209	 	101.46	 	0.447342	 	15043361	 	42.2203	 	1.41777	 	
140000	-1.23311	 	616.38	 	-0.0175563	 	101.26	 	0.446751	 	15158693	 	42.1403	 	1.41666	 	
141000	-1.23291	 	616.178	 	-0.0159274	 	101.18	 	0.446634	 	15270942	 	42.1162	 	1.41512	 	
142000	-1.23301	 	616.281	 	-0.0193802	 	101.318	 	0.447078	 	15377361	 	42.1533	 	1.41536	 	
143000	-1.23306	 	616.322	 	-0.0216986	 	101.285	 	0.446911	 	15485352	 	42.1238	 	1.4149	 	
144000	-1.23284	 	616.095	 	-0.0200432	 	101.133	 	0.446532	 	15598410	 	42.0717	 	1.41338	 	
145000	-1.23257	 	615.828	 	-0.0191796	 	100.933	 	0.446002	 	15713144	 	41.9939	 	1.41266	 	
146000	-1.23278	 	616.045	 	-0.0223321	 	101.121	 	0.446375	 	15816850	 	42.0507	 	1.41447	 	
147000	-1.23251	 	615.768	 	-0.0220373	 	100.905	 	0.445809	 	15931150	 	41.9629	 	1.412	 	
148000	-1.23256	 	615.806	 	-0.0207674	 	100.947	 	0.446022	 	16038641	 	41.9895	 	1.41075	 	
149000	-1.23281	 	616.056	 	-0.0199662	 	101.074	 	0.446332	 	16141004	 	42.0478	 	1.41119	 	
150000	-1.23255	 	615.786	 	-0.0193912	 	100.793	 	0.445439	 	16254916	 	41.9346	 	1.4086	 	
151000	-1.23267	 	615.907	 	-0.0210724	 	100.901	 	0.44577	 	16360935	 	41.968	 	1.40898	 	
152000	-1.23278	 	616.017	 	-0.0242293	 	100.987	 	0.446132	 	16466659	 	41.9801	 	1.40857	 	
153000	-1.23276	 	616.002	 	-0.0269148	 	100.962	 	0.446065	 	16576215	 	41.9467	 	1.41017	 	
154000	-1.23262	 	615.859	 	-0.0262269	 	100.826	 	0.445721	 	16688186	 	41.8964	 	1.40921	 	
155000	-1.2324	 	615.636	 	-0.0244772	 	100.613	 	0.445033	 	16801808	 	41.8222	 	1.40834	 	
156000	-1.23233	 	615.556	 	-0.0234567	 	100.527	 	0.44488	 	16912348	 	41.7945	 	1.40608	 	
157000	-1.23237	 	615.592	 	-0.0240918	 	100.576	 	0.445047	 	17019830	 	41.8099	 	1.40593	 	
158000	-1.23244	 	615.657	 	-0.0247853	 	100.621	 	0.445206	 	17126641	 	41.8231	 	1.4052	 	
159000	-1.23283	 	616.055	 	-0.0250063	 	100.818	 	0.445638	 	17226307	 	41.9031	 	1.40809	 	
160000	-1.23284	 	616.079	 	-0.0241037	 	100.867	 	0.445674	 	17333840	 	41.9312	 	1.40942	 	
161000	-1.23282	 	616.054	 	-0.0229857	 	100.847	 	0.445645	 	17442616	 	41.9316	 	1.40924	 	
162000	-1.23282	 	616.053	 	-0.0228098	 	100.842	 	0.445663	 	17551245	 	41.9308	 	1.40844	 	
163000	-1.23288	 	616.119	 	-0.0198306	 	100.916	 	0.445884	 	17658002	 	41.9829	 	1.40946	 	
164000	-1.23314	 	616.373	 	-0.0163544	 	101.129	 	0.446529	 	17759891	 	42.0926	 	1.40973	 	
165000	-1.2332	 	616.425	 	-0.013595	 	101.164	 	0.446633	 	17866606	 	42.121	 	1.40894	 	
166000	-1.23296	 	616.174	 	-0.013292	 	100.985	 	0.446239	 	17981420	 	42.0477	 	1.40629	 	
167000	-1.23294	 	616.149	 	-0.014993	 	100.969	 	0.446252	 	18089885	 	42.0331	 	1.40457	 	
168000	-1.23292	 	616.127	 	-0.0126426	 	100.91	 	0.446094	 	18199172	 	42.0194	 	1.40439	 	
169000	-1.23291	 	616.13	 	-0.011233	 	100.941	 	0.446109	 	18307297	 	42.0376	 	1.40619	 	
170000	-1.23305	 	616.261	 	-0.00805159	 	101.084	 	0.4466	 	18411969	 	42.1075	 	1.40554	 	
171000	-1.233	 	616.22	 	-0.00888626	 	101.071	 	0.446484	 	18521097	 	42.0996	 	1.4064	 	
172000	-1.23319	 	616.404	 	-0.0069359	 	101.171	 	0.446839	 	18624175	 	42.1465	 	1.4064	 	
173000	-1.23334	 	616.547	 	-0.00567087	 	101.303	 	0.447244	 	18728710	 	42.2042	 	1.40618	 	
174000	-1.23378	 	617.007	 	-0.00774408	 	101.636	 	0.448097	 	18825847	 	42.3382	 	1.40949	 	
175000	-1.23417	 	617.399	 	-0.00432217	 	101.926	 	0.448915	 	18923433	 	42.4662	 	1.41056	 	
176000	-1.23427	 	617.496	 	-0.00463151	 	102.041	 	0.449277	 	19029228	 	42.5134	 	1.41065	 	
177000	-1.2343	 	617.521	 	-0.00607339	 	102.045	 	0.449264	 	19136542	 	42.5128	 	1.41	 	
178000	-1.23403	 	617.245	 	-0.00521447	 	101.864	 	0.448835	 	19251764	 	42.4388	 	1.40906	 	
179000	-1.234	 	617.223	 	-0.00535047	 	101.863	 	0.448867	 	19360733	 	42.4381	 	1.41053	 	
180000	-1.2342	 	617.435	 	-0.00828761	 	102.048	 	0.449409	 	19463650	 	42.5085	 	1.41218	 	
181000	-1.23437	 	617.6	 	-0.00840285	 	102.151	 	0.449742	 	19566875	 	42.5511	 	1.41165	 	
182000	-1.23419	 	617.41	 	-0.00766632	 	102.01	 	0.449353	 	19679840	 	42.4942	 	1.40992	 	
183000	-1.23431	 	617.532	 	-0.00489855	 	102.118	 	0.449679	 	19783814	 	42.5453	 	1.40987	 	
184000	-1.23454	 	617.754	 	-0.00263649	 	102.258	 	0.450066	 	19885819	 	42.6062	 	1.41009	 	
185000	-1.23468	 	617.898	 	-0.00462197	 	102.408	 	0.45055	 	19990101	 	42.6662	 	1.41032	 	
186000	-1.23438	 	617.595	 	-0.00488344	 	102.135	 	0.449709	 	20106471	 	42.5525	 	1.40972	 	
187000	-1.23448	 	617.688	 	-0.00645757	 	102.189	 	0.44994	 	20212416	 	42.5718	 	1.40896	 	
188000	-1.23458	 	617.794	 	-0.00377963	 	102.279	 	0.450209	 	20317460	 	42.6139	 	1.40879	 	
189000	-1.23457	 	617.773	 	-0.00169413	 	102.216	 	0.450022	 	20426026	 	42.5895	 	1.4077	 	
190000	-1.23468	 	617.883	 	-0.000165947	 	102.347	 	0.450438	 	20530719	 	42.6446	 	1.40839	 	
191000	-1.23467	 	617.879	 	-0.00031877	 	102.366	 	0.450464	 	20638990	 	42.6524	 	1.40894	 	
192000	-1.2344	 	617.608	 	-0.000448958	 	102.134	 	0.449771	 	20754813	 	42.5559	 	1.40808	 	
193000	-1.23466	 	617.872	 	0.000584948	 	102.23	 	0.449977	 	20855921	 	42.5956	 	1.40879	 	
194000	-1.23483	 	618.038	 	-0.00194381	 	102.357	 	0.450352	 	20959250	 	42.6482	 	1.40926	 	
195000	-1.23489	 	618.092	 	-0.00407264	 	102.367	 	0.450416	 	21065852	 	42.6502	 	1.40848	 	
196000	-1.23498	 	618.184	 	-0.00666462	 	102.462	 	0.450742	 	21171409	 	42.6852	 	1.40866	 	
197000	-1.23479	 	617.984	 	-0.00665317	 	102.269	 	0.450133	 	21284707	 	42.6046	 	1.40728	 	
198000	-1.23503	 	618.233	 	-0.00947576	 	102.476	 	0.450725	 	21385577	 	42.6834	 	1.40784	 	
199000	-1.23526	 	618.449	 	-0.0100755	 	102.661	 	0.451279	 	21486761	 	42.7585	 	1.40711	 	
200000	-1.23533	 	618.531	 	-0.00980427	 	102.749	 	0.451516	 	21592264	 	42.796	 	1.40872	 	
201000	-1.23537	 	618.571	 	-0.0121635	 	102.797	 	0.451685	 	21698679	 	42.8075	 	1.40846	 	
202000	-1.23535	 	618.552	 	-0.0133108	 	102.817	 	0.451747	 	21807628	 	42.8108	 	1.40891	 	
203000	-1.23546	 	618.663	 	-0.0108154	 	102.91	 	0.452015	 	21912845	 	42.8598	 	1.40934	 	
204000	-1.23563	 	618.834	 	-0.00884588	 	102.972	 	0.452084	 	22015820	 	42.892	 	1.40977	 	
205000	-1.23566	 	618.86	 	-0.0091471	 	102.957	 	0.452019	 	22122407	 	42.8849	 	1.40852	 	
206000	-1.23569	 	618.884	 	-0.00907209	 	102.944	 	0.451923	 	22230252	 	42.8795	 	1.40885	 	
207000	-1.23566	 	618.847	 	-0.0109819	 	102.963	 	0.452099	 	22338396	 	42.881	 	1.40744	 	
208000	-1.23577	 	618.967	 	-0.0120773	 	103.052	 	0.452301	 	22443207	 	42.9142	 	1.4088	 	
209000	-1.2358	 	618.983	 	-0.0142426	 	103.053	 	0.452372	 	22550083	 	42.9051	 	1.40692	 	
210000	-1.23567	 	618.848	 	-0.0153807	 	103.011	 	0.452304	 	22661478	 	42.8819	 	1.40587	 	
211000	-1.23567	 	618.848	 	-0.0140088	 	102.981	 	0.452193	 	22769393	 	42.8761	 	1.4051	 	
212000	-1.23565	 	618.831	 	-0.0133529	 	102.971	 	0.45218	 	22878187	 	42.8749	 	1.40539	 	
213000	-1.23578	 	618.964	 	-0.010981	 	103.079	 	0.452498	 	22982182	 	42.9296	 	1.40661	 	
214000	-1.2357	 	618.877	 	-0.00995164	 	103.03	 	0.452376	 	23093022	 	42.9129	 	1.40578	 	
215000	-1.23572	 	618.896	 	-0.00963516	 	103.005	 	0.452275	 	23200237	 	42.9032	 	1.40552	 	
216000	-1.23563	 	618.8	 	-0.00890025	 	102.936	 	0.452168	 	23311036	 	42.8767	 	1.40366	 	
217000	-1.23583	 	618.995	 	-0.00906035	 	103.061	 	0.45252	 	23412171	 	42.9284	 	1.40418	 	
218000	-1.23597	 	619.128	 	-0.00650209	 	103.191	 	0.452961	 	23514934	 	42.9894	 	1.40319	 	
219000	-1.23609	 	619.247	 	-0.00860813	 	103.282	 	0.453208	 	23618644	 	43.0217	 	1.40292	 	
220000	-1.23596	 	619.112	 	-0.00758709	 	103.171	 	0.452875	 	23731304	 	42.9784	 	1.40187	 	
221000	-1.23601	 	619.161	 	-0.00643303	 	103.256	 	0.453188	 	23837504	 	43.0164	 	1.40146	 	
222000	-1.23613	 	619.275	 	-0.00406662	 	103.336	 	0.45349	 	23940956	 	43.0538	 	1.4	 	
223000	-1.23598	 	619.117	 	-0.00334247	 	103.186	 	0.453073	 	24053844	 	42.9922	 	1.39967	 	
224000	-1.23606	 	619.2	 	-0.00100134	 	103.281	 	0.453392	 	24159193	 	43.0337	 	1.39949	 	
225000	-1.23633	 	619.475	 	-6.49778e-05	 	103.476	 	0.453928	 	24257832	 	43.1148	 	1.40084	 	
226000	-1.23631	 	619.456	 	-0.00200942	 	103.464	 	0.453892	 	24366095	 	43.1094	 	1.40104	 	
227000	-1.23617	 	619.316	 	-0.00169436	 	103.357	 	0.453541	 	24478058	 	43.0649	 	1.40063	 	
228000	-1.23648	 	619.622	 	-0.00434485	 	103.58	 	0.45421	 	24575546	 	43.1553	 	1.40091	 	
229000	-1.23662	 	619.762	 	-0.00668764	 	103.721	 	0.454613	 	24678754	 	43.2097	 	1.40171	 	
230000	-1.23658	 	619.725	 	-0.00855433	 	103.757	 	0.454772	 	24787758	 	43.2197	 	1.402	 	
231000	-1.23661	 	619.751	 	-0.0107055	 	103.802	 	0.454991	 	24894410	 	43.2316	 	1.40073	 	
232000	-1.23652	 	619.657	 	-0.0108184	 	103.714	 	0.454798	 	25005350	 	43.1947	 	1.39947	 	
233000	-1.23634	 	619.477	 	-0.0103867	 	103.606	 	0.45448	 	25118921	 	43.1513	 	1.39974	 	
234000	-1.23632	 	619.453	 	-0.00839265	 	103.583	 	0.454488	 	25227686	 	43.1478	 	1.39858	 	
235000	-1.2363	 	619.435	 	-0.00976374	 	103.586	 	0.454519	 	25336074	 	43.1451	 	1.39875	 	
236000	-1.23633	 	619.461	 	-0.00956822	 	103.646	 	0.454702	 	25443012	 	43.1704	 	1.39857	 	
237000	-1.23645	 	619.573	 	-0.00811089	 	103.716	 	0.454966	 	25546227	 	43.2042	 	1.39783	 	
238000	-1.23651	 	619.629	 	-0.00981405	 	103.802	 	0.455275	 	25651691	 	43.2347	 	1.39673	 	
239000	-1.23658	 	619.701	 	-0.0078155	 	103.875	 	0.455494	 	25756691	 	43.271	 	1.39713	 	
240000	-1.23679	 	619.917	 	-0.00751277	 	104.003	 	0.45585	 	25857003	 	43.3253	 	1.39822	 	
241000	-1.23666	 	619.778	 	-0.00674178	 	103.884	 	0.455478	 	25969514	 	43.2775	 	1.39751	 	
242000	-1.23649	 	619.611	 	-0.00598866	 	103.735	 	0.455009	 	26082898	 	43.2171	 	1.39732	 	
243000	-1.23666	 	619.78	 	-0.00369344	 	103.862	 	0.455407	 	26184917	 	43.2738	 	1.39762	 	
244000	-1.23651	 	619.627	 	-0.00320787	 	103.765	 	0.45515	 	26297548	 	43.2337	 	1.39595	 	
245000	-1.23645	 	619.562	 	-0.002394	 	103.74	 	0.455103	 	26407549	 	43.2239	 	1.39556	 	
246000	-1.23651	 	619.617	 	-0.00211256	 	103.754	 	0.455133	 	26513707	 	43.2301	 	1.3954	 	
247000	-1.2364	 	619.519	 	-0.00104755	 	103.655	 	0.454833	 	26625365	 	43.1893	 	1.39613	 	
248000	-1.23638	 	619.487	 	0.000556331	 	103.632	 	0.454756	 	26733951	 	43.1798	 	1.3954	 	
249000	-1.23644	 	619.556	 	0.000384076	 	103.635	 	0.454722	 	26839578	 	43.1811	 	1.39658	 	
250000	-1.2366	 	619.713	 	-0.00163504	 	103.705	 	0.454957	 	26941130	 	43.2098	 	1.39582	 	
251000	-1.23676	 	619.867	 	-0.00384741	 	103.839	 	0.455363	 	27043354	 	43.2639	 	1.39603	 	
252000	-1.23682	 	619.932	 	-0.00571044	 	103.863	 	0.45544	 	27148857	 	43.271	 	1.39653	 	
253000	-1.23661	 	619.719	 	-0.00566049	 	103.676	 	0.454904	 	27264042	 	43.193	 	1.39603	 	
254000	-1.23669	 	619.812	 	-0.00387809	 	103.713	 	0.454958	 	27368425	 	43.2112	 	1.39686	 	
255000	-1.23667	 	619.784	 	-0.0041989	 	103.69	 	0.454825	 	27477317	 	43.2011	 	1.39698	 	
256000	-1.23656	 	619.68	 	-0.00455402	 	103.644	 	0.454685	 	27588799	 	43.1815	 	1.3967	 	
257000	-1.2367	 	619.82	 	-0.00366626	 	103.749	 	0.454949	 	27691374	 	43.2265	 	1.3973	 	
258000	-1.2367	 	619.815	 	-0.0018189	 	103.761	 	0.455021	 	27799103	 	43.2332	 	1.39709	 	
259000	-1.23655	 	619.667	 	-0.00269525	 	103.672	 	0.454794	 	27912839	 	43.1953	 	1.39686	 	
260000	-1.23646	 	619.584	 	-0.00150065	 	103.593	 	0.454515	 	28024013	 	43.1632	 	1.39677	 	
261000	-1.23638	 	619.495	 	-0.00242318	 	103.514	 	0.454247	 	28135646	 	43.1299	 	1.39657	 	
262000	-1.2366	 	619.721	 	-0.00014063	 	103.696	 	0.454786	 	28234725	 	43.2068	 	1.39679	 	
263000	-1.23671	 	619.822	 	-0.000206673	 	103.777	 	0.455047	 	28338007	 	43.2403	 	1.39671	 	
264000	-1.23673	 	619.839	 	0.000256193	 	103.831	 	0.455214	 	28445020	 	43.2629	 	1.39633	 	
265000	-1.23683	 	619.949	 	0.00184374	 	103.898	 	0.455336	 	28549113	 	43.2902	 	1.39756	 	
266000	-1.23696	 	620.084	 	0.0036937	 	103.998	 	0.455572	 	28652265	 	43.33	 	1.39939	 	
267000	-1.23691	 	620.034	 	0.00424071	 	103.962	 	0.455479	 	28762111	 	43.3147	 	1.39897	 	
268000	-1.23687	 	619.992	 	0.00264461	 	103.934	 	0.455406	 	28871835	 	43.3046	 	1.39845	 	
269000	-1.23705	 	620.182	 	0.000507007	 	104.089	 	0.455847	 	28972080	 	43.3705	 	1.39944	 	
270000	-1.23696	 	620.086	 	0.000249407	 	104.009	 	0.455601	 	29083401	 	43.3371	 	1.39929	 	
271000	-1.23695	 	620.072	 	-0.000957675	 	104.003	 	0.455643	 	29191716	 	43.3345	 	1.3982	 	
272000	-1.2368	 	619.923	 	-0.000875588	 	103.932	 	0.455497	 	29305550	 	43.3047	 	1.39788	 	
273000	-1.23685	 	619.977	 	-0.00163767	 	103.98	 	0.455602	 	29410793	 	43.3245	 	1.39886	 	
274000	-1.23696	 	620.083	 	-0.00238724	 	104.05	 	0.455809	 	29514294	 	43.3533	 	1.39906	 	
275000	-1.23708	 	620.213	 	-0.00259469	 	104.125	 	0.455988	 	29616846	 	43.3843	 	1.39977	 	
276000	-1.23715	 	620.277	 	-0.00371393	 	104.168	 	0.456175	 	29721775	 	43.4009	 	1.39942	 	
277000	-1.23718	 	620.306	 	-0.00344838	 	104.207	 	0.456266	 	29828204	 	43.4175	 	1.39991	 	
278000	-1.23702	 	620.152	 	-0.00301167	 	104.131	 	0.456026	 	29942293	 	43.3862	 	1.40011	 	
279000	-1.23711	 	620.243	 	-0.00141461	 	104.175	 	0.456065	 	30046621	 	43.4058	 	1.40051	 	
280000	-1.23723	 	620.364	 	-0.00170377	 	104.27	 	0.456274	 	30149330	 	43.4454	 	1.40149	 	
281000	-1.23708	 	620.212	 	-0.000979733	 	104.128	 	0.455895	 	30263073	 	43.3865	 	1.40065	 	
282000	-1.237	 	620.139	 	-0.00255872	 	104.127	 	0.455941	 	30373403	 	43.3852	 	1.40078	 	
283000	-1.23691	 	620.051	 	-0.00234751	 	104.046	 	0.455696	 	30485387	 	43.3515	 	1.40085	 	
284000	-1.23691	 	620.048	 	-0.00151018	 	104.063	 	0.45573	 	30593835	 	43.3593	 	1.4016	 	
285000	-1.23693	 	620.068	 	0.000266596	 	104.134	 	0.45594	 	30700388	 	43.3893	 	1.40153	 	
286000	-1.23688	 	620.027	 	0.000298776	 	104.103	 	0.455822	 	30809753	 	43.3762	 	1.40214	 	
287000	-1.23682	 	619.961	 	-0.00070608	 	104.069	 	0.455758	 	30919924	 	43.3619	 	1.40126	 	
288000	-1.23685	 	619.985	 	0.000678715	 	104.082	 	0.455846	 	31025663	 	43.3674	 	1.4001	 	
289000	-1.23689	 	620.021	 	-0.000468339	 	104.06	 	0.455725	 	31131985	 	43.3584	 	1.39985	 	
290000	-1.23695	 	620.075	 	-0.00179491	 	104.087	 	0.4558	 	31237326	 	43.369	 	1.39923	 	
291000	-1.23709	 	620.221	 	-0.00365732	 	104.189	 	0.456103	 	31338919	 	43.41	 	1.3996	 	
292000	-1.23716	 	620.284	 	-0.0054125	 	104.257	 	0.456317	 	31444062	 	43.4355	 	1.39947	 	
293000	-1.23707	 	620.194	 	-0.00594423	 	104.186	 	0.45614	 	31555671	 	43.405	 	1.39824	 	
294000	-1.23719	 	620.314	 	-0.00778162	 	104.292	 	0.456455	 	31657917	 	43.445	 	1.3982	 	
295000	-1.23721	 	620.332	 	-0.00770003	 	104.353	 	0.456666	 	31764836	 	43.4703	 	1.39817	 	
296000	-1.23723	 	620.348	 	-0.00635541	 	104.393	 	0.456788	 	31871594	 	43.4904	 	1.39879	 	
297000	-1.23726	 	620.38	 	-0.0049453	 	104.371	 	0.456687	 	31978179	 	43.484	 	1.39907	 	
298000	-1.2372	 	620.324	 	-0.00377706	 	104.311	 	0.45649	 	32087894	 	43.4605	 	1.3988	 	
299000	-1.23742	 	620.545	 	-0.00176995	 	104.477	 	0.456957	 	32185342	 	43.5315	 	1.39977	 	
300000	-1.2374	 	620.529	 	-0.00041005	 	104.463	 	0.456897	 	32293602	 	43.5262	 	1.40009	 	
301000	-1.23739	 	620.515	 	0.00100703	 	104.475	 	0.456965	 	32401407	 	43.5312	 	1.4	 	
302000	-1.23733	 	620.457	 	5.55464e-05	 	104.451	 	0.456906	 	32511467	 	43.5211	 	1.39985	 	
303000	-1.2373	 	620.427	 	0.000861518	 	104.462	 	0.456965	 	32619880	 	43.5257	 	1.39952	 	
304000	-1.23723	 	620.351	 	0.00101414	 	104.394	 	0.456753	 	32731029	 	43.4973	 	1.39909	 	
305000	-1.2374	 	620.522	 	0.000421902	 	104.517	 	0.457082	 	32830923	 	43.5487	 	1.3997	 	
306000	-1.23729	 	620.413	 	-0.000454412	 	104.459	 	0.456884	 	32943817	 	43.5247	 	1.39973	 	
307000	-1.23727	 	620.392	 	0.000276954	 	104.483	 	0.456966	 	33052699	 	43.5347	 	1.39903	 	
308000	-1.23724	 	620.361	 	0.00149346	 	104.476	 	0.45699	 	33161675	 	43.5313	 	1.39893	 	
309000	-1.23727	 	620.392	 	0.00188631	 	104.479	 	0.456999	 	33267575	 	43.5321	 	1.39896	 	
310000	-1.23728	 	620.403	 	0.002246	 	104.489	 	0.457069	 	33374844	 	43.5364	 	1.39858	 	
311000	-1.23726	 	620.389	 	0.000930997	 	104.488	 	0.456993	 	33483628	 	43.5366	 	1.39975	 	
312000	-1.23733	 	620.46	 	-0.000210096	 	104.527	 	0.457061	 	33587711	 	43.5531	 	1.39988	 	
313000	-1.23726	 	620.391	 	0.000319585	 	104.476	 	0.456894	 	33698882	 	43.5317	 	1.40023	 	
314000	-1.23723	 	620.358	 	0.000669475	 	104.454	 	0.456825	 	33808305	 	43.5224	 	1.40058	 	
315000	-1.2373	 	620.434	 	0.00226878	 	104.501	 	0.456976	 	33912851	 	43.5411	 	1.40098	 	
316000	-1.2373	 	620.433	 	0.000811899	 	104.513	 	0.456996	 	34020528	 	43.5468	 	1.40116	 	
317000	-1.23717	 	620.307	 	0.000850915	 	104.408	 	0.456685	 	34134236	 	43.5032	 	1.40136	 	
318000	-1.23728	 	620.42	 	-0.000216258	 	104.517	 	0.457012	 	34236437	 	43.5487	 	1.40119	 	
319000	-1.23723	 	620.372	 	0.000613997	 	104.455	 	0.456772	 	34346654	 	43.5228	 	1.40165	 	
320000	-1.23711	 	620.245	 	0.000793234	 	104.327	 	0.456429	 	34460418	 	43.4695	 	1.40033	 	
321000	-1.23708	 	620.211	 	-0.000322134	 	104.31	 	0.456347	 	34569372	 	43.4623	 	1.40035	 	
322000	-1.23726	 	620.394	 	-0.00208464	 	104.44	 	0.456716	 	34667556	 	43.5158	 	1.40057	 	
323000	-1.23731	 	620.443	 	-0.00207963	 	104.448	 	0.456733	 	34772956	 	43.5194	 	1.4008	 	
324000	-1.23721	 	620.343	 	-0.00267426	 	104.388	 	0.456573	 	34884903	 	43.494	 	1.40029	 	
325000	-1.23711	 	620.246	 	-0.00370742	 	104.335	 	0.456412	 	34997135	 	43.4707	 	1.40016	 	
326000	-1.23702	 	620.146	 	-0.00321107	 	104.277	 	0.456265	 	35110081	 	43.4472	 	1.39956	 	
327000	-1.23683	 	619.96	 	-0.00362064	 	104.121	 	0.455815	 	35226887	 	43.3817	 	1.39899	 	
328000	-1.2368	 	619.93	 	-0.00423684	 	104.074	 	0.455656	 	35335530	 	43.3613	 	1.39854	 	
329000	-1.2367	 	619.83	 	-0.00446108	 	104	 	0.455412	 	35447871	 	43.3301	 	1.39897	 	
330000	-1.23675	 	619.88	 	-0.00572539	 	104.036	 	0.455491	 	35553047	 	43.343	 	1.39993	 	
331000	-1.23677	 	619.905	 	-0.00543585	 	104.057	 	0.455576	 	35659015	 	43.3521	 	1.39956	 	
332000	-1.23666	 	619.789	 	-0.00483818	 	103.967	 	0.455298	 	35772499	 	43.3157	 	1.39965	 	
333000	-1.23663	 	619.762	 	-0.00493517	 	103.973	 	0.455345	 	35881139	 	43.3181	 	1.39921	 	
334000	-1.23667	 	619.803	 	-0.00341123	 	104.02	 	0.4555	 	35986375	 	43.3396	 	1.39938	 	
335000	-1.23658	 	619.709	 	-0.0033534	 	103.942	 	0.455303	 	36098831	 	43.3072	 	1.3985	 	
336000	-1.23672	 	619.848	 	-0.00161516	 	104.076	 	0.455676	 	36198917	 	43.3644	 	1.39925	 	
337000	-1.23666	 	619.785	 	-0.00104442	 	104.034	 	0.455604	 	36310167	 	43.3471	 	1.39901	 	
338000	-1.23676	 	619.889	 	-0.00249161	 	104.1	 	0.455815	 	36412337	 	43.3741	 	1.39886	 	
339000	-1.23676	 	619.878	 	-0.00322901	 	104.095	 	0.455852	 	36520045	 	43.3712	 	1.39777	 	
340000	-1.23657	 	619.695	 	-0.00299953	 	103.958	 	0.45547	 	36636770	 	43.3145	 	1.39722	 	
341000	-1.23652	 	619.643	 	-0.00239852	 	103.946	 	0.455428	 	36746338	 	43.3099	 	1.39734	 	
342000	-1.23636	 	619.487	 	-0.0031674	 	103.849	 	0.455136	 	36862025	 	43.2687	 	1.3974	 	
343000	-1.23622	 	619.345	 	-0.00242816	 	103.737	 	0.454822	 	36977217	 	43.2227	 	1.39672	 	
344000	-1.23633	 	619.453	 	-0.00267285	 	103.842	 	0.455122	 	37079297	 	43.2661	 	1.3974	 	
345000	-1.23612	 	619.241	 	-0.00252857	 	103.668	 	0.454553	 	37197906	 	43.1939	 	1.39727	 	
346000	-1.23619	 	619.317	 	-0.00173296	 	103.709	 	0.454621	 	37301769	 	43.2117	 	1.39837	 	
347000	-1.23617	 	619.298	 	-0.00028415	 	103.731	 	0.454754	 	37410349	 	43.2213	 	1.3976	 	
348000	-1.23614	 	619.271	 	0.000541624	 	103.706	 	0.454654	 	37519983	 	43.2109	 	1.39768	 	
349000	-1.23607	 	619.2	 	-0.00045212	 	103.642	 	0.454445	 	37631585	 	43.1842	 	1.39758	 	
350000	-1.23614	 	619.273	 	-0.00155423	 	103.687	 	0.454527	 	37735650	 	43.2027	 	1.3983	 	
351000	-1.23608	 	619.213	 	-0.00269725	 	103.641	 	0.454414	 	37846417	 	43.1827	 	1.39773	 	
352000	-1.23605	 	619.18	 	-0.00378672	 	103.583	 	0.454249	 	37956171	 	43.1573	 	1.3974	 	
353000	-1.2361	 	619.225	 	-0.00398717	 	103.627	 	0.454376	 	38061464	 	43.1753	 	1.39747	 	
354000	-1.23617	 	619.299	 	-0.00394596	 	103.659	 	0.454457	 	38166060	 	43.1885	 	1.3981	 	
355000	-1.23612	 	619.247	 	-0.00420448	 	103.617	 	0.454337	 	38276989	 	43.1706	 	1.39806	 	
356000	-1.23623	 	619.355	 	-0.00556719	 	103.706	 	0.454611	 	38379100	 	43.2056	 	1.39798	 	
357000	-1.23614	 	619.264	 	-0.00617304	 	103.66	 	0.454486	 	38492009	 	43.1852	 	1.39768	 	
358000	-1.23617	 	619.306	 	-0.00606908	 	103.692	 	0.454547	 	38598000	 	43.1988	 	1.39837	 	
359000	-1.23626	 	619.393	 	-0.00746937	 	103.758	 	0.454733	 	38701129	 	43.2231	 	1.398	 	
360000	-1.23627	 	619.393	 	-0.00777615	 	103.74	 	0.454677	 	38809337	 	43.2149	 	1.39761	 	
361000	-1.23632	 	619.454	 	-0.00884122	 	103.785	 	0.454787	 	38914198	 	43.2309	 	1.3987	 	
362000	-1.2364	 	619.534	 	-0.00802602	 	103.836	 	0.454907	 	39018547	 	43.2543	 	1.39933	 	
363000	-1.23629	 	619.419	 	-0.00841113	 	103.712	 	0.454585	 	39132773	 	43.2017	 	1.39816	 	
364000	-1.23653	 	619.666	 	-0.00679019	 	103.871	 	0.454968	 	39227625	 	43.2721	 	1.39997	 	
365000	-1.23671	 	619.842	 	-0.00511996	 	104.012	 	0.455373	 	39325810	 	43.334	 	1.40032	 	
366000	-1.2366	 	619.737	 	-0.00453516	 	103.938	 	0.455181	 	39439064	 	43.3041	 	1.40076	 	
367000	-1.23673	 	619.871	 	-0.00607559	 	104.052	 	0.455494	 	39539353	 	43.3489	 	1.4014	 	
368000	-1.23673	 	619.868	 	-0.00532302	 	104.047	 	0.455501	 	39647026	 	43.3482	 	1.40074	 	
369000	-1.23688	 	620.024	 	-0.00678367	 	104.146	 	0.455753	 	39747207	 	43.3864	 	1.40177	 	
370000	-1.23675	 	619.897	 	-0.00706603	 	104.036	 	0.455408	 	39861495	 	43.3399	 	1.40142	 	
371000	-1.23664	 	619.786	 	-0.00723264	 	103.962	 	0.455192	 	39975937	 	43.3088	 	1.40136	 	
372000	-1.23669	 	619.828	 	-0.00828247	 	104.004	 	0.455322	 	40081051	 	43.3235	 	1.40135	 	
373000	-1.23665	 	619.793	 	-0.00824202	 	103.951	 	0.455121	 	40190820	 	43.3018	 	1.40139	 	
374000	-1.23657	 	619.718	 	-0.00852505	 	103.889	 	0.454924	 	40302597	 	43.275	 	1.40122	 	
375000	-1.23671	 	619.852	 	-0.00999464	 	104.001	 	0.455217	 	40402872	 	43.3173	 	1.4017	 	
376000	-1.23681	 	619.958	 	-0.010414	 	104.106	 	0.455523	 	40503992	 	43.3593	 	1.40217	 	
377000	-1.23693	 	620.075	 	-0.00892806	 	104.197	 	0.45578	 	40605250	 	43.4021	 	1.40283	 	
378000	-1.23687	 	620.018	 	-0.00872254	 	104.145	 	0.455607	 	40716781	 	43.381	 	1.40296	 	
379000	-1.23672	 	619.865	 	-0.00887317	 	104.054	 	0.455331	 	40833556	 	43.3427	 	1.40263	 	
380000	-1.23671	 	619.859	 	-0.00801737	 	104.039	 	0.455301	 	40942026	 	43.3387	 	1.40208	 	
381000	-1.23664	 	619.786	 	-0.00770411	 	103.96	 	0.455097	 	41053947	 	43.3067	 	1.40165	 	
382000	-1.23652	 	619.666	 	-0.00842339	 	103.863	 	0.454811	 	41168778	 	43.2644	 	1.40174	 	
383000	-1.23645	 	619.601	 	-0.00769084	 	103.823	 	0.454685	 	41280160	 	43.2496	 	1.40222	 	
384000	-1.23647	 	619.613	 	-0.00725803	 	103.826	 	0.454719	 	41386850	 	43.2522	 	1.40147	 	
385000	-1.23655	 	619.695	 	-0.00597087	 	103.883	 	0.454873	 	41490336	 	43.2787	 	1.40196	 	
386000	-1.23662	 	619.768	 	-0.0048408	 	103.92	 	0.454988	 	41593689	 	43.2962	 	1.40158	 	
387000	-1.23672	 	619.866	 	-0.00346395	 	103.984	 	0.455183	 	41696670	 	43.3248	 	1.4017	 	
388000	-1.23683	 	619.973	 	-0.00456509	 	104.078	 	0.455466	 	41798116	 	43.3625	 	1.40209	 	
389000	-1.23694	 	620.086	 	-0.00477532	 	104.136	 	0.455638	 	41899672	 	43.3862	 	1.40247	 	
390000	-1.237	 	620.146	 	-0.00376145	 	104.191	 	0.455812	 	42004095	 	43.4104	 	1.40255	 	
391000	-1.23695	 	620.097	 	-0.00457836	 	104.128	 	0.455655	 	42114995	 	43.383	 	1.40217	 	
392000	-1.23696	 	620.108	 	-0.00506745	 	104.13	 	0.455666	 	42221878	 	43.3834	 	1.4022	 	
393000	-1.237	 	620.146	 	-0.00631536	 	104.16	 	0.455787	 	42327293	 	43.3934	 	1.40164	 	
394000	-1.23712	 	620.266	 	-0.0071085	 	104.27	 	0.456116	 	42428036	 	43.4375	 	1.40225	 	
395000	-1.23726	 	620.402	 	-0.00734453	 	104.358	 	0.456354	 	42527281	 	43.4736	 	1.40223	 	
396000	-1.23727	 	620.417	 	-0.00808538	 	104.37	 	0.456393	 	42633936	 	43.4767	 	1.40246	 	
397000	-1.23728	 	620.427	 	-0.00720249	 	104.377	 	0.456431	 	42741449	 	43.4819	 	1.40231	 	
398000	-1.23731	 	620.452	 	-0.00593925	 	104.415	 	0.456538	 	42848110	 	43.5002	 	1.40222	 	
399000	-1.23717	 	620.312	 	-0.00605491	 	104.297	 	0.456218	 	42963314	 	43.4508	 	1.40171	 	
400000	-1.23719	 	620.332	 	-0.00564004	 	104.292	 	0.456153	 	43070407	 	43.4498	 	1.4029	 	
401000	-1.23721	 	620.348	 	-0.00469596	 	104.286	 	0.456134	 	43176667	 	43.4488	 	1.40232	 	
402000	-1.2374	 	620.546	 	-0.00333414	 	104.436	 	0.456523	 	43272697	 	43.5133	 	1.40349	 	
403000	-1.23741	 	620.561	 	-0.00299914	 	104.439	 	0.456514	 	43379663	 	43.5148	 	1.40377	 	
404000	-1.23735	 	620.501	 	-0.00336369	 	104.392	 	0.45641	 	43490234	 	43.4948	 	1.40351	 	
405000	-1.23723	 	620.379	 	-0.0036552	 	104.27	 	0.456077	 	43605105	 	43.4437	 	1.40267	 	
406000	-1.23719	 	620.336	 	-0.0027966	 	104.241	 	0.455995	 	43715462	 	43.4326	 	1.40252	 	
407000	-1.23715	 	620.293	 	-0.002011	 	104.205	 	0.455878	 	43825129	 	43.4182	 	1.40239	 	
408000	-1.23707	 	620.212	 	-0.0020185	 	104.174	 	0.455847	 	43937428	 	43.4051	 	1.40154	 	
409000	-1.23714	 	620.275	 	-0.00230045	 	104.194	 	0.455902	 	44041979	 	43.4134	 	1.40141	 	
410000	-1.23706	 	620.192	 	-0.00225482	 	104.136	 	0.455738	 	44154963	 	43.389	 	1.40107	 	
411000	-1.23708	 	620.223	 	-0.00317307	 	104.126	 	0.455673	 	44261392	 	43.3843	 	1.40164	 	
412000	-1.23716	 	620.303	 	-0.00444415	 	104.186	 	0.45585	 	44363945	 	43.4074	 	1.40177	 	
413000	-1.237	 	620.145	 	-0.00488792	 	104.045	 	0.455399	 	44481913	 	43.348	 	1.40145	 	
414000	-1.23701	 	620.146	 	-0.00568097	 	104.036	 	0.455377	 	44589425	 	43.343	 	1.40157	 	
415000	-1.23689	 	620.037	 	-0.00590752	 	103.974	 	0.45519	 	44703783	 	43.3165	 	1.4019	 	
416000	-1.23687	 	620.013	 	-0.00667319	 	103.93	 	0.455064	 	44813154	 	43.2969	 	1.40179	 	
417000	-1.23691	 	620.056	 	-0.00778216	 	103.954	 	0.455136	 	44917496	 	43.3041	 	1.40163	 	
418000	-1.23686	 	620.003	 	-0.00776434	 	103.899	 	0.454982	 	45028712	 	43.2813	 	1.40119	 	
419000	-1.2369	 	620.038	 	-0.0075926	 	103.91	 	0.455009	 	45133442	 	43.286	 	1.40069	 	
420000	-1.23689	 	620.024	 	-0.00673152	 	103.892	 	0.455001	 	45242430	 	43.2808	 	1.40006	 	
421000	-1.23698	 	620.117	 	-0.00706124	 	103.966	 	0.455239	 	45344117	 	43.3109	 	1.40004	 	
422000	-1.237	 	620.127	 	-0.00747656	 	103.976	 	0.455297	 	45451288	 	43.3141	 	1.39959	 	
423000	-1.23679	 	619.92	 	-0.00752738	 	103.799	 	0.454711	 	45572113	 	43.2403	 	1.3995	 	
424000	-1.2367	 	619.83	 	-0.008063	 	103.728	 	0.454491	 	45685633	 	43.209	 	1.39957	 	
425000	-1.23679	 	619.921	 	-0.00882888	 	103.791	 	0.454695	 	45788577	 	43.2334	 	1.39943	 	
426000	-1.23674	 	619.869	 	-0.00929671	 	103.765	 	0.454636	 	45899675	 	43.2208	 	1.399	 	
427000	-1.23677	 	619.891	 	-0.00922629	 	103.786	 	0.45473	 	46006058	 	43.23	 	1.3985	 	
428000	-1.23677	 	619.893	 	-0.0102481	 	103.783	 	0.454723	 	46113721	 	43.2252	 	1.39822	 	
429000	-1.23671	 	619.835	 	-0.0111063	 	103.753	 	0.454629	 	46225020	 	43.2099	 	1.39823	 	
430000	-1.23678	 	619.901	 	-0.0121833	 	103.798	 	0.454748	 	46328683	 	43.2242	 	1.39867	 	
431000	-1.23672	 	619.852	 	-0.0116021	 	103.759	 	0.454649	 	46440337	 	43.2106	 	1.39907	 	
432000	-1.23677	 	619.896	 	-0.010431	 	103.79	 	0.454766	 	46545466	 	43.2278	 	1.39896	 	
433000	-1.2367	 	619.825	 	-0.0100793	 	103.752	 	0.45468	 	46657694	 	43.2131	 	1.39888	 	
434000	-1.23685	 	619.977	 	-0.0091622	 	103.845	 	0.454916	 	46755952	 	43.2549	 	1.39933	 	
435000	-1.23682	 	619.946	 	-0.00892767	 	103.829	 	0.454833	 	46865570	 	43.2487	 	1.39953	 	
436000	-1.23694	 	620.075	 	-0.00760903	 	103.92	 	0.455088	 	46965260	 	43.2903	 	1.40031	 	
437000	-1.23689	 	620.021	 	-0.00743889	 	103.891	 	0.455023	 	47076519	 	43.2788	 	1.40021	 	
438000	-1.23681	 	619.941	 	-0.0071534	 	103.825	 	0.454817	 	47189576	 	43.2517	 	1.40027	 	
439000	-1.23674	 	619.872	 	-0.00681759	 	103.785	 	0.454701	 	47301705	 	43.2359	 	1.40004	 	
440000	-1.23664	 	619.776	 	-0.00674483	 	103.708	 	0.454482	 	47415458	 	43.2039	 	1.39991	 	
441000	-1.23652	 	619.658	 	-0.00693273	 	103.641	 	0.454298	 	47531527	 	43.1759	 	1.40008	 	
442000	-1.23659	 	619.724	 	-0.00622016	 	103.687	 	0.454424	 	47634640	 	43.1966	 	1.39998	 	
443000	-1.23652	 	619.655	 	-0.00564858	 	103.647	 	0.454319	 	47746300	 	43.1808	 	1.39952	 	
444000	-1.23659	 	619.727	 	-0.00545211	 	103.681	 	0.454377	 	47849799	 	43.1954	 	1.40009	 	
445000	-1.23655	 	619.68	 	-0.00457207	 	103.639	 	0.454291	 	47960321	 	43.1793	 	1.39933	 	
446000	-1.23653	 	619.659	 	-0.00437882	 	103.644	 	0.454313	 	48069239	 	43.1819	 	1.39913	 	
447000	-1.23657	 	619.705	 	-0.00518402	 	103.682	 	0.454419	 	48173654	 	43.1962	 	1.3989	 	
448000	-1.23646	 	619.592	 	-0.00506426	 	103.568	 	0.454059	 	48289400	 	43.149	 	1.39885	 	
449000	-1.23643	 	619.558	 	-0.00547355	 	103.564	 	0.454089	 	48399780	 	43.1467	 	1.39869	 	
450000	-1.23631	 	619.442	 	-0.0056513	 	103.476	 	0.45387	 	48515392	 	43.1099	 	1.3984	 	
451000	-1.23623	 	619.355	 	-0.00591625	 	103.412	 	0.453681	 	48629129	 	43.0827	 	1.39817	 	
452000	-1.23618	 	619.313	 	-0.00575055	 	103.375	 	0.453581	 	48739621	 	43.0673	 	1.39807	 	
453000	-1.23612	 	619.243	 	-0.0061026	 	103.337	 	0.453508	 	48852076	 	43.0508	 	1.39725	 	
454000	-1.23612	 	619.244	 	-0.00540837	 	103.343	 	0.453526	 	48959622	 	43.0547	 	1.39689	 	
455000	-1.23606	 	619.179	 	-0.00466563	 	103.281	 	0.453353	 	49071755	 	43.0299	 	1.39633	 	
456000	-1.23603	 	619.148	 	-0.00489305	 	103.275	 	0.453347	 	49181250	 	43.0273	 	1.39659	 	
457000	-1.23596	 	619.08	 	-0.00460812	 	103.226	 	0.453188	 	49294135	 	43.0073	 	1.39672	 	
458000	-1.23605	 	619.171	 	-0.00346004	 	103.285	 	0.453367	 	49395883	 	43.0335	 	1.39682	 	
459000	-1.23605	 	619.178	 	-0.00257644	 	103.289	 	0.453338	 	49503504	 	43.0358	 	1.39763	 	
460000	-1.23604	 	619.169	 	-0.00214005	 	103.283	 	0.45333	 	49611955	 	43.0337	 	1.39751	 	
461000	-1.23608	 	619.212	 	-0.00114869	 	103.325	 	0.453475	 	49716878	 	43.0518	 	1.39759	 	
462000	-1.23611	 	619.233	 	-0.000702067	 	103.318	 	0.453429	 	49822940	 	43.0492	 	1.3976	 	
463000	-1.23611	 	619.232	 	0.000189978	 	103.325	 	0.453441	 	49930793	 	43.052	 	1.39755	 	
464000	-1.23612	 	619.245	 	-0.00079	 	103.342	 	0.453467	 	50037453	 	43.0591	 	1.39751	 	
465000	-1.23609	 	619.215	 	-0.00132154	 	103.315	 	0.453375	 	50147343	 	43.0477	 	1.39739	 	
466000	-1.23598	 	619.11	 	-0.00123408	 	103.253	 	0.453203	 	50262939	 	43.0218	 	1.39772	 	
467000	-1.23598	 	619.109	 	-0.000789861	 	103.244	 	0.453178	 	50370508	 	43.0182	 	1.3976	 	
468000	-1.23604	 	619.169	 	-0.00093109	 	103.296	 	0.45334	 	50474917	 	43.0397	 	1.39766	 	
469000	-1.23604	 	619.168	 	-0.00170151	 	103.288	 	0.453312	 	50582847	 	43.0363	 	1.39716	 	
470000	-1.2362	 	619.329	 	-0.00256067	 	103.406	 	0.45362	 	50679333	 	43.0846	 	1.3978	 	
471000	-1.23614	 	619.262	 	-0.00246864	 	103.337	 	0.453421	 	50792159	 	43.056	 	1.39731	 	
472000	-1.2361	 	619.222	 	-0.00197882	 	103.3	 	0.453306	 	50902888	 	43.041	 	1.39734	 	
473000	-1.23616	 	619.29	 	-0.000893975	 	103.359	 	0.45348	 	51006186	 	43.066	 	1.39755	 	
474000	-1.23622	 	619.343	 	0.000239715	 	103.416	 	0.453656	 	51110000	 	43.09	 	1.39762	 	
475000	-1.2363	 	619.435	 	0.00120197	 	103.494	 	0.453847	 	51212248	 	43.1224	 	1.39907	 	
476000	-1.23637	 	619.5	 	0.000155756	 	103.545	 	0.453958	 	51315310	 	43.1439	 	1.39912	 	
477000	-1.23629	 	619.421	 	-0.000102662	 	103.468	 	0.453735	 	51428428	 	43.1116	 	1.3988	 	
478000	-1.23621	 	619.342	 	-2.95816e-05	 	103.412	 	0.453577	 	51541630	 	43.0883	 	1.39891	 	
479000	-1.23624	 	619.368	 	0.000316065	 	103.391	 	0.453517	 	51647528	 	43.0794	 	1.39853	 	
480000	-1.23631	 	619.435	 	0.00144731	 	103.45	 	0.453709	 	51750483	 	43.1039	 	1.39829	 	
481000	-1.23616	 	619.289	 	0.00182418	 	103.331	 	0.453342	 	51868880	 	43.0542	 	1.39816	 	
482000	-1.23609	 	619.219	 	0.00212197	 	103.257	 	0.453126	 	51981747	 	43.0229	 	1.39782	 	
483000	-1.23619	 	619.321	 	0.00171458	 	103.313	 	0.453273	 	52082196	 	43.0465	 	1.39817	 	
484000	-1.23607	 	619.201	 	0.00144174	 	103.214	 	0.452965	 	52198334	 	43.0053	 	1.39793	 	
485000	-1.23618	 	619.317	 	0.000279536	 	103.302	 	0.453195	 	52298827	 	43.0423	 	1.39912	 	
486000	-1.23604	 	619.175	 	0.000474486	 	103.181	 	0.452823	 	52417032	 	42.9922	 	1.39871	 	
487000	-1.23612	 	619.253	 	0.00138783	 	103.209	 	0.452887	 	52519972	 	43.0035	 	1.39891	 	
488000	-1.23619	 	619.32	 	0.00139309	 	103.259	 	0.45303	 	52623186	 	43.0244	 	1.39892	 	
489000	-1.2362	 	619.328	 	0.00152855	 	103.265	 	0.453086	 	52730183	 	43.0265	 	1.39809	 	
490000	-1.23618	 	619.315	 	0.00159795	 	103.264	 	0.453083	 	52838877	 	43.0263	 	1.39829	 	
491000	-1.23624	 	619.372	 	0.00124241	 	103.303	 	0.453175	 	52943145	 	43.0428	 	1.39882	 	
492000	-1.23623	 	619.366	 	0.000386524	 	103.292	 	0.453125	 	53051544	 	43.0384	 	1.39886	 	
493000	-1.23631	 	619.445	 	-0.00070499	 	103.362	 	0.453317	 	53153444	 	43.0676	 	1.3993	 	
494000	-1.23641	 	619.551	 	-0.00175008	 	103.421	 	0.453471	 	53253891	 	43.0916	 	1.39982	 	
495000	-1.23655	 	619.686	 	-0.0022412	 	103.502	 	0.453681	 	53351701	 	43.1251	 	1.40051	 	
496000	-1.23659	 	619.724	 	-0.00262804	 	103.522	 	0.453754	 	53456096	 	43.133	 	1.40021	 	
497000	-1.23657	 	619.709	 	-0.00360737	 	103.538	 	0.453828	 	53564720	 	43.1389	 	1.40001	 	
498000	-1.23654	 	619.669	 	-0.00370061	 	103.508	 	0.453755	 	53675394	 	43.126	 	1.39949	 	
499000	-1.23651	 	619.643	 	-0.0028633	 	103.508	 	0.453771	 	53785031	 	43.1269	 	1.39924	 	
500000	-1.23648	 	619.614	 	-0.0026299	 	103.494	 	0.453729	 	53894611	 	43.1214	 	1.39912	 	
501000	-1.23635	 	619.486	 	-0.00227937	 	103.416	 	0.453481	 	54011999	 	43.089	 	1.39961	 	
502000	-1.23625	 	619.388	 	-0.00248894	 	103.33	 	0.45318	 	54127820	 	43.0529	 	1.39976	 	
503000	-1.23623	 	619.367	 	-0.00279352	 	103.298	 	0.45307	 	54237151	 	43.0397	 	1.39967	 	
504000	-1.23634	 	619.476	 	-0.00296321	 	103.374	 	0.453283	 	54336676	 	43.0712	 	1.40022	 	
505000	-1.23633	 	619.47	 	-0.00224894	 	103.39	 	0.453342	 	54445049	 	43.0785	 	1.40024	 	
506000	-1.23625	 	619.394	 	-0.00216047	 	103.343	 	0.45323	 	54558524	 	43.0588	 	1.40008	 	
507000	-1.23628	 	619.425	 	-0.00139315	 	103.369	 	0.453302	 	54664596	 	43.0699	 	1.40064	 	
508000	-1.2363	 	619.436	 	-0.000404045	 	103.394	 	0.453401	 	54771071	 	43.081	 	1.40027	 	
509000	-1.23621	 	619.357	 	-0.00105854	 	103.341	 	0.453241	 	54885007	 	43.0586	 	1.40081	 	
510000	-1.23625	 	619.397	 	-0.00172702	 	103.38	 	0.453378	 	54990112	 	43.0746	 	1.40091	 	
511000	-1.23625	 	619.394	 	-0.00194747	 	103.37	 	0.453329	 	55097888	 	43.0703	 	1.40108	 	
512000	-1.23615	 	619.3	 	-0.00234345	 	103.297	 	0.453074	 	55213254	 	43.0393	 	1.40151	 	
513000	-1.23623	 	619.379	 	-0.00282068	 	103.356	 	0.453232	 	55314595	 	43.0635	 	1.40185	 	
514000	-1.23609	 	619.24	 	-0.00294494	 	103.258	 	0.452948	 	55432777	 	43.0227	 	1.40143	 	
515000	-1.23602	 	619.174	 	-0.00266552	 	103.208	 	0.45282	 	55546125	 	43.0023	 	1.40129	 	
516000	-1.23607	 	619.215	 	-0.00350974	 	103.239	 	0.452898	 	55651239	 	43.0144	 	1.40105	 	
517000	-1.23605	 	619.194	 	-0.00359548	 	103.233	 	0.45288	 	55760969	 	43.0115	 	1.40104	 	
518000	-1.23598	 	619.127	 	-0.00379759	 	103.152	 	0.452632	 	55873835	 	42.9778	 	1.40054	 	
519000	-1.23593	 	619.081	 	-0.00429648	 	103.113	 	0.452498	 	55985343	 	42.9606	 	1.40057	 	
520000	-1.23584	 	618.988	 	-0.00424203	 	103.053	 	0.452306	 	56101158	 	42.9357	 	1.40113	 	
521000	-1.23593	 	619.076	 	-0.00401848	 	103.097	 	0.452421	 	56202369	 	42.9546	 	1.40125	 	
522000	-1.23601	 	619.165	 	-0.00331991	 	103.139	 	0.452529	 	56303451	 	42.9729	 	1.40171	 	
523000	-1.23597	 	619.126	 	-0.00403668	 	103.105	 	0.452437	 	56414540	 	42.9578	 	1.40162	 	
524000	-1.23602	 	619.171	 	-0.00385789	 	103.155	 	0.452571	 	56518590	 	42.9787	 	1.4015	 	
525000	-1.23603	 	619.182	 	-0.00336772	 	103.186	 	0.452684	 	56625475	 	42.9922	 	1.40159	 	
526000	-1.23613	 	619.283	 	-0.00309356	 	103.257	 	0.452904	 	56724645	 	43.0221	 	1.40148	 	
527000	-1.23619	 	619.341	 	-0.00402059	 	103.302	 	0.453017	 	56828062	 	43.0399	 	1.40205	 	
528000	-1.23618	 	619.33	 	-0.00341786	 	103.292	 	0.45298	 	56936798	 	43.0363	 	1.40201	 	
529000	-1.23621	 	619.368	 	-0.00259657	 	103.319	 	0.453025	 	57041977	 	43.0486	 	1.40242	 	
530000	-1.23606	 	619.217	 	-0.00254027	 	103.209	 	0.452687	 	57161541	 	43.0027	 	1.40223	 	
531000	-1.23602	 	619.18	 	-0.00313549	 	103.199	 	0.452659	 	57272123	 	42.998	 	1.40255	 	
532000	-1.23592	 	619.081	 	-0.00325458	 	103.141	 	0.452499	 	57387737	 	42.9735	 	1.40237	 	
533000	-1.23593	 	619.087	 	-0.00233071	 	103.168	 	0.452586	 	57495253	 	42.9859	 	1.40228	 	
534000	-1.23585	 	619.01	 	-0.00213903	 	103.111	 	0.452403	 	57609120	 	42.9622	 	1.40217	 	
535000	-1.23586	 	619.013	 	-0.00188313	 	103.12	 	0.452431	 	57716349	 	42.9661	 	1.40215	 	
536000	-1.23601	 	619.173	 	-0.000730877	 	103.232	 	0.452736	 	57811340	 	43.0132	 	1.40318	 	
537000	-1.23604	 	619.199	 	-0.00155836	 	103.241	 	0.452774	 	57917384	 	43.0168	 	1.40289	 	
538000	-1.23595	 	619.112	 	-0.00185051	 	103.171	 	0.452545	 	58032765	 	42.9872	 	1.40319	 	
539000	-1.23588	 	619.041	 	-0.0019486	 	103.111	 	0.452375	 	58147003	 	42.9621	 	1.40318	 	
540000	-1.23583	 	618.992	 	-0.00156027	 	103.086	 	0.452319	 	58258701	 	42.9522	 	1.40326	 	
541000	-1.23585	 	619.009	 	-0.00243411	 	103.1	 	0.452366	 	58365388	 	42.9572	 	1.40331	 	
542000	-1.23586	 	619.025	 	-0.00158859	 	103.118	 	0.452399	 	58471203	 	42.9655	 	1.40334	 	
543000	-1.23581	 	618.978	 	-0.00230017	 	103.084	 	0.45231	 	58583540	 	42.9509	 	1.40348	 	
544000	-1.23573	 	618.891	 	-0.00261077	 	103.006	 	0.452128	 	58698296	 	42.918	 	1.40274	 	
545000	-1.23564	 	618.804	 	-0.00304646	 	102.962	 	0.451986	 	58813372	 	42.8995	 	1.40298	 	
546000	-1.23553	 	618.69	 	-0.00285183	 	102.887	 	0.451773	 	58930913	 	42.868	 	1.40266	 	
547000	-1.23546	 	618.626	 	-0.00306495	 	102.838	 	0.451635	 	59044226	 	42.8478	 	1.40263	 	
548000	-1.23543	 	618.598	 	-0.00372737	 	102.827	 	0.451603	 	59154536	 	42.8422	 	1.40252	 	
549000	-1.2354	 	618.566	 	-0.00364318	 	102.812	 	0.451579	 	59264862	 	42.836	 	1.40212	 	
550000	-1.23539	 	618.551	 	-0.00319353	 	102.808	 	0.451551	 	59373800	 	42.8349	 	1.40242	 	
551000	-1.23546	 	618.63	 	-0.0041834	 	102.873	 	0.451735	 	59475662	 	42.8609	 	1.40311	 	
552000	-1.23544	 	618.601	 	-0.0044082	 	102.851	 	0.451661	 	59586566	 	42.8515	 	1.40293	 	
553000	-1.23545	 	618.619	 	-0.00467297	 	102.864	 	0.451676	 	59693300	 	42.8562	 	1.40324	 	
554000	-1.23551	 	618.682	 	-0.00488367	 	102.902	 	0.451779	 	59796133	 	42.872	 	1.40375	 	
555000	-1.23562	 	618.79	 	-0.00382708	 	102.983	 	0.452013	 	59895225	 	42.907	 	1.40436	 	
556000	-1.23559	 	618.765	 	-0.00378717	 	102.971	 	0.452012	 	60005393	 	42.9023	 	1.404	 	
557000	-1.23564	 	618.805	 	-0.00403505	 	102.993	 	0.452083	 	60110694	 	42.9109	 	1.40399	 	
558000	-1.23564	 	618.809	 	-0.00328823	 	102.979	 	0.452069	 	60218129	 	42.906	 	1.40336	 	
559000	-1.23553	 	618.692	 	-0.00326104	 	102.867	 	0.45172	 	60335868	 	42.8596	 	1.40299	 	
560000	-1.23557	 	618.73	 	-0.00405418	 	102.861	 	0.451715	 	60440781	 	42.8559	 	1.40263	 	
561000	-1.23556	 	618.724	 	-0.00456436	 	102.864	 	0.451731	 	60549096	 	42.8565	 	1.40263	 	
562000	-1.23559	 	618.751	 	-0.00485753	 	102.895	 	0.451847	 	60654961	 	42.8688	 	1.40263	 	
563000	-1.23555	 	618.708	 	-0.00481313	 	102.849	 	0.451742	 	60765513	 	42.85	 	1.40186	 	
564000	-1.2354	 	618.563	 	-0.0051323	 	102.724	 	0.451358	 	60886229	 	42.7973	 	1.40169	 	
565000	-1.23555	 	618.714	 	-0.00551061	 	102.836	 	0.451656	 	60981938	 	42.8432	 	1.40241	 	
566000	-1.23569	 	618.856	 	-0.00507407	 	102.933	 	0.451913	 	61078167	 	42.8844	 	1.40313	 	
567000	-1.23569	 	618.86	 	-0.00521437	 	102.936	 	0.451912	 	61185815	 	42.8857	 	1.40344	 	
568000	-1.23572	 	618.889	 	-0.00461027	 	102.967	 	0.452011	 	61291426	 	42.8994	 	1.40339	 	
569000	-1.23572	 	618.891	 	-0.00427612	 	102.969	 	0.451997	 	61398896	 	42.9007	 	1.40349	 	
570000	-1.23576	 	618.921	 	-0.00345082	 	102.981	 	0.452027	 	61503973	 	42.9066	 	1.40314	 	
571000	-1.23568	 	618.843	 	-0.00405322	 	102.925	 	0.451884	 	61618768	 	42.8827	 	1.403	 	
572000	-1.23561	 	618.772	 	-0.00445513	 	102.877	 	0.451732	 	61733477	 	42.8619	 	1.40343	 	
573000	-1.2356	 	618.766	 	-0.00458485	 	102.864	 	0.451695	 	61841684	 	42.8565	 	1.40294	 	
574000	-1.23563	 	618.791	 	-0.00517228	 	102.907	 	0.451829	 	61947407	 	42.8736	 	1.40329	 	
575000	-1.23563	 	618.791	 	-0.00502063	 	102.91	 	0.451846	 	62054518	 	42.875	 	1.40279	 	
576000	-1.23563	 	618.793	 	-0.00432661	 	102.928	 	0.451917	 	62161923	 	42.8837	 	1.40276	 	
577000	-1.23559	 	618.754	 	-0.00428984	 	102.913	 	0.451866	 	62272691	 	42.8774	 	1.40289	 	
578000	-1.23565	 	618.81	 	-0.00336042	 	102.956	 	0.452007	 	62375547	 	42.8965	 	1.4026	 	
579000	-1.23562	 	618.781	 	-0.0040751	 	102.945	 	0.45201	 	62485708	 	42.8909	 	1.40195	 	
580000	-1.23569	 	618.847	 	-0.004932	 	102.993	 	0.452151	 	62587706	 	42.9096	 	1.40208	 	
581000	-1.2356	 	618.753	 	-0.00518461	 	102.923	 	0.45196	 	62703786	 	42.8801	 	1.4018	 	
582000	-1.2357	 	618.858	 	-0.00426507	 	102.987	 	0.45212	 	62802741	 	42.9082	 	1.40237	 	
583000	-1.23571	 	618.863	 	-0.00412323	 	102.979	 	0.4521	 	62909895	 	42.9052	 	1.40205	 	
584000	-1.23572	 	618.883	 	-0.00332978	 	103.003	 	0.452173	 	63015582	 	42.9159	 	1.40238	 	
585000	-1.23569	 	618.852	 	-0.00308888	 	102.978	 	0.452101	 	63126552	 	42.9061	 	1.40238	 	
586000	-1.23567	 	618.825	 	-0.00351793	 	102.953	 	0.452056	 	63236832	 	42.8951	 	1.40181	 	
587000	-1.23569	 	618.848	 	-0.00349221	 	102.953	 	0.452058	 	63343144	 	42.8952	 	1.40195	 	
588000	-1.23571	 	618.866	 	-0.00289626	 	102.96	 	0.452087	 	63449350	 	42.8987	 	1.40173	 	
589000	-1.23589	 	619.047	 	-0.00179805	 	103.085	 	0.452413	 	63541593	 	42.9514	 	1.40289	 	
590000	-1.23594	 	619.1	 	-0.00225595	 	103.119	 	0.45246	 	63644967	 	42.9655	 	1.40351	 	
591000	-1.236	 	619.164	 	-0.00206415	 	103.162	 	0.452572	 	63746989	 	42.9836	 	1.40386	 	
592000	-1.23602	 	619.184	 	-0.00263846	 	103.196	 	0.452672	 	63853161	 	42.997	 	1.40431	 	
593000	-1.23597	 	619.139	 	-0.0022779	 	103.149	 	0.452548	 	63964793	 	42.9781	 	1.40384	 	
594000	-1.23605	 	619.218	 	-0.00243462	 	103.196	 	0.45266	 	64066055	 	42.9975	 	1.40452	 	
595000	-1.23603	 	619.201	 	-0.00202028	 	103.168	 	0.452556	 	64175203	 	42.9859	 	1.40435	 	
596000	-1.23597	 	619.131	 	-0.00187184	 	103.116	 	0.452406	 	64288807	 	42.9646	 	1.40399	 	
597000	-1.23605	 	619.215	 	-0.00285371	 	103.189	 	0.452633	 	64388464	 	42.994	 	1.40353	 	
598000	-1.23604	 	619.201	 	-0.00345424	 	103.166	 	0.452575	 	64497214	 	42.984	 	1.40317	 	
599000	-1.23613	 	619.287	 	-0.00268802	 	103.245	 	0.452793	 	64597200	 	43.0176	 	1.40352	 	
600000	-1.23613	 	619.29	 	-0.00232907	 	103.228	 	0.45275	 	64704697	 	43.0108	 	1.40321	 	
601000	-1.23616	 	619.315	 	-0.00176089	 	103.237	 	0.452774	 	64810522	 	43.015	 	1.40325	 	
602000	-1.23614	 	619.296	 	-0.00110988	 	103.218	 	0.452723	 	64919861	 	43.0072	 	1.40305	 	
603000	-1.2362	 	619.364	 	-0.0018995	 	103.262	 	0.452832	 	65021549	 	43.0254	 	1.40331	 	
604000	-1.23631	 	619.468	 	-0.000933187	 	103.339	 	0.453046	 	65119797	 	43.0578	 	1.40395	 	
605000	-1.23634	 	619.5	 	-0.000468339	 	103.37	 	0.453133	 	65224300	 	43.0709	 	1.40383	 	
606000	-1.23641	 	619.572	 	0.000505759	 	103.448	 	0.453358	 	65325049	 	43.1035	 	1.40413	 	
607000	-1.23636	 	619.52	 	0.00088701	 	103.412	 	0.453259	 	65438091	 	43.0882	 	1.40404	 	
608000	-1.23638	 	619.538	 	0.00149304	 	103.421	 	0.453275	 	65543883	 	43.0916	 	1.40398	 	
609000	-1.23638	 	619.538	 	0.00137419	 	103.418	 	0.453271	 	65651755	 	43.0905	 	1.40391	 	
610000	-1.23638	 	619.539	 	0.00200692	 	103.425	 	0.453297	 	65759494	 	43.0929	 	1.40415	 	
611000	-1.23646	 	619.622	 	0.00293611	 	103.494	 	0.453491	 	65859695	 	43.1212	 	1.40479	 	
612000	-1.23645	 	619.617	 	0.00290437	 	103.501	 	0.453532	 	65968311	 	43.1242	 	1.40477	 	
613000	-1.23649	 	619.657	 	0.00371894	 	103.532	 	0.453637	 	66072232	 	43.1362	 	1.4049	 	
614000	-1.23656	 	619.727	 	0.0035773	 	103.583	 	0.453797	 	66173688	 	43.1577	 	1.40476	 	
615000	-1.23662	 	619.784	 	0.00274609	 	103.639	 	0.453967	 	66275770	 	43.1818	 	1.40479	 	
616000	-1.2367	 	619.867	 	0.00311501	 	103.708	 	0.454155	 	66376176	 	43.2101	 	1.40552	 	
617000	-1.23669	 	619.858	 	0.00264884	 	103.693	 	0.454098	 	66485345	 	43.2044	 	1.40568	 	
618000	-1.23665	 	619.812	 	0.00294701	 	103.654	 	0.453981	 	66597210	 	43.1877	 	1.40542	 	
619000	-1.23665	 	619.819	 	0.00303333	 	103.641	 	0.453954	 	66704541	 	43.1821	 	1.40529	 	
620000	-1.2366	 	619.767	 	0.00332215	 	103.608	 	0.453886	 	66816938	 	43.1681	 	1.40464	 	
621000	-1.23671	 	619.873	 	0.0038577	 	103.671	 	0.454053	 	66914997	 	43.1939	 	1.40481	 	
622000	-1.23675	 	619.913	 	0.00312081	 	103.685	 	0.454093	 	67019586	 	43.2004	 	1.40482	 	
623000	-1.2368	 	619.964	 	0.0038454	 	103.719	 	0.454178	 	67122656	 	43.2139	 	1.40539	 	
624000	-1.23683	 	619.997	 	0.00467494	 	103.752	 	0.454291	 	67226643	 	43.2262	 	1.40502	 	
625000	-1.23687	 	620.031	 	0.00414436	 	103.779	 	0.454364	 	67331417	 	43.2385	 	1.4057	 	
626000	-1.23693	 	620.092	 	0.00412954	 	103.83	 	0.454517	 	67433199	 	43.2596	 	1.40568	 	
627000	-1.23686	 	620.021	 	0.00364561	 	103.785	 	0.454395	 	67547830	 	43.2417	 	1.40568	 	
628000	-1.23684	 	620.006	 	0.00353777	 	103.782	 	0.454375	 	67657095	 	43.2405	 	1.40612	 	
629000	-1.23677	 	619.935	 	0.00311686	 	103.727	 	0.454224	 	67771318	 	43.218	 	1.40604	 	
630000	-1.23681	 	619.976	 	0.0023091	 	103.758	 	0.45434	 	67875075	 	43.2316	 	1.40565	 	
631000	-1.2368	 	619.96	 	0.00216242	 	103.74	 	0.454304	 	67983898	 	43.2242	 	1.40531	 	
632000	-1.23678	 	619.946	 	0.00178422	 	103.735	 	0.45428	 	68093089	 	43.2222	 	1.4055	 	
633000	-1.23679	 	619.962	 	0.00161224	 	103.748	 	0.454307	 	68199150	 	43.228	 	1.40586	 	
634000	-1.2367	 	619.873	 	0.00183217	 	103.687	 	0.454113	 	68315465	 	43.2022	 	1.406	 	
635000	-1.23671	 	619.877	 	0.00256032	 	103.688	 	0.454138	 	68422921	 	43.2022	 	1.40558	 	
636000	-1.23673	 	619.895	 	0.00249316	 	103.697	 	0.454154	 	68529656	 	43.2059	 	1.40548	 	
637000	-1.23679	 	619.959	 	0.00161041	 	103.753	 	0.454321	 	68631344	 	43.2299	 	1.4054	 	
638000	-1.23686	 	620.026	 	0.00130637	 	103.815	 	0.454494	 	68732016	 	43.256	 	1.40548	 	
639000	-1.23682	 	619.99	 	0.00108575	 	103.789	 	0.454407	 	68842753	 	43.2452	 	1.40569	 	
640000	-1.23684	 	620.001	 	0.000423859	 	103.779	 	0.454389	 	68949316	 	43.2414	 	1.40545	 	
641000	-1.23679	 	619.952	 	-0.000255647	 	103.764	 	0.454364	 	69061912	 	43.2351	 	1.40544	 	
642000	-1.23672	 	619.889	 	0.000124907	 	103.716	 	0.454228	 	69175665	 	43.2151	 	1.40528	 	
643000	-1.23671	 	619.87	 	0.000805062	 	103.707	 	0.454211	 	69285262	 	43.2113	 	1.40511	 	
644000	-1.23673	 	619.893	 	0.00161592	 	103.732	 	0.454318	 	69389991	 	43.2212	 	1.4048	 	
645000	-1.23675	 	619.91	 	0.00234553	 	103.741	 	0.454347	 	69496360	 	43.2243	 	1.40475	 	
646000	-1.23685	 	620.016	 	0.00320432	 	103.82	 	0.454566	 	69594139	 	43.2568	 	1.40512	 	
647000	-1.2368	 	619.964	 	0.00301856	 	103.783	 	0.454466	 	69706330	 	43.2413	 	1.40499	 	
648000	-1.23681	 	619.968	 	0.00255669	 	103.794	 	0.454494	 	69813416	 	43.2463	 	1.40496	 	
649000	-1.23678	 	619.939	 	0.00304674	 	103.773	 	0.45446	 	69923770	 	43.2373	 	1.40456	 	
650000	-1.23677	 	619.933	 	0.00262185	 	103.769	 	0.454454	 	70031992	 	43.2358	 	1.40436	 	
651000	-1.23675	 	619.912	 	0.00245608	 	103.759	 	0.45442	 	70142267	 	43.2319	 	1.40459	 	
652000	-1.2368	 	619.963	 	0.00190206	 	103.8	 	0.454529	 	70245436	 	43.2494	 	1.40518	 	
653000	-1.23684	 	620.006	 	0.00125208	 	103.849	 	0.454683	 	70349040	 	43.2701	 	1.40523	 	
654000	-1.2368	 	619.961	 	0.00171543	 	103.812	 	0.454558	 	70461632	 	43.2545	 	1.40546	 	
655000	-1.23683	 	619.99	 	0.00203512	 	103.816	 	0.454572	 	70566428	 	43.2558	 	1.40538	 	
656000	-1.23677	 	619.934	 	0.0021943	 	103.781	 	0.454495	 	70679332	 	43.2413	 	1.40514	 	
657000	-1.2368	 	619.964	 	0.00212393	 	103.8	 	0.454566	 	70784142	 	43.2493	 	1.40482	 	
658000	-1.23681	 	619.974	 	0.00212305	 	103.801	 	0.454561	 	70890882	 	43.2497	 	1.4048	 	
659000	-1.23683	 	619.993	 	0.00202231	 	103.813	 	0.454571	 	70996685	 	43.2546	 	1.40495	 	
660000	-1.23686	 	620.016	 	0.00272439	 	103.82	 	0.454598	 	71102410	 	43.2571	 	1.40481	 	
661000	-1.23693	 	620.094	 	0.00237291	 	103.88	 	0.454748	 	71203572	 	43.2826	 	1.40547	 	
662000	-1.23686	 	620.019	 	0.00266255	 	103.811	 	0.454555	 	71318565	 	43.2532	 	1.40499	 	
663000	-1.23683	 	619.989	 	0.00298485	 	103.782	 	0.454448	 	71429590	 	43.241	 	1.4048	 	
664000	-1.23682	 	619.98	 	0.00291212	 	103.783	 	0.454454	 	71538242	 	43.2413	 	1.4049	 	
665000	-1.23686	 	620.02	 	0.00215689	 	103.812	 	0.454542	 	71641297	 	43.2544	 	1.40491	 	
666000	-1.23686	 	620.027	 	0.00222608	 	103.812	 	0.454537	 	71748340	 	43.254	 	1.40511	 	
667000	-1.23687	 	620.031	 	0.00150098	 	103.833	 	0.454608	 	71855437	 	43.2635	 	1.40526	 	
668000	-1.23689	 	620.056	 	0.00105823	 	103.83	 	0.454609	 	71960619	 	43.2625	 	1.40529	 	
669000	-1.23688	 	620.047	 	0.00156281	 	103.819	 	0.454542	 	72069145	 	43.2574	 	1.40563	 	
670000	-1.23685	 	620.016	 	0.00112502	 	103.807	 	0.454517	 	72180263	 	43.2526	 	1.40563	 	
671000	-1.23686	 	620.021	 	0.00111436	 	103.813	 	0.454538	 	72287410	 	43.2552	 	1.40547	 	
672000	-1.23695	 	620.114	 	0.000250015	 	103.885	 	0.454727	 	72385845	 	43.2853	 	1.40598	 	
673000	-1.23698	 	620.148	 	0.000835097	 	103.907	 	0.454792	 	72490095	 	43.2946	 	1.40621	 	
674000	-1.23698	 	620.151	 	0.00148576	 	103.911	 	0.454794	 	72597164	 	43.2957	 	1.40626	 	
675000	-1.23695	 	620.12	 	0.00189667	 	103.895	 	0.454752	 	72708191	 	43.2891	 	1.4061	 	
676000	-1.23692	 	620.095	 	0.0022668	 	103.878	 	0.45469	 	72818846	 	43.2818	 	1.40649	 	
677000	-1.23691	 	620.077	 	0.00285705	 	103.866	 	0.454655	 	72928555	 	43.2762	 	1.40675	 	
678000	-1.2369	 	620.069	 	0.00328375	 	103.857	 	0.454604	 	73037433	 	43.2718	 	1.40684	 	
679000	-1.23689	 	620.061	 	0.0031248	 	103.854	 	0.454628	 	73146095	 	43.271	 	1.40635	 	
680000	-1.23691	 	620.078	 	0.00385937	 	103.874	 	0.454701	 	73252505	 	43.2783	 	1.40634	 	
681000	-1.23695	 	620.117	 	0.00385229	 	103.893	 	0.454736	 	73355755	 	43.2865	 	1.40661	 	
682000	-1.23688	 	620.047	 	0.00390657	 	103.833	 	0.454567	 	73470704	 	43.2614	 	1.40622	 	
683000	-1.23681	 	619.977	 	0.00382064	 	103.765	 	0.454353	 	73585842	 	43.2328	 	1.40607	 	
684000	-1.23692	 	620.095	 	0.00400534	 	103.838	 	0.454546	 	73682280	 	43.2633	 	1.40685	 	
685000	-1.2369	 	620.071	 	0.00372122	 	103.838	 	0.454574	 	73791749	 	43.2636	 	1.40654	 	
686000	-1.23689	 	620.06	 	0.00394312	 	103.836	 	0.454576	 	73900210	 	43.2623	 	1.40631	 	
687000	-1.23688	 	620.051	 	0.00425131	 	103.816	 	0.454498	 	74009296	 	43.2535	 	1.40653	 	
688000	-1.23687	 	620.044	 	0.00479655	 	103.81	 	0.454476	 	74117992	 	43.2505	 	1.40691	 	
689000	-1.2369	 	620.075	 	0.00550555	 	103.829	 	0.454537	 	74222995	 	43.2569	 	1.4068	 	
690000	-1.2369	 	620.073	 	0.00522986	 	103.83	 	0.454575	 	74330398	 	43.2578	 	1.40632	 	
691000	-1.23699	 	620.163	 	0.00532169	 	103.91	 	0.454801	 	74428497	 	43.2912	 	1.40633	 	
692000	-1.23698	 	620.144	 	0.00513759	 	103.893	 	0.454753	 	74537591	 	43.2845	 	1.40603	 	
693000	-1.23697	 	620.138	 	0.00574192	 	103.889	 	0.454743	 	74645910	 	43.2814	 	1.406	 	
694000	-1.23701	 	620.172	 	0.00588027	 	103.917	 	0.454836	 	74750161	 	43.293	 	1.40608	 	
695000	-1.237	 	620.171	 	0.00622498	 	103.924	 	0.454866	 	74857817	 	43.2954	 	1.40628	 	
696000	-1.23701	 	620.177	 	0.00688522	 	103.933	 	0.454901	 	74964428	 	43.2976	 	1.40606	 	
697000	-1.23698	 	620.149	 	0.00656064	 	103.917	 	0.454869	 	75074741	 	43.2916	 	1.4057	 	
698000	-1.23704	 	620.203	 	0.00669276	 	103.944	 	0.454947	 	75177036	 	43.3025	 	1.40544	 	
699000	-1.23712	 	620.287	 	0.00623614	 	104.009	 	0.455116	 	75276262	 	43.3307	 	1.40588	 	
700000	-1.23701	 	620.178	 	0.00617735	 	103.923	 	0.454872	 	75395492	 	43.2949	 	1.4057	 	
701000	-1.23698	 	620.145	 	0.00658593	 	103.911	 	0.454847	 	75506728	 	43.2891	 	1.40574	 	
702000	-1.237	 	620.168	 	0.00665963	 	103.922	 	0.45487	 	75611493	 	43.2934	 	1.40555	 	
703000	-1.23701	 	620.175	 	0.00722115	 	103.921	 	0.454884	 	75718104	 	43.2917	 	1.40545	 	
704000	-1.237	 	620.161	 	0.00671489	 	103.888	 	0.454758	 	75827058	 	43.2792	 	1.40545	 	
705000	-1.23697	 	620.136	 	0.00624429	 	103.868	 	0.454696	 	75937152	 	43.2717	 	1.40545	 	
706000	-1.23697	 	620.137	 	0.0062086	 	103.851	 	0.45461	 	76044983	 	43.2646	 	1.40604	 	
707000	-1.23699	 	620.161	 	0.00657939	 	103.865	 	0.454645	 	76150397	 	43.27	 	1.40644	 	
708000	-1.23699	 	620.159	 	0.0070445	 	103.864	 	0.454668	 	76258560	 	43.2684	 	1.40623	 	
709000	-1.23696	 	620.131	 	0.00730877	 	103.829	 	0.454576	 	76368287	 	43.2531	 	1.40589	 	
710000	-1.23704	 	620.202	 	0.00650944	 	103.882	 	0.454729	 	76468414	 	43.277	 	1.40613	 	
711000	-1.23702	 	620.19	 	0.00677626	 	103.868	 	0.454702	 	76577037	 	43.2708	 	1.40608	 	
712000	-1.23698	 	620.146	 	0.00692315	 	103.838	 	0.454615	 	76689879	 	43.2579	 	1.40595	 	
713000	-1.23694	 	620.108	 	0.0070095	 	103.794	 	0.454475	 	76801227	 	43.2392	 	1.40571	 	
714000	-1.23697	 	620.139	 	0.0077106	 	103.826	 	0.454568	 	76905262	 	43.2511	 	1.40588	 	
715000	-1.23689	 	620.058	 	0.00783408	 	103.748	 	0.454303	 	77021118	 	43.218	 	1.4056	 	
716000	-1.23693	 	620.097	 	0.00739888	 	103.779	 	0.45438	 	77124627	 	43.232	 	1.40586	 	
717000	-1.23701	 	620.175	 	0.00814097	 	103.816	 	0.454499	 	77223248	 	43.2457	 	1.40564	 	
718000	-1.237	 	620.161	 	0.00860542	 	103.812	 	0.454494	 	77332846	 	43.2426	 	1.40553	 	
719000	-1.23703	 	620.188	 	0.00920787	 	103.82	 	0.454518	 	77437438	 	43.2441	 	1.40535	 	
720000	-1.23699	 	620.154	 	0.00864449	 	103.801	 	0.454464	 	77549280	 	43.238	 	1.40525	 	
721000	-1.23696	 	620.122	 	0.00919683	 	103.783	 	0.454408	 	77660359	 	43.2287	 	1.40516	 	
722000	-1.23701	 	620.174	 	0.00886879	 	103.828	 	0.454539	 	77762396	 	43.2484	 	1.40522	 	
723000	-1.23708	 	620.24	 	0.00933405	 	103.874	 	0.454675	 	77863802	 	43.2661	 	1.40549	 	
724000	-1.23705	 	620.21	 	0.00937172	 	103.85	 	0.454605	 	77974057	 	43.2563	 	1.40534	 	
725000	-1.23705	 	620.213	 	0.00949874	 	103.855	 	0.454624	 	78081636	 	43.2577	 	1.40525	 	
726000	-1.23706	 	620.225	 	0.00911136	 	103.863	 	0.454644	 	78188385	 	43.2624	 	1.40535	 	
727000	-1.23707	 	620.231	 	0.00945468	 	103.868	 	0.45466	 	78296146	 	43.2635	 	1.40545	 	
728000	-1.23706	 	620.219	 	0.00922981	 	103.851	 	0.454616	 	78405273	 	43.2571	 	1.40529	 	
729000	-1.23702	 	620.18	 	0.00979108	 	103.827	 	0.454575	 	78517317	 	43.2454	 	1.40486	 	
730000	-1.23705	 	620.205	 	0.00997096	 	103.853	 	0.45466	 	78622167	 	43.2555	 	1.40489	 	
731000	-1.23699	 	620.149	 	0.00977516	 	103.8	 	0.4545	 	78735997	 	43.2343	 	1.4045	 	
732000	-1.237	 	620.16	 	0.0101271	 	103.815	 	0.454541	 	78842219	 	43.2391	 	1.4048	 	
733000	-1.23694	 	620.103	 	0.0104781	 	103.769	 	0.454409	 	78956005	 	43.2186	 	1.40454	 	
734000	-1.23696	 	620.117	 	0.0109409	 	103.771	 	0.454403	 	79062355	 	43.2178	 	1.40457	 	
735000	-1.23696	 	620.118	 	0.0104771	 	103.776	 	0.454427	 	79169765	 	43.2216	 	1.40443	 	
736000	-1.23694	 	620.103	 	0.00993871	 	103.761	 	0.454371	 	79279646	 	43.2174	 	1.40469	 	
737000	-1.23695	 	620.11	 	0.00936319	 	103.762	 	0.45436	 	79386848	 	43.2195	 	1.40517	 	
738000	-1.23698	 	620.143	 	0.00875216	 	103.774	 	0.454375	 	79491327	 	43.2264	 	1.4054	 	
739000	-1.23699	 	620.147	 	0.00847896	 	103.766	 	0.454365	 	79598404	 	43.224	 	1.40496	 	
740000	-1.23692	 	620.079	 	0.00858968	 	103.71	 	0.454222	 	79713948	 	43.2004	 	1.40459	 	
741000	-1.23687	 	620.033	 	0.00869673	 	103.672	 	0.454098	 	79826299	 	43.1841	 	1.40451	 	
742000	-1.23693	 	620.093	 	0.00918994	 	103.71	 	0.454207	 	79927458	 	43.1983	 	1.40465	 	
743000	-1.23702	 	620.179	 	0.00954501	 	103.774	 	0.454386	 	80025580	 	43.2241	 	1.40482	 	
744000	-1.23697	 	620.128	 	0.00958864	 	103.731	 	0.454272	 	80138416	 	43.2061	 	1.40428	 	
745000	-1.23699	 	620.147	 	0.0100975	 	103.735	 	0.454281	 	80243859	 	43.2061	 	1.40447	 	
746000	-1.23701	 	620.167	 	0.0096957	 	103.757	 	0.454347	 	80348727	 	43.2166	 	1.40438	 	
747000	-1.23691	 	620.064	 	0.00953126	 	103.673	 	0.454088	 	80467854	 	43.1819	 	1.40421	 	
748000	-1.23695	 	620.105	 	0.0101775	 	103.71	 	0.454174	 	80571002	 	43.1952	 	1.40457	 	
749000	-1.23693	 	620.085	 	0.00989702	 	103.69	 	0.45412	 	80680916	 	43.1876	 	1.4044	 	
750000	-1.23693	 	620.085	 	0.00933151	 	103.672	 	0.454077	 	80788719	 	43.1823	 	1.40425	 	
751000	-1.23691	 	620.068	 	0.00952375	 	103.653	 	0.454023	 	80898583	 	43.1736	 	1.40401	 	
752000	-1.23696	 	620.116	 	0.0102241	 	103.695	 	0.454144	 	81001293	 	43.1887	 	1.40402	 	
753000	-1.23696	 	620.114	 	0.00976722	 	103.703	 	0.454197	 	81109179	 	43.1938	 	1.40383	 	
754000	-1.23695	 	620.108	 	0.00908639	 	103.721	 	0.454268	 	81217342	 	43.2032	 	1.40386	 	
755000	-1.23696	 	620.116	 	0.00861979	 	103.709	 	0.454223	 	81324090	 	43.1996	 	1.40368	 	
756000	-1.23699	 	620.147	 	0.00924625	 	103.731	 	0.45427	 	81427994	 	43.207	 	1.40406	 	
757000	-1.23694	 	620.098	 	0.00920507	 	103.676	 	0.454112	 	81541377	 	43.1843	 	1.40362	 	
758000	-1.23695	 	620.101	 	0.00943842	 	103.678	 	0.454134	 	81648855	 	43.1842	 	1.40337	 	
759000	-1.23696	 	620.107	 	0.00879652	 	103.691	 	0.454176	 	81755832	 	43.1915	 	1.40317	 	
760000	-1.23699	 	620.138	 	0.00926195	 	103.711	 	0.45422	 	81860152	 	43.1985	 	1.4034	 	
761000	-1.23704	 	620.198	 	0.00985826	 	103.752	 	0.454318	 	81961207	 	43.2136	 	1.404	 	
762000	-1.23707	 	620.225	 	0.0102466	 	103.768	 	0.454359	 	82065450	 	43.2193	 	1.40395	 	
763000	-1.23705	 	620.207	 	0.00996822	 	103.756	 	0.454331	 	82175187	 	43.2151	 	1.40373	 	
764000	-1.23706	 	620.214	 	0.0098662	 	103.748	 	0.454308	 	82282082	 	43.2123	 	1.4038	 	
765000	-1.23704	 	620.194	 	0.0102444	 	103.731	 	0.454248	 	82391749	 	43.2039	 	1.40355	 	
766000	-1.23705	 	620.201	 	0.00966713	 	103.732	 	0.454255	 	82498716	 	43.2062	 	1.40362	 	
767000	-1.23704	 	620.193	 	0.00910319	 	103.729	 	0.454268	 	82607600	 	43.2066	 	1.40352	 	
768000	-1.23696	 	620.116	 	0.00881661	 	103.665	 	0.454071	 	82724457	 	43.1808	 	1.40348	 	
769000	-1.23697	 	620.121	 	0.00890097	 	103.67	 	0.454102	 	82831283	 	43.1828	 	1.40332	 	
770000	-1.23701	 	620.164	 	0.00930045	 	103.703	 	0.454188	 	82934181	 	43.1952	 	1.40364	 	
771000	-1.23694	 	620.09	 	0.00918554	 	103.628	 	0.45395	 	83050452	 	43.1642	 	1.40343	 	
772000	-1.23691	 	620.065	 	0.00933824	 	103.607	 	0.453872	 	83161083	 	43.1552	 	1.40353	 	
773000	-1.23699	 	620.14	 	0.00990027	 	103.654	 	0.453998	 	83259883	 	43.1727	 	1.40389	 	
774000	-1.23694	 	620.095	 	0.00945964	 	103.629	 	0.453932	 	83372981	 	43.1637	 	1.40371	 	
775000	-1.23697	 	620.127	 	0.00898333	 	103.644	 	0.453962	 	83477088	 	43.1715	 	1.40396	 	
776000	-1.23696	 	620.113	 	0.00943508	 	103.638	 	0.453938	 	83586669	 	43.1677	 	1.40428	 	
777000	-1.23702	 	620.174	 	0.0101492	 	103.685	 	0.45408	 	83687608	 	43.185	 	1.4044	 	
778000	-1.23703	 	620.185	 	0.0103212	 	103.701	 	0.454134	 	83793930	 	43.191	 	1.40426	 	
779000	-1.23699	 	620.142	 	0.0103709	 	103.679	 	0.454073	 	83906771	 	43.1817	 	1.4041	 	
780000	-1.23694	 	620.092	 	0.0101765	 	103.627	 	0.453917	 	84020375	 	43.1607	 	1.40361	 	
781000	-1.23691	 	620.059	 	0.0103718	 	103.584	 	0.45378	 	84131296	 	43.142	 	1.40324	 	
782000	-1.23688	 	620.033	 	0.0106592	 	103.562	 	0.453707	 	84241856	 	43.1319	 	1.40318	 	
783000	-1.23691	 	620.062	 	0.0100102	 	103.579	 	0.453773	 	84346472	 	43.1414	 	1.4029	 	
784000	-1.23692	 	620.07	 	0.0104023	 	103.581	 	0.453766	 	84453522	 	43.1409	 	1.40314	 	
785000	-1.2369	 	620.052	 	0.0107346	 	103.564	 	0.453717	 	84563338	 	43.1324	 	1.40272	 	
786000	-1.23687	 	620.019	 	0.0110048	 	103.544	 	0.453675	 	84674943	 	43.1233	 	1.40261	 	
787000	-1.23695	 	620.105	 	0.0116926	 	103.615	 	0.453859	 	84772809	 	43.1501	 	1.40338	 	
788000	-1.23695	 	620.096	 	0.0111417	 	103.609	 	0.45383	 	84881057	 	43.1497	 	1.40319	 	
789000	-1.23687	 	620.022	 	0.0107787	 	103.553	 	0.45367	 	84997702	 	43.1279	 	1.40289	 	
790000	-1.23686	 	620.015	 	0.0102567	 	103.552	 	0.453665	 	85106659	 	43.1293	 	1.40326	 	
791000	-1.23681	 	619.957	 	0.0104448	 	103.508	 	0.453537	 	85220127	 	43.1103	 	1.40307	 	
792000	-1.23687	 	620.025	 	0.0110184	 	103.556	 	0.453668	 	85320167	 	43.1279	 	1.40334	 	
793000	-1.23688	 	620.037	 	0.0113668	 	103.563	 	0.453679	 	85426536	 	43.1295	 	1.40355	 	
794000	-1.23687	 	620.02	 	0.0117334	 	103.54	 	0.45361	 	85536559	 	43.1186	 	1.40332	 	
795000	-1.2369	 	620.051	 	0.0122907	 	103.572	 	0.453709	 	85640384	 	43.1299	 	1.40342	 	
796000	-1.23689	 	620.041	 	0.0124821	 	103.565	 	0.4537	 	85749428	 	43.1261	 	1.40304	 	
797000	-1.23678	 	619.938	 	0.0123253	 	103.481	 	0.453424	 	85869429	 	43.0918	 	1.40339	 	
798000	-1.23676	 	619.913	 	0.0123649	 	103.474	 	0.453425	 	85979960	 	43.0886	 	1.40315	 	
799000	-1.23682	 	619.975	 	0.0130848	 	103.529	 	0.453593	 	86079878	 	43.1086	 	1.40306	 	
800000	-1.23682	 	619.972	 	0.0131101	 	103.516	 	0.453546	 	86187927	 	43.1029	 	1.40277	 	
801000	-1.23692	 	620.068	 	0.0123295	 	103.589	 	0.453745	 	86284260	 	43.1367	 	1.4033	 	
802000	-1.23687	 	620.018	 	0.012485	 	103.55	 	0.453627	 	86398118	 	43.1199	 	1.40316	 	
803000	-1.2368	 	619.95	 	0.0125295	 	103.511	 	0.453532	 	86514139	 	43.1035	 	1.40294	 	
804000	-1.2368	 	619.957	 	0.0125328	 	103.513	 	0.453533	 	86621226	 	43.1044	 	1.40326	 	
805000	-1.2368	 	619.948	 	0.0125434	 	103.51	 	0.453523	 	86729502	 	43.103	 	1.40294	 	
806000	-1.23681	 	619.961	 	0.0127988	 	103.505	 	0.45351	 	86835771	 	43.0997	 	1.40256	 	
807000	-1.23679	 	619.936	 	0.0124065	 	103.473	 	0.453415	 	86946881	 	43.0881	 	1.4025	 	
808000	-1.23678	 	619.929	 	0.012363	 	103.461	 	0.453392	 	87056357	 	43.0834	 	1.40255	 	
809000	-1.23676	 	619.911	 	0.0126198	 	103.457	 	0.453375	 	87166476	 	43.0806	 	1.40266	 	
810000	-1.23674	 	619.89	 	0.0123329	 	103.44	 	0.453354	 	87276904	 	43.0746	 	1.40201	 	
811000	-1.23672	 	619.864	 	0.0121082	 	103.418	 	0.453297	 	87387947	 	43.0664	 	1.40176	 	
812000	-1.2367	 	619.845	 	0.0118529	 	103.398	 	0.453236	 	87498624	 	43.0589	 	1.40168	 	
813000	-1.23666	 	619.798	 	0.0120927	 	103.361	 	0.453124	 	87612013	 	43.0425	 	1.40126	 	
814000	-1.23671	 	619.854	 	0.0120083	 	103.398	 	0.453223	 	87712546	 	43.0585	 	1.4015	 	
815000	-1.23674	 	619.88	 	0.0121403	 	103.409	 	0.45326	 	87817134	 	43.0625	 	1.40142	 	
816000	-1.23673	 	619.874	 	0.0123554	 	103.405	 	0.45325	 	87926059	 	43.0599	 	1.40121	 	
817000	-1.23671	 	619.853	 	0.0124472	 	103.395	 	0.453229	 	88035821	 	43.0554	 	1.40102	 	
818000	-1.23669	 	619.827	 	0.0126364	 	103.365	 	0.453137	 	88146175	 	43.0421	 	1.4008	 	
819000	-1.23668	 	619.817	 	0.0123074	 	103.358	 	0.453123	 	88254740	 	43.0404	 	1.40082	 	
820000	-1.23674	 	619.88	 	0.0117881	 	103.411	 	0.453269	 	88355545	 	43.0648	 	1.40113	 	
821000	-1.23669	 	619.828	 	0.0119535	 	103.372	 	0.45315	 	88469655	 	43.0477	 	1.40099	 	
822000	-1.23664	 	619.78	 	0.0116277	 	103.322	 	0.453014	 	88582991	 	43.0282	 	1.40069	 	
823000	-1.23666	 	619.796	 	0.0116611	 	103.334	 	0.45305	 	88689007	 	43.0333	 	1.40078	 	
824000	-1.23662	 	619.759	 	0.0114764	 	103.3	 	0.452934	 	88801163	 	43.0199	 	1.4008	 	
825000	-1.23664	 	619.777	 	0.0113283	 	103.305	 	0.452943	 	88906811	 	43.0223	 	1.4008	 	
826000	-1.23662	 	619.757	 	0.0117148	 	103.277	 	0.452859	 	89016512	 	43.0094	 	1.40056	 	
827000	-1.23658	 	619.719	 	0.0120546	 	103.25	 	0.452778	 	89129454	 	42.9966	 	1.40073	 	
828000	-1.23659	 	619.734	 	0.01145	 	103.264	 	0.452822	 	89235925	 	43.0047	 	1.401	 	
829000	-1.23655	 	619.692	 	0.0110874	 	103.244	 	0.452777	 	89348743	 	42.998	 	1.40074	 	
830000	-1.2365	 	619.64	 	0.0112251	 	103.199	 	0.452654	 	89462371	 	42.9785	 	1.40031	 	
831000	-1.23654	 	619.681	 	0.0118443	 	103.229	 	0.452742	 	89564923	 	42.9885	 	1.40038	 	
832000	-1.2365	 	619.641	 	0.0116847	 	103.209	 	0.452701	 	89678391	 	42.981	 	1.40051	 	
833000	-1.23644	 	619.576	 	0.0116032	 	103.165	 	0.452578	 	89794446	 	42.9631	 	1.40061	 	
834000	-1.23641	 	619.557	 	0.0116384	 	103.147	 	0.452513	 	89905098	 	42.9555	 	1.40092	 	
835000	-1.2364	 	619.537	 	0.0110912	 	103.137	 	0.452508	 	90015167	 	42.9533	 	1.40045	 	
836000	-1.23637	 	619.513	 	0.0111428	 	103.114	 	0.452454	 	90126249	 	42.9435	 	1.40018	 	
837000	-1.23635	 	619.49	 	0.0106846	 	103.098	 	0.452394	 	90237241	 	42.9383	 	1.40027	 	
838000	-1.23632	 	619.461	 	0.0101558	 	103.085	 	0.452376	 	90348025	 	42.9348	 	1.40005	 	
839000	-1.2363	 	619.439	 	0.00963462	 	103.08	 	0.452355	 	90458315	 	42.9344	 	1.40029	 	
840000	-1.23627	 	619.416	 	0.0095172	 	103.063	 	0.452309	 	90569104	 	42.9279	 	1.40037	 	
841000	-1.23627	 	619.412	 	0.00909527	 	103.059	 	0.452294	 	90677431	 	42.9275	 	1.40043	 	
842000	-1.2363	 	619.445	 	0.00905773	 	103.075	 	0.452343	 	90780949	 	42.9343	 	1.40054	 	
843000	-1.23628	 	619.426	 	0.00941377	 	103.051	 	0.45225	 	90891360	 	42.9231	 	1.40054	 	
844000	-1.23632	 	619.461	 	0.00992739	 	103.083	 	0.452345	 	90995460	 	42.9347	 	1.40057	 	
845000	-1.23634	 	619.481	 	0.00934633	 	103.096	 	0.452395	 	91100829	 	42.942	 	1.40043	 	
846000	-1.23636	 	619.498	 	0.00957664	 	103.11	 	0.452436	 	91206674	 	42.9472	 	1.40005	 	
847000	-1.23635	 	619.493	 	0.00979383	 	103.1	 	0.452418	 	91315267	 	42.9423	 	1.4	 	
848000	-1.23634	 	619.485	 	0.00938829	 	103.085	 	0.452352	 	91424359	 	42.9374	 	1.40026	 	
849000	-1.23641	 	619.546	 	0.00985859	 	103.123	 	0.452457	 	91524238	 	42.9516	 	1.40044	 	
850000	-1.23639	 	619.534	 	0.00937205	 	103.117	 	0.452441	 	91633410	 	42.9507	 	1.40024	 	
851000	-1.23643	 	619.568	 	0.0100053	 	103.149	 	0.452554	 	91737053	 	42.962	 	1.40015	 	
852000	-1.23645	 	619.588	 	0.00996471	 	103.158	 	0.452586	 	91842236	 	42.9661	 	1.40014	 	
853000	-1.23641	 	619.543	 	0.0101642	 	103.128	 	0.452511	 	91955172	 	42.953	 	1.39982	 	
854000	-1.23641	 	619.547	 	0.0101765	 	103.128	 	0.452488	 	92062373	 	42.9526	 	1.39999	 	
855000	-1.23643	 	619.569	 	0.0102754	 	103.143	 	0.452532	 	92167564	 	42.9587	 	1.39992	 	
856000	-1.23641	 	619.547	 	0.0098597	 	103.131	 	0.452489	 	92278044	 	42.9549	 	1.39994	 	
857000	-1.23639	 	619.531	 	0.00945866	 	103.117	 	0.45244	 	92388099	 	42.9504	 	1.39995	 	
858000	-1.23638	 	619.514	 	0.00968494	 	103.107	 	0.452411	 	92498408	 	42.9457	 	1.40009	 	
859000	-1.23643	 	619.569	 	0.0103413	 	103.152	 	0.452552	 	92598933	 	42.9622	 	1.40009	 	
860000	-1.23643	 	619.574	 	0.0105584	 	103.159	 	0.452573	 	92706658	 	42.9644	 	1.40033	 	
861000	-1.23646	 	619.601	 	0.0107515	 	103.171	 	0.452605	 	92810748	 	42.9688	 	1.40055	 	
862000	-1.23643	 	619.571	 	0.0111541	 	103.147	 	0.452517	 	92922136	 	42.9573	 	1.40062	 	
863000	-1.23644	 	619.578	 	0.0113731	 	103.16	 	0.452565	 	93028370	 	42.9619	 	1.40051	 	
864000	-1.23644	 	619.579	 	0.0108442	 	103.161	 	0.452577	 	93135694	 	42.9641	 	1.40065	 	
865000	-1.23641	 	619.55	 	0.0111331	 	103.14	 	0.452533	 	93246613	 	42.9545	 	1.40054	 	
866000	-1.23643	 	619.567	 	0.0111234	 	103.146	 	0.452549	 	93352682	 	42.9568	 	1.40043	 	
867000	-1.2364	 	619.539	 	0.0113981	 	103.115	 	0.45243	 	93464666	 	42.9428	 	1.40054	 	
868000	-1.23636	 	619.502	 	0.0118322	 	103.097	 	0.452382	 	93577223	 	42.9339	 	1.40046	 	
869000	-1.23629	 	619.436	 	0.0117227	 	103.044	 	0.452202	 	93693866	 	42.9121	 	1.4004	 	
870000	-1.23623	 	619.37	 	0.0116307	 	103	 	0.452077	 	93809695	 	42.894	 	1.40034	 	
871000	-1.2362	 	619.346	 	0.0115636	 	102.97	 	0.451978	 	93920941	 	42.8818	 	1.4002	 	
872000	-1.23616	 	619.296	 	0.0113966	 	102.915	 	0.4518	 	94035638	 	42.8597	 	1.39995	 	
873000	-1.23617	 	619.311	 	0.0112433	 	102.929	 	0.451831	 	94141603	 	42.8659	 	1.40008	 	
874000	-1.23615	 	619.288	 	0.0111209	 	102.923	 	0.451812	 	94252701	 	42.864	 	1.40014	 	
875000	-1.23621	 	619.349	 	0.0109461	 	102.975	 	0.451947	 	94352536	 	42.8861	 	1.40071	 	
876000	-1.23622	 	619.361	 	0.0104211	 	102.987	 	0.451973	 	94458877	 	42.8931	 	1.40075	 	
877000	-1.23615	 	619.291	 	0.0102969	 	102.935	 	0.45182	 	94576626	 	42.8717	 	1.40068	 	
878000	-1.2361	 	619.247	 	0.0105733	 	102.889	 	0.451687	 	94690241	 	42.8518	 	1.4003	 	
879000	-1.2361	 	619.243	 	0.0110637	 	102.889	 	0.45169	 	94798533	 	42.8501	 	1.40032	 	
880000	-1.23619	 	619.337	 	0.0117431	 	102.957	 	0.451869	 	94894945	 	42.8759	 	1.40092	 	
881000	-1.23626	 	619.407	 	0.0123995	 	103.013	 	0.452026	 	94993785	 	42.8965	 	1.40118	 	
882000	-1.23627	 	619.413	 	0.0128925	 	103.019	 	0.452044	 	95100469	 	42.8967	 	1.40111	 	
883000	-1.23625	 	619.394	 	0.012891	 	103.004	 	0.451995	 	95210413	 	42.8906	 	1.40111	 	
884000	-1.23622	 	619.364	 	0.0128348	 	102.98	 	0.451924	 	95322594	 	42.8809	 	1.40123	 	
885000	-1.23623	 	619.373	 	0.0130538	 	102.982	 	0.451921	 	95429584	 	42.8807	 	1.40132	 	
886000	-1.23622	 	619.363	 	0.0132545	 	102.989	 	0.451938	 	95538736	 	42.8826	 	1.40136	 	
887000	-1.23618	 	619.332	 	0.0133219	 	102.971	 	0.451872	 	95651491	 	42.8752	 	1.40192	 	
888000	-1.2362	 	619.347	 	0.0133625	 	102.975	 	0.451886	 	95757285	 	42.8766	 	1.40176	 	
889000	-1.23618	 	619.332	 	0.0130494	 	102.971	 	0.451874	 	95867143	 	42.876	 	1.40197	 	
890000	-1.23617	 	619.325	 	0.0129761	 	102.979	 	0.451908	 	95975500	 	42.8797	 	1.4017	 	
891000	-1.23617	 	619.316	 	0.0124745	 	102.976	 	0.451913	 	96084904	 	42.8809	 	1.40175	 	
892000	-1.23616	 	619.305	 	0.0120398	 	102.971	 	0.451898	 	96194262	 	42.8802	 	1.40149	 	
893000	-1.2362	 	619.35	 	0.0124952	 	102.994	 	0.451954	 	96296240	 	42.8882	 	1.40145	 	
894000	-1.23622	 	619.37	 	0.0121686	 	103.018	 	0.452017	 	96401277	 	42.8995	 	1.40185	 	
895000	-1.23622	 	619.37	 	0.0123276	 	103.016	 	0.452025	 	96509271	 	42.898	 	1.4017	 	
896000	-1.23621	 	619.357	 	0.0127536	 	103.002	 	0.45199	 	96618929	 	42.8905	 	1.40129	 	
897000	-1.23621	 	619.356	 	0.0132726	 	103.007	 	0.452021	 	96726317	 	42.89	 	1.40122	 	
898000	-1.23621	 	619.352	 	0.0134711	 	102.993	 	0.451989	 	96834787	 	42.8834	 	1.40106	 	
899000	-1.23617	 	619.316	 	0.0136397	 	102.967	 	0.451924	 	96947993	 	42.872	 	1.40091	 	
900000	-1.23616	 	619.308	 	0.0134495	 	102.969	 	0.451924	 	97057006	 	42.8736	 	1.40114	 	
901000	-1.23615	 	619.298	 	0.0138006	 	102.958	 	0.451916	 	97166002	 	42.8675	 	1.40097	 	
902000	-1.23608	 	619.232	 	0.0137341	 	102.911	 	0.451767	 	97282930	 	42.848	 	1.40121	 	
903000	-1.23607	 	619.215	 	0.0136831	 	102.902	 	0.451746	 	97392577	 	42.8447	 	1.40114	 	
904000	-1.23606	 	619.207	 	0.0139258	 	102.903	 	0.451751	 	97501546	 	42.8438	 	1.40121	 	
905000	-1.23607	 	619.218	 	0.0138522	 	102.913	 	0.451797	 	97607721	 	42.8483	 	1.40119	 	
906000	-1.23606	 	619.212	 	0.0136517	 	102.915	 	0.451793	 	97716691	 	42.8501	 	1.40147	 	
907000	-1.23604	 	619.187	 	0.0140024	 	102.895	 	0.451737	 	97827251	 	42.8404	 	1.40104	 	
908000	-1.23606	 	619.208	 	0.014484	 	102.903	 	0.451748	 	97932287	 	42.8415	 	1.40109	 	
909000	-1.23601	 	619.157	 	0.0148055	 	102.86	 	0.45162	 	98047241	 	42.822	 	1.40093	 	
910000	-1.23597	 	619.122	 	0.0150436	 	102.843	 	0.451576	 	98160218	 	42.8135	 	1.40092	 	
911000	-1.23594	 	619.089	 	0.0151524	 	102.813	 	0.451482	 	98272442	 	42.8007	 	1.40085	 	
912000	-1.23597	 	619.121	 	0.0154057	 	102.845	 	0.451571	 	98376559	 	42.8124	 	1.40098	 	
913000	-1.23601	 	619.155	 	0.0148368	 	102.87	 	0.451634	 	98479562	 	42.8259	 	1.40112	 	
914000	-1.23605	 	619.201	 	0.0151619	 	102.907	 	0.451739	 	98580881	 	42.8395	 	1.40117	 	
915000	-1.23606	 	619.204	 	0.0153466	 	102.921	 	0.451792	 	98688302	 	42.8445	 	1.40113	 	
916000	-1.23606	 	619.205	 	0.0149699	 	102.914	 	0.451778	 	98796008	 	42.8435	 	1.40084	 	
917000	-1.23598	 	619.13	 	0.0147918	 	102.857	 	0.451614	 	98914187	 	42.8208	 	1.40083	 	
918000	-1.23602	 	619.164	 	0.0145154	 	102.889	 	0.451704	 	99017833	 	42.8352	 	1.40089	 	
919000	-1.23599	 	619.142	 	0.0149415	 	102.881	 	0.451692	 	99129175	 	42.8299	 	1.40078	 	
920000	-1.23601	 	619.158	 	0.0148304	 	102.896	 	0.451748	 	99234671	 	42.8366	 	1.40069	 	
921000	-1.23597	 	619.122	 	0.0148508	 	102.869	 	0.451664	 	99347425	 	42.8255	 	1.40077	 	
922000	-1.236	 	619.147	 	0.014996	 	102.888	 	0.451712	 	99452132	 	42.8327	 	1.40103	 	
923000	-1.23593	 	619.086	 	0.0149765	 	102.843	 	0.451565	 	99569151	 	42.8141	 	1.40133	 	
924000	-1.23598	 	619.126	 	0.0153024	 	102.875	 	0.451646	 	99671643	 	42.8254	 	1.40145	 	
925000	-1.23601	 	619.167	 	0.0158108	 	102.901	 	0.4517	 	99773027	 	42.8336	 	1.40182	 	
926000	-1.23598	 	619.134	 	0.0160782	 	102.881	 	0.451639	 	99885596	 	42.8241	 	1.40209	 	
927000	-1.23595	 	619.1	 	0.0159772	 	102.843	 	0.451531	 	99998263	 	42.8087	 	1.40191	 	
928000	-1.23593	 	619.086	 	0.015763	 	102.835	 	0.451514	 	100108231	 	42.8064	 	1.40164	 	
929000	-1.23598	 	619.131	 	0.0163233	 	102.865	 	0.451605	 	100210161	 	42.816	 	1.40169	 	
930000	-1.23596	 	619.107	 	0.0165021	 	102.844	 	0.45156	 	100320662	 	42.8062	 	1.4014	 	
931000	-1.23594	 	619.089	 	0.0166143	 	102.829	 	0.451517	 	100431156	 	42.7994	 	1.40135	 	
932000	-1.23592	 	619.07	 	0.0167489	 	102.812	 	0.451464	 	100540924	 	42.7917	 	1.40121	 	
933000	-1.23593	 	619.075	 	0.0168615	 	102.814	 	0.451458	 	100648070	 	42.792	 	1.40116	 	
934000	-1.23594	 	619.087	 	0.0171201	 	102.814	 	0.45145	 	100754663	 	42.7904	 	1.4014	 	
935000	-1.23588	 	619.031	 	0.0169109	 	102.773	 	0.451329	 	100870957	 	42.7745	 	1.40125	 	
936000	-1.23591	 	619.06	 	0.0167744	 	102.792	 	0.451388	 	100974453	 	42.783	 	1.40124	 	
937000	-1.23591	 	619.063	 	0.017213	 	102.788	 	0.451378	 	101081804	 	42.7791	 	1.40128	 	
938000	-1.23595	 	619.097	 	0.0168813	 	102.813	 	0.451463	 	101185108	 	42.7913	 	1.4014	 	
939000	-1.23591	 	619.066	 	0.0172184	 	102.801	 	0.451425	 	101297150	 	42.7842	 	1.40138	 	
940000	-1.23587	 	619.023	 	0.017327	 	102.775	 	0.451353	 	101411529	 	42.773	 	1.40142	 	
941000	-1.23586	 	619.008	 	0.0174179	 	102.769	 	0.451339	 	101521325	 	42.7697	 	1.4014	 	
942000	-1.23586	 	619.016	 	0.0170349	 	102.773	 	0.451352	 	101627764	 	42.7737	 	1.40136	 	
943000	-1.23585	 	618.998	 	0.017467	 	102.768	 	0.451354	 	101737567	 	42.7691	 	1.4011	 	
944000	-1.23583	 	618.978	 	0.0175753	 	102.76	 	0.451343	 	101847833	 	42.7651	 	1.40091	 	
945000	-1.23587	 	619.024	 	0.0169925	 	102.792	 	0.451438	 	101949061	 	42.7818	 	1.40089	 	
946000	-1.23588	 	619.031	 	0.0172132	 	102.802	 	0.451464	 	102055500	 	42.7846	 	1.40103	 	
947000	-1.23583	 	618.981	 	0.0172803	 	102.762	 	0.451347	 	102170419	 	42.7677	 	1.40075	 	
948000	-1.23581	 	618.956	 	0.0169563	 	102.727	 	0.451225	 	102281752	 	42.7551	 	1.40055	 	
949000	-1.23581	 	618.961	 	0.0171616	 	102.726	 	0.451245	 	102388938	 	42.7536	 	1.4003	 	
950000	-1.2358	 	618.95	 	0.0170422	 	102.722	 	0.451232	 	102498672	 	42.7526	 	1.40065	 	
951000	-1.23583	 	618.981	 	0.0165088	 	102.742	 	0.451281	 	102601481	 	42.7639	 	1.40056	 	
952000	-1.23583	 	618.975	 	0.0161428	 	102.734	 	0.451248	 	102710341	 	42.7624	 	1.40052	 	
953000	-1.2358	 	618.952	 	0.0160476	 	102.716	 	0.45119	 	102821299	 	42.7556	 	1.40082	 	
954000	-1.23584	 	618.99	 	0.0159751	 	102.756	 	0.451309	 	102923981	 	42.7726	 	1.40093	 	
955000	-1.23587	 	619.023	 	0.0154359	 	102.78	 	0.451368	 	103027277	 	42.7853	 	1.40092	 	
956000	-1.23594	 	619.093	 	0.0153494	 	102.829	 	0.451507	 	103125553	 	42.8062	 	1.40123	 	
957000	-1.23602	 	619.171	 	0.0150043	 	102.883	 	0.451647	 	103222464	 	42.8304	 	1.4017	 	
958000	-1.23603	 	619.18	 	0.0147606	 	102.879	 	0.451636	 	103329341	 	42.83	 	1.40156	 	
959000	-1.23607	 	619.223	 	0.0141997	 	102.908	 	0.451714	 	103431588	 	42.8447	 	1.40184	 	
960000	-1.23606	 	619.209	 	0.0139401	 	102.907	 	0.451725	 	103540615	 	42.8455	 	1.40167	 	
961000	-1.23607	 	619.219	 	0.0133998	 	102.925	 	0.451782	 	103646903	 	42.8556	 	1.40181	 	
962000	-1.23608	 	619.232	 	0.0130692	 	102.936	 	0.451824	 	103752715	 	42.8616	 	1.40149	 	
963000	-1.23612	 	619.27	 	0.0124972	 	102.966	 	0.451914	 	103855656	 	42.8765	 	1.40165	 	
964000	-1.23615	 	619.3	 	0.0119529	 	102.991	 	0.45199	 	103959118	 	42.889	 	1.40155	 	
965000	-1.23622	 	619.369	 	0.0121965	 	103.036	 	0.452118	 	104056528	 	42.9068	 	1.4016	 	
966000	-1.23621	 	619.359	 	0.0124072	 	103.027	 	0.452098	 	104166659	 	42.9021	 	1.40205	 	
967000	-1.23627	 	619.425	 	0.0120914	 	103.072	 	0.45222	 	104264594	 	42.9224	 	1.40221	 	
968000	-1.23619	 	619.345	 	0.0118545	 	103.021	 	0.452058	 	104384670	 	42.9021	 	1.40227	 	
969000	-1.23623	 	619.38	 	0.0113559	 	103.035	 	0.452087	 	104487224	 	42.9098	 	1.40243	 	
970000	-1.23622	 	619.375	 	0.0110132	 	103.035	 	0.452097	 	104596501	 	42.9112	 	1.40242	 	
971000	-1.23629	 	619.443	 	0.011087	 	103.084	 	0.452225	 	104694340	 	42.9311	 	1.40269	 	
972000	-1.23625	 	619.402	 	0.0107453	 	103.06	 	0.452154	 	104808404	 	42.9223	 	1.40277	 	
973000	-1.23628	 	619.438	 	0.0105977	 	103.08	 	0.452219	 	104911219	 	42.9314	 	1.40276	 	
974000	-1.2363	 	619.458	 	0.0102239	 	103.097	 	0.452279	 	105016384	 	42.9398	 	1.40272	 	
975000	-1.23626	 	619.418	 	0.0100277	 	103.056	 	0.45216	 	105129959	 	42.9234	 	1.40237	 	
976000	-1.23623	 	619.381	 	0.00979213	 	103.038	 	0.452108	 	105243586	 	42.9164	 	1.4024	 	
977000	-1.2362	 	619.355	 	0.00976574	 	103.025	 	0.452071	 	105355150	 	42.9112	 	1.40229	 	
978000	-1.2362	 	619.352	 	0.0102285	 	103.025	 	0.452088	 	105463437	 	42.9094	 	1.40203	 	
979000	-1.23621	 	619.36	 	0.0103388	 	103.03	 	0.452119	 	105569793	 	42.9112	 	1.4018	 	
980000	-1.23625	 	619.395	 	0.0107395	 	103.057	 	0.452211	 	105671702	 	42.9212	 	1.40174	 	
981000	-1.2362	 	619.347	 	0.0109361	 	103.011	 	0.452076	 	105786442	 	42.9013	 	1.40133	 	
982000	-1.23621	 	619.362	 	0.0113857	 	103.019	 	0.452097	 	105891921	 	42.9028	 	1.40162	 	
983000	-1.23614	 	619.291	 	0.011419	 	102.96	 	0.451908	 	106010038	 	42.8781	 	1.4017	 	
984000	-1.2361	 	619.253	 	0.0113099	 	102.933	 	0.451853	 	106123571	 	42.8673	 	1.40134	 	
985000	-1.23607	 	619.216	 	0.0112049	 	102.907	 	0.451783	 	106237168	 	42.8569	 	1.40138	 	
986000	-1.23613	 	619.278	 	0.011604	 	102.951	 	0.451909	 	106336083	 	42.8738	 	1.40152	 	
987000	-1.2361	 	619.251	 	0.0112478	 	102.931	 	0.451858	 	106448079	 	42.8668	 	1.40132	 	
988000	-1.23611	 	619.257	 	0.0107174	 	102.949	 	0.451923	 	106554611	 	42.8761	 	1.40114	 	
989000	-1.2361	 	619.242	 	0.0104432	 	102.938	 	0.451894	 	106664772	 	42.8727	 	1.401	 	
990000	-1.23607	 	619.219	 	0.0107929	 	102.924	 	0.451856	 	106775969	 	42.8654	 	1.40089	 	
991000	-1.23614	 	619.29	 	0.0113795	 	102.975	 	0.451997	 	106873551	 	42.8846	 	1.40115	 	
992000	-1.23616	 	619.312	 	0.0117122	 	102.996	 	0.452045	 	106978039	 	42.8922	 	1.4015	 	
993000	-1.23613	 	619.274	 	0.0115904	 	102.96	 	0.451923	 	107090954	 	42.8777	 	1.40128	 	
994000	-1.23613	 	619.283	 	0.0116531	 	102.964	 	0.451921	 	107196923	 	42.879	 	1.40135	 	
995000	-1.23613	 	619.282	 	0.0114453	 	102.957	 	0.4519	 	107305383	 	42.877	 	1.40158	 	
996000	-1.2361	 	619.245	 	0.011174	 	102.926	 	0.451819	 	107418454	 	42.8652	 	1.40141	 	
997000	-1.2361	 	619.244	 	0.0108203	 	102.923	 	0.451814	 	107526254	 	42.8652	 	1.40129	 	
998000	-1.2361	 	619.248	 	0.0111098	 	102.933	 	0.451845	 	107633036	 	42.8682	 	1.40115	 	
999000	-1.2361	 	619.25	 	0.0113037	 	102.929	 	0.451823	 	107741305	 	42.8658	 	1.40148	 	
