MCcycles: 1000000
MCcycle 	 <E> 		 <E^2> 		 <M> 		 <M^2> 		 <|M|>		 Accepted config.		 Cv		 X
1000	-1.30237	 	687.355	 	0.206225	 	156.295	 	0.592165	 	97876	 	58.0347	 	1.5431	 	
2000	-1.27273	 	655.978	 	0.015435	 	130.089	 	0.529285	 	204999	 	54.1639	 	1.396	 	
3000	-1.26078	 	643.776	 	0.0551517	 	116.293	 	0.489365	 	312933	 	47.9487	 	1.38066	 	
4000	-1.24153	 	624.387	 	0.0633125	 	103.307	 	0.452743	 	428351	 	42.3763	 	1.35869	 	
5000	-1.23148	 	614.557	 	0.063412	 	96.7645	 	0.43232	 	543330	 	39.6484	 	1.37916	 	
6000	-1.2353	 	618.129	 	0.137641	 	99.8655	 	0.445161	 	648262	 	38.4531	 	1.34424	 	
7000	-1.23431	 	617.076	 	0.181282	 	99.2116	 	0.445091	 	757839	 	35.861	 	1.33112	 	
8000	-1.23558	 	618.546	 	0.13191	 	100.285	 	0.448076	 	864263	 	38.8855	 	1.36884	 	
9000	-1.23634	 	619.209	 	0.0940617	 	99.1594	 	0.444341	 	971095	 	39.8418	 	1.3534	 	
10000	-1.23942	 	622.312	 	0.034367	 	101.593	 	0.451293	 	1073945	 	42.1335	 	1.36267	 	
11000	-1.24097	 	623.919	 	0.0368964	 	102.139	 	0.451363	 	1178856	 	42.3312	 	1.37455	 	
12000	-1.23873	 	621.827	 	0.041375	 	101.852	 	0.450052	 	1289809	 	42.1531	 	1.39692	 	
13000	-1.23794	 	621.147	 	0.073195	 	102.046	 	0.450824	 	1399223	 	41.6263	 	1.41452	 	
14000	-1.23829	 	621.558	 	0.0899271	 	102.995	 	0.453191	 	1505652	 	41.5668	 	1.42527	 	
15000	-1.23404	 	617.313	 	0.0941833	 	100.385	 	0.445257	 	1622273	 	40.3485	 	1.41878	 	
16000	-1.23344	 	616.706	 	0.11434	 	100.271	 	0.444922	 	1731359	 	39.6008	 	1.41522	 	
17000	-1.23145	 	614.716	 	0.127537	 	99.04	 	0.440586	 	1844679	 	38.5557	 	1.41088	 	
18000	-1.22945	 	612.695	 	0.138686	 	97.5829	 	0.436816	 	1958585	 	37.4539	 	1.4013	 	
19000	-1.22896	 	612.243	 	0.145377	 	97.0033	 	0.434718	 	2068711	 	36.8957	 	1.40817	 	
20000	-1.22898	 	612.201	 	0.149615	 	97.1007	 	0.4356	 	2177709	 	36.7279	 	1.3959	 	
21000	-1.23033	 	613.522	 	0.167719	 	98.6189	 	0.440185	 	2282420	 	36.403	 	1.39506	 	
22000	-1.23076	 	613.947	 	0.181094	 	99.0658	 	0.441673	 	2389815	 	35.8116	 	1.3956	 	
23000	-1.22952	 	612.641	 	0.173172	 	97.8586	 	0.438135	 	2502431	 	35.7763	 	1.38112	 	
24000	-1.23091	 	613.995	 	0.178395	 	99.1144	 	0.442013	 	2606318	 	35.9935	 	1.37753	 	
25000	-1.23188	 	614.957	 	0.191857	 	99.9202	 	0.44493	 	2711639	 	35.4986	 	1.37983	 	
26000	-1.23095	 	614.058	 	0.186018	 	98.9569	 	0.441356	 	2823583	 	35.465	 	1.38269	 	
27000	-1.23092	 	613.992	 	0.167702	 	98.808	 	0.441314	 	2932438	 	36.4827	 	1.37681	 	
28000	-1.22934	 	612.456	 	0.155968	 	97.2764	 	0.435912	 	3047603	 	36.4775	 	1.37995	 	
29000	-1.23013	 	613.254	 	0.133096	 	98.0998	 	0.438498	 	3152909	 	37.9225	 	1.38238	 	
30000	-1.22884	 	611.94	 	0.126577	 	97.1505	 	0.436271	 	3267982	 	37.8091	 	1.37582	 	
31000	-1.23002	 	613.151	 	0.110474	 	97.7154	 	0.438135	 	3371775	 	38.6807	 	1.38407	 	
32000	-1.2302	 	613.312	 	0.101433	 	97.8047	 	0.438405	 	3480333	 	39.0372	 	1.38151	 	
33000	-1.22936	 	612.506	 	0.0909933	 	97.2911	 	0.436608	 	3593321	 	39.158	 	1.38417	 	
34000	-1.23055	 	613.691	 	0.0919534	 	98.2553	 	0.439423	 	3695988	 	39.5305	 	1.38758	 	
35000	-1.23038	 	613.546	 	0.10091	 	98.2834	 	0.439322	 	3805624	 	39.2543	 	1.39113	 	
36000	-1.23136	 	614.547	 	0.113489	 	99.3619	 	0.442505	 	3909287	 	39.2542	 	1.39796	 	
37000	-1.23288	 	616.075	 	0.126109	 	100.648	 	0.44624	 	4009289	 	39.2861	 	1.40275	 	
38000	-1.23149	 	614.69	 	0.125983	 	99.5449	 	0.442758	 	4125754	 	38.8318	 	1.39983	 	
39000	-1.23236	 	615.551	 	0.134473	 	100.022	 	0.443964	 	4229149	 	38.6622	 	1.40087	 	
40000	-1.23194	 	615.097	 	0.121361	 	99.6876	 	0.443261	 	4340495	 	39.0817	 	1.39434	 	
41000	-1.23211	 	615.271	 	0.127957	 	99.7508	 	0.443558	 	4448000	 	38.834	 	1.39403	 	
42000	-1.23269	 	615.836	 	0.134872	 	99.9911	 	0.444324	 	4552837	 	38.6312	 	1.39276	 	
43000	-1.232	 	615.12	 	0.138187	 	99.3268	 	0.442603	 	4665485	 	38.2036	 	1.38634	 	
44000	-1.23159	 	614.672	 	0.136473	 	99.018	 	0.441922	 	4777045	 	38.1533	 	1.37963	 	
45000	-1.23173	 	614.811	 	0.138658	 	99.2198	 	0.442792	 	4884048	 	38.1372	 	1.37902	 	
46000	-1.23125	 	614.308	 	0.136792	 	98.9091	 	0.442002	 	4995626	 	38.0935	 	1.37484	 	
47000	-1.23133	 	614.358	 	0.130298	 	99.1595	 	0.44295	 	5103750	 	38.4869	 	1.36939	 	
48000	-1.23186	 	614.906	 	0.119451	 	99.6257	 	0.444314	 	5208678	 	39.1326	 	1.37353	 	
49000	-1.23147	 	614.538	 	0.117215	 	99.2588	 	0.442876	 	5319586	 	39.0679	 	1.37667	 	
50000	-1.23121	 	614.279	 	0.113412	 	98.8582	 	0.441645	 	5430537	 	39.0472	 	1.37688	 	
51000	-1.23178	 	614.849	 	0.112395	 	99.4595	 	0.443467	 	5534991	 	39.336	 	1.3784	 	
52000	-1.23185	 	614.94	 	0.120044	 	99.809	 	0.444755	 	5642795	 	39.1853	 	1.38166	 	
53000	-1.2315	 	614.606	 	0.119978	 	99.5439	 	0.443904	 	5754860	 	39.0775	 	1.38271	 	
54000	-1.23196	 	615.023	 	0.116911	 	99.9513	 	0.445256	 	5859419	 	39.3684	 	1.37771	 	
55000	-1.23162	 	614.683	 	0.116613	 	99.6732	 	0.444318	 	5971089	 	39.264	 	1.37704	 	
56000	-1.23078	 	613.851	 	0.11328	 	98.945	 	0.442169	 	6086396	 	39.0883	 	1.37523	 	
57000	-1.23129	 	614.378	 	0.119443	 	99.3607	 	0.443279	 	6190783	 	39.0225	 	1.37966	 	
58000	-1.23147	 	614.557	 	0.109658	 	99.5591	 	0.443823	 	6298296	 	39.4788	 	1.38017	 	
59000	-1.23183	 	614.93	 	0.0993114	 	99.8811	 	0.444789	 	6403743	 	39.9733	 	1.38248	 	
60000	-1.2328	 	615.903	 	0.0879803	 	100.686	 	0.447074	 	6503654	 	40.6626	 	1.38625	 	
61000	-1.23238	 	615.5	 	0.0832093	 	100.438	 	0.446252	 	6615234	 	40.6952	 	1.38806	 	
62000	-1.23221	 	615.325	 	0.076515	 	100.174	 	0.445563	 	6725140	 	40.7635	 	1.38735	 	
63000	-1.23172	 	614.842	 	0.0691288	 	99.9398	 	0.444901	 	6837702	 	40.8451	 	1.38651	 	
64000	-1.23185	 	614.974	 	0.0636706	 	100.038	 	0.445165	 	6944969	 	41.007	 	1.38697	 	
65000	-1.23259	 	615.692	 	0.0642893	 	100.543	 	0.446716	 	7046618	 	41.2041	 	1.38613	 	
66000	-1.23241	 	615.516	 	0.0623364	 	100.339	 	0.446155	 	7156664	 	41.1602	 	1.38584	 	
67000	-1.23218	 	615.288	 	0.061886	 	100.228	 	0.445953	 	7267605	 	41.1235	 	1.38572	 	
68000	-1.23191	 	615.022	 	0.0575314	 	100.017	 	0.445321	 	7379017	 	41.1223	 	1.38543	 	
69000	-1.23158	 	614.708	 	0.0519389	 	99.8796	 	0.444678	 	7490445	 	41.1669	 	1.38764	 	
70000	-1.23181	 	614.932	 	0.0448823	 	99.9464	 	0.44486	 	7596756	 	41.3086	 	1.38699	 	
71000	-1.23194	 	615.078	 	0.0381327	 	100.02	 	0.444877	 	7703825	 	41.4326	 	1.39089	 	
72000	-1.23171	 	614.862	 	0.0386008	 	99.9545	 	0.444787	 	7815069	 	41.3994	 	1.39127	 	
73000	-1.23191	 	615.045	 	0.0386766	 	100.186	 	0.445526	 	7921542	 	41.4948	 	1.38875	 	
74000	-1.23139	 	614.509	 	0.0382573	 	99.6267	 	0.443771	 	8035887	 	41.2672	 	1.38589	 	
75000	-1.23219	 	615.319	 	0.0300494	 	100.266	 	0.445588	 	8135498	 	41.6268	 	1.3891	 	
76000	-1.23268	 	615.814	 	0.0281755	 	100.707	 	0.446809	 	8238463	 	41.8291	 	1.39106	 	
77000	-1.23221	 	615.346	 	0.0287967	 	100.473	 	0.446176	 	8351762	 	41.7255	 	1.38994	 	
78000	-1.23243	 	615.578	 	0.0254274	 	100.71	 	0.446893	 	8457907	 	41.8549	 	1.39257	 	
79000	-1.23254	 	615.679	 	0.0306963	 	100.846	 	0.447213	 	8564419	 	41.8623	 	1.39269	 	
80000	-1.23174	 	614.876	 	0.0300789	 	100.253	 	0.44553	 	8682147	 	41.6215	 	1.38912	 	
81000	-1.23163	 	614.76	 	0.024517	 	100.166	 	0.445322	 	8791440	 	41.6356	 	1.38743	 	
82000	-1.23159	 	614.726	 	0.0213267	 	99.9644	 	0.444648	 	8900700	 	41.576	 	1.38835	 	
83000	-1.23215	 	615.292	 	0.0274669	 	100.303	 	0.445691	 	9002801	 	41.6674	 	1.39179	 	
84000	-1.23204	 	615.165	 	0.0284505	 	100.251	 	0.445582	 	9112301	 	41.6363	 	1.38898	 	
85000	-1.23225	 	615.386	 	0.029139	 	100.49	 	0.446207	 	9218559	 	41.7293	 	1.39091	 	
86000	-1.2321	 	615.236	 	0.0253065	 	100.368	 	0.445857	 	9328981	 	41.7131	 	1.3894	 	
87000	-1.23193	 	615.055	 	0.0254013	 	100.109	 	0.444876	 	9439589	 	41.6044	 	1.38707	 	
88000	-1.23156	 	614.667	 	0.0214443	 	99.7319	 	0.443846	 	9552878	 	41.4783	 	1.38344	 	
89000	-1.23145	 	614.562	 	0.0252756	 	99.7314	 	0.443846	 	9662744	 	41.4483	 	1.3837	 	
90000	-1.23202	 	615.145	 	0.0190712	 	100.151	 	0.444991	 	9763589	 	41.6691	 	1.38846	 	
91000	-1.23172	 	614.844	 	0.0157626	 	99.7365	 	0.443644	 	9876992	 	41.5155	 	1.38711	 	
92000	-1.23169	 	614.817	 	0.0146275	 	99.6771	 	0.443512	 	9985627	 	41.4965	 	1.38692	 	
93000	-1.23177	 	614.9	 	0.0136793	 	99.8269	 	0.444	 	10092628	 	41.5634	 	1.38807	 	
94000	-1.23195	 	615.069	 	0.00800729	 	100.062	 	0.444817	 	10198587	 	41.6819	 	1.38688	 	
95000	-1.23223	 	615.341	 	0.0128797	 	100.226	 	0.445375	 	10303031	 	41.7333	 	1.38682	 	
96000	-1.23263	 	615.744	 	0.0140049	 	100.532	 	0.446294	 	10405221	 	41.8558	 	1.38849	 	
97000	-1.23275	 	615.871	 	0.0129445	 	100.466	 	0.445936	 	10511992	 	41.8329	 	1.38863	 	
98000	-1.23329	 	616.404	 	0.0183397	 	100.826	 	0.446924	 	10612461	 	41.9546	 	1.38983	 	
99000	-1.23334	 	616.454	 	0.021817	 	100.83	 	0.446839	 	10719460	 	41.933	 	1.38938	 	
100000	-1.23374	 	616.871	 	0.0160978	 	101.22	 	0.447904	 	10821731	 	42.1317	 	1.39272	 	
101000	-1.23401	 	617.121	 	0.0108529	 	101.408	 	0.448582	 	10925441	 	42.2337	 	1.39029	 	
102000	-1.23409	 	617.196	 	0.0106958	 	101.416	 	0.448601	 	11032344	 	42.2376	 	1.39026	 	
103000	-1.23424	 	617.357	 	0.0106561	 	101.538	 	0.448938	 	11138291	 	42.2885	 	1.39122	 	
104000	-1.23428	 	617.372	 	0.0143184	 	101.475	 	0.448759	 	11245931	 	42.247	 	1.38744	 	
105000	-1.23397	 	617.072	 	0.0134507	 	101.302	 	0.448233	 	11358658	 	42.179	 	1.38814	 	
106000	-1.23433	 	617.426	 	0.0101661	 	101.613	 	0.449148	 	11461307	 	42.3216	 	1.38928	 	
107000	-1.23461	 	617.71	 	0.0151025	 	101.89	 	0.450018	 	11564981	 	42.4161	 	1.39014	 	
108000	-1.23467	 	617.781	 	0.0193471	 	102.057	 	0.450518	 	11671170	 	42.4613	 	1.39109	 	
109000	-1.23485	 	617.96	 	0.016504	 	102.213	 	0.450956	 	11775842	 	42.5435	 	1.39255	 	
110000	-1.23434	 	617.449	 	0.0147354	 	101.748	 	0.449538	 	11893115	 	42.359	 	1.39074	 	
111000	-1.23437	 	617.47	 	0.0186345	 	101.857	 	0.449935	 	12000531	 	42.3824	 	1.38879	 	
112000	-1.23447	 	617.552	 	0.014419	 	101.89	 	0.450098	 	12107433	 	42.4196	 	1.38708	 	
113000	-1.23432	 	617.403	 	0.0166773	 	101.872	 	0.449987	 	12217975	 	42.4001	 	1.38696	 	
114000	-1.23475	 	617.85	 	0.0208165	 	102.211	 	0.450812	 	12318646	 	42.5155	 	1.39006	 	
115000	-1.23456	 	617.659	 	0.0215593	 	102.122	 	0.450583	 	12430201	 	42.4733	 	1.38947	 	
116000	-1.23508	 	618.18	 	0.0263589	 	102.484	 	0.451684	 	12529609	 	42.5858	 	1.39016	 	
117000	-1.23491	 	618.019	 	0.0256565	 	102.264	 	0.450946	 	12640916	 	42.5004	 	1.39153	 	
118000	-1.23464	 	617.738	 	0.0259902	 	101.923	 	0.449874	 	12754022	 	42.3553	 	1.38906	 	
119000	-1.2345	 	617.588	 	0.0273174	 	101.787	 	0.4495	 	12864498	 	42.2869	 	1.38752	 	
120000	-1.23461	 	617.697	 	0.028491	 	101.876	 	0.449815	 	12970824	 	42.3131	 	1.38679	 	
121000	-1.2342	 	617.279	 	0.029039	 	101.559	 	0.448866	 	13086203	 	42.1759	 	1.38491	 	
122000	-1.23456	 	617.644	 	0.0328707	 	101.783	 	0.449416	 	13188699	 	42.2294	 	1.38765	 	
123000	-1.23477	 	617.856	 	0.0304136	 	101.916	 	0.449822	 	13292667	 	42.3108	 	1.38688	 	
124000	-1.23521	 	618.3	 	0.0256262	 	102.249	 	0.45074	 	13392664	 	42.4943	 	1.38917	 	
125000	-1.23527	 	618.355	 	0.0222136	 	102.235	 	0.450635	 	13499775	 	42.5156	 	1.38905	 	
126000	-1.23525	 	618.33	 	0.0206152	 	102.194	 	0.450568	 	13608627	 	42.5099	 	1.38772	 	
127000	-1.23509	 	618.175	 	0.0182149	 	101.999	 	0.449921	 	13719588	 	42.4444	 	1.3884	 	
128000	-1.23523	 	618.303	 	0.0186775	 	102.09	 	0.450279	 	13824784	 	42.4794	 	1.38662	 	
129000	-1.23535	 	618.433	 	0.014757	 	102.2	 	0.450606	 	13930182	 	42.5469	 	1.3876	 	
130000	-1.23537	 	618.454	 	0.014181	 	102.241	 	0.450638	 	14037962	 	42.5668	 	1.38922	 	
131000	-1.23526	 	618.342	 	0.0156111	 	102.2	 	0.450543	 	14147811	 	42.5428	 	1.38869	 	
132000	-1.23536	 	618.435	 	0.0142906	 	102.357	 	0.451065	 	14253505	 	42.6147	 	1.38734	 	
133000	-1.23537	 	618.448	 	0.0172349	 	102.397	 	0.451206	 	14361344	 	42.6158	 	1.38675	 	
134000	-1.23556	 	618.633	 	0.0210847	 	102.59	 	0.451828	 	14465929	 	42.6716	 	1.38683	 	
135000	-1.23557	 	618.642	 	0.0201975	 	102.484	 	0.451392	 	14573568	 	42.6337	 	1.38623	 	
136000	-1.23564	 	618.711	 	0.0212808	 	102.55	 	0.451562	 	14679934	 	42.6538	 	1.38661	 	
137000	-1.23551	 	618.585	 	0.0240291	 	102.479	 	0.451329	 	14791236	 	42.6033	 	1.38768	 	
138000	-1.23562	 	618.689	 	0.0268958	 	102.557	 	0.45161	 	14896779	 	42.6115	 	1.38712	 	
139000	-1.23532	 	618.39	 	0.0275896	 	102.349	 	0.451033	 	15010925	 	42.5187	 	1.38632	 	
140000	-1.23525	 	618.314	 	0.0264362	 	102.221	 	0.450571	 	15120120	 	42.4754	 	1.38486	 	
141000	-1.23544	 	618.514	 	0.0287618	 	102.398	 	0.451051	 	15224103	 	42.528	 	1.38647	 	
142000	-1.23547	 	618.538	 	0.0276735	 	102.399	 	0.451046	 	15331064	 	42.5386	 	1.38593	 	
143000	-1.23568	 	618.753	 	0.0297594	 	102.536	 	0.451391	 	15434127	 	42.5758	 	1.38658	 	
144000	-1.23565	 	618.724	 	0.027456	 	102.467	 	0.45114	 	15543306	 	42.569	 	1.38664	 	
145000	-1.23579	 	618.868	 	0.0248118	 	102.577	 	0.451427	 	15648526	 	42.6377	 	1.3879	 	
146000	-1.23602	 	619.101	 	0.0261143	 	102.768	 	0.45197	 	15751370	 	42.7064	 	1.3886	 	
147000	-1.23635	 	619.421	 	0.0296441	 	103.003	 	0.452612	 	15852223	 	42.7714	 	1.38832	 	
148000	-1.23643	 	619.493	 	0.0323717	 	102.997	 	0.452526	 	15958041	 	42.7409	 	1.3878	 	
149000	-1.23675	 	619.82	 	0.0307071	 	103.254	 	0.453284	 	16058594	 	42.8653	 	1.3885	 	
150000	-1.23657	 	619.636	 	0.0309527	 	103.135	 	0.453028	 	16170545	 	42.8134	 	1.38796	 	
151000	-1.23665	 	619.721	 	0.0307859	 	103.277	 	0.453458	 	16276205	 	42.874	 	1.38886	 	
152000	-1.23643	 	619.495	 	0.030862	 	103.154	 	0.453217	 	16389259	 	42.8222	 	1.38758	 	
153000	-1.23618	 	619.246	 	0.0302219	 	103.018	 	0.452938	 	16502817	 	42.7719	 	1.3863	 	
154000	-1.23638	 	619.443	 	0.0278735	 	103.158	 	0.453392	 	16605571	 	42.853	 	1.38615	 	
155000	-1.23603	 	619.085	 	0.0273242	 	102.857	 	0.452421	 	16721211	 	42.7325	 	1.3852	 	
156000	-1.2362	 	619.25	 	0.0306073	 	103.031	 	0.452983	 	16824680	 	42.7734	 	1.38485	 	
157000	-1.23572	 	618.777	 	0.0313272	 	102.636	 	0.451718	 	16944057	 	42.6014	 	1.38492	 	
158000	-1.23559	 	618.637	 	0.0294068	 	102.513	 	0.45142	 	17054916	 	42.5697	 	1.38249	 	
159000	-1.23554	 	618.578	 	0.0282938	 	102.45	 	0.451318	 	17163782	 	42.5541	 	1.38114	 	
160000	-1.23542	 	618.446	 	0.0275633	 	102.33	 	0.451035	 	17274723	 	42.511	 	1.37946	 	
161000	-1.23575	 	618.779	 	0.0236021	 	102.666	 	0.452023	 	17374498	 	42.6846	 	1.3799	 	
162000	-1.23578	 	618.805	 	0.0204733	 	102.723	 	0.452227	 	17481734	 	42.7315	 	1.37907	 	
163000	-1.23579	 	618.802	 	0.01829	 	102.663	 	0.452024	 	17589342	 	42.7206	 	1.37779	 	
164000	-1.23589	 	618.904	 	0.0152313	 	102.71	 	0.452225	 	17694477	 	42.7571	 	1.37676	 	
165000	-1.23626	 	619.262	 	0.0148197	 	102.991	 	0.453063	 	17792947	 	42.8764	 	1.37681	 	
166000	-1.23611	 	619.118	 	0.0146227	 	102.892	 	0.452778	 	17904590	 	42.8359	 	1.37649	 	
167000	-1.23576	 	618.764	 	0.0131425	 	102.551	 	0.451766	 	18021491	 	42.7008	 	1.3763	 	
168000	-1.23568	 	618.692	 	0.0106764	 	102.476	 	0.451583	 	18131601	 	42.6793	 	1.37703	 	
169000	-1.2354	 	618.419	 	0.0105008	 	102.338	 	0.4512	 	18246025	 	42.6226	 	1.37764	 	
170000	-1.23555	 	618.568	 	0.00896829	 	102.408	 	0.451415	 	18349769	 	42.6568	 	1.37743	 	
171000	-1.23558	 	618.601	 	0.00743509	 	102.371	 	0.451263	 	18457981	 	42.6455	 	1.37847	 	
172000	-1.2359	 	618.929	 	0.00414006	 	102.595	 	0.451901	 	18558430	 	42.7449	 	1.38036	 	
173000	-1.23587	 	618.895	 	0.00290234	 	102.575	 	0.451945	 	18666998	 	42.7381	 	1.37914	 	
174000	-1.23604	 	619.071	 	0.00031569	 	102.757	 	0.452514	 	18769940	 	42.8155	 	1.37988	 	
175000	-1.23601	 	619.032	 	0.000411114	 	102.766	 	0.452623	 	18878591	 	42.8191	 	1.37888	 	
176000	-1.23603	 	619.049	 	0.00107043	 	102.831	 	0.452865	 	18985587	 	42.846	 	1.37845	 	
177000	-1.23631	 	619.333	 	-0.00195672	 	103	 	0.45334	 	19086641	 	42.9162	 	1.37923	 	
178000	-1.23639	 	619.421	 	-0.00209952	 	103.057	 	0.453479	 	19192318	 	42.9397	 	1.38098	 	
179000	-1.23606	 	619.085	 	-0.00251433	 	102.78	 	0.452652	 	19308817	 	42.8239	 	1.37954	 	
180000	-1.23631	 	619.337	 	-0.000266056	 	102.925	 	0.453038	 	19409799	 	42.8853	 	1.38007	 	
181000	-1.23609	 	619.114	 	-0.00187688	 	102.7	 	0.452363	 	19523382	 	42.7911	 	1.37968	 	
182000	-1.23592	 	618.952	 	-0.0027928	 	102.559	 	0.451922	 	19635743	 	42.7318	 	1.38026	 	
183000	-1.23582	 	618.848	 	-0.00270243	 	102.535	 	0.451932	 	19746673	 	42.7218	 	1.37984	 	
184000	-1.23592	 	618.951	 	0.000146984	 	102.661	 	0.452315	 	19852154	 	42.7754	 	1.38141	 	
185000	-1.23593	 	618.96	 	-0.000914541	 	102.672	 	0.452382	 	19960075	 	42.78	 	1.38059	 	
186000	-1.23569	 	618.727	 	-0.00269379	 	102.55	 	0.452059	 	20073949	 	42.7278	 	1.3803	 	
187000	-1.23575	 	618.778	 	-0.00247904	 	102.625	 	0.452315	 	20180669	 	42.7593	 	1.37952	 	
188000	-1.23594	 	618.966	 	-0.00099125	 	102.766	 	0.45266	 	20284291	 	42.819	 	1.37959	 	
189000	-1.23582	 	618.842	 	0.000830159	 	102.725	 	0.452541	 	20395216	 	42.802	 	1.37899	 	
190000	-1.23616	 	619.187	 	0.00366463	 	102.937	 	0.453108	 	20493510	 	42.8881	 	1.38037	 	
191000	-1.23571	 	618.749	 	0.00256461	 	102.607	 	0.452097	 	20613959	 	42.7519	 	1.38069	 	
192000	-1.23607	 	619.109	 	0.00285672	 	102.852	 	0.45271	 	20711828	 	42.8538	 	1.38307	 	
193000	-1.2358	 	618.841	 	0.0035694	 	102.626	 	0.452094	 	20827396	 	42.7588	 	1.3815	 	
194000	-1.236	 	619.037	 	0.00115173	 	102.795	 	0.452615	 	20929102	 	42.831	 	1.38201	 	
195000	-1.23615	 	619.189	 	0.000716051	 	102.87	 	0.452782	 	21032222	 	42.8624	 	1.38222	 	
196000	-1.23621	 	619.24	 	0.00174242	 	102.894	 	0.452869	 	21138608	 	42.8719	 	1.38173	 	
197000	-1.23644	 	619.476	 	0.000991675	 	103.079	 	0.453417	 	21239207	 	42.9494	 	1.38201	 	
198000	-1.23634	 	619.374	 	0.000837273	 	102.977	 	0.453098	 	21349777	 	42.9072	 	1.38146	 	
199000	-1.23662	 	619.656	 	-0.00200648	 	103.189	 	0.453685	 	21449051	 	42.9946	 	1.38223	 	
200000	-1.2367	 	619.734	 	0.00024905	 	103.234	 	0.453801	 	21554275	 	43.0143	 	1.38199	 	
201000	-1.23679	 	619.818	 	0.00246923	 	103.286	 	0.453979	 	21659405	 	43.0347	 	1.38152	 	
202000	-1.23712	 	620.159	 	0.00366869	 	103.498	 	0.45452	 	21757306	 	43.1219	 	1.3839	 	
203000	-1.23711	 	620.15	 	0.00386579	 	103.519	 	0.4546	 	21864981	 	43.1304	 	1.38356	 	
204000	-1.23723	 	620.268	 	0.00659206	 	103.675	 	0.455117	 	21969317	 	43.1905	 	1.38397	 	
205000	-1.23744	 	620.486	 	0.00925229	 	103.863	 	0.455627	 	22070537	 	43.262	 	1.38627	 	
206000	-1.23747	 	620.519	 	0.0096609	 	103.905	 	0.455773	 	22177000	 	43.278	 	1.38602	 	
207000	-1.23715	 	620.192	 	0.00868466	 	103.626	 	0.454953	 	22294566	 	43.1648	 	1.38528	 	
208000	-1.23708	 	620.118	 	0.00654721	 	103.568	 	0.454865	 	22403803	 	43.1463	 	1.3839	 	
209000	-1.23683	 	619.865	 	0.0071155	 	103.325	 	0.454081	 	22519780	 	43.0438	 	1.38349	 	
210000	-1.23686	 	619.9	 	0.00771805	 	103.371	 	0.454242	 	22626053	 	43.0613	 	1.38319	 	
211000	-1.23702	 	620.061	 	0.00529841	 	103.476	 	0.454496	 	22728968	 	43.1102	 	1.38391	 	
212000	-1.23697	 	620.017	 	0.0069141	 	103.447	 	0.454356	 	22838397	 	43.0948	 	1.38443	 	
213000	-1.23687	 	619.904	 	0.00508768	 	103.338	 	0.454101	 	22949939	 	43.0531	 	1.38289	 	
214000	-1.23662	 	619.656	 	0.00405112	 	103.141	 	0.453472	 	23066062	 	42.9727	 	1.38309	 	
215000	-1.23652	 	619.552	 	0.00349933	 	103.085	 	0.453385	 	23176575	 	42.95	 	1.38131	 	
216000	-1.23679	 	619.824	 	0.0061962	 	103.333	 	0.454042	 	23275822	 	43.0492	 	1.38217	 	
217000	-1.23678	 	619.814	 	0.00785412	 	103.324	 	0.453958	 	23383853	 	43.0416	 	1.38286	 	
218000	-1.23649	 	619.537	 	0.00710858	 	103.131	 	0.453373	 	23501320	 	42.9627	 	1.38375	 	
219000	-1.2364	 	619.445	 	0.00736365	 	103.047	 	0.453114	 	23612220	 	42.9274	 	1.38351	 	
220000	-1.23659	 	619.633	 	0.00564082	 	103.176	 	0.453509	 	23713704	 	42.9848	 	1.38423	 	
221000	-1.23676	 	619.81	 	0.00402217	 	103.312	 	0.453893	 	23815644	 	43.044	 	1.38576	 	
222000	-1.23678	 	619.833	 	0.00436313	 	103.349	 	0.454005	 	23922633	 	43.0588	 	1.38612	 	
223000	-1.2367	 	619.754	 	0.00324363	 	103.279	 	0.453778	 	24032276	 	43.0312	 	1.38554	 	
224000	-1.23656	 	619.608	 	0.00271266	 	103.172	 	0.453489	 	24144803	 	42.9869	 	1.38525	 	
225000	-1.23646	 	619.519	 	0.00448496	 	103.13	 	0.453372	 	24255430	 	42.9675	 	1.3856	 	
226000	-1.23646	 	619.507	 	0.00242374	 	103.136	 	0.453461	 	24363946	 	42.9722	 	1.38509	 	
227000	-1.23648	 	619.536	 	0.00377837	 	103.128	 	0.453423	 	24470685	 	42.9674	 	1.38517	 	
228000	-1.23646	 	619.506	 	0.00375783	 	103.088	 	0.453301	 	24579730	 	42.951	 	1.38458	 	
229000	-1.23638	 	619.423	 	0.0041464	 	102.993	 	0.452974	 	24690220	 	42.911	 	1.38401	 	
230000	-1.23616	 	619.212	 	0.0049242	 	102.839	 	0.452516	 	24805551	 	42.8457	 	1.38382	 	
231000	-1.23619	 	619.241	 	0.00519385	 	102.871	 	0.452639	 	24912513	 	42.8586	 	1.38373	 	
232000	-1.23605	 	619.1	 	0.00450446	 	102.785	 	0.45237	 	25025728	 	42.8236	 	1.38432	 	
233000	-1.23611	 	619.161	 	0.00271082	 	102.84	 	0.452538	 	25131188	 	42.8487	 	1.38442	 	
234000	-1.23617	 	619.216	 	0.00318415	 	102.884	 	0.452669	 	25236571	 	42.8668	 	1.38427	 	
235000	-1.23625	 	619.287	 	0.00460755	 	102.966	 	0.452942	 	25341517	 	42.8988	 	1.383	 	
236000	-1.23626	 	619.306	 	0.00560093	 	102.99	 	0.452956	 	25448649	 	42.9073	 	1.38374	 	
237000	-1.23646	 	619.516	 	0.00786437	 	103.124	 	0.45334	 	25549608	 	42.9582	 	1.3851	 	
238000	-1.23656	 	619.613	 	0.00622405	 	103.193	 	0.453528	 	25654485	 	42.9905	 	1.38596	 	
239000	-1.23645	 	619.517	 	0.00528268	 	103.151	 	0.453387	 	25765437	 	42.9748	 	1.38711	 	
240000	-1.23656	 	619.618	 	0.00377096	 	103.234	 	0.453635	 	25869607	 	43.0117	 	1.38704	 	
241000	-1.2363	 	619.36	 	0.0041072	 	103.027	 	0.453064	 	25986706	 	42.925	 	1.38693	 	
242000	-1.2362	 	619.267	 	0.00362025	 	102.959	 	0.452856	 	26097823	 	42.8972	 	1.3869	 	
243000	-1.23603	 	619.091	 	0.00330064	 	102.861	 	0.45267	 	26211841	 	42.8571	 	1.3857	 	
244000	-1.23588	 	618.932	 	0.00350543	 	102.741	 	0.452325	 	26326026	 	42.8066	 	1.38476	 	
245000	-1.23608	 	619.145	 	0.00115173	 	102.923	 	0.452826	 	26426364	 	42.8845	 	1.38608	 	
246000	-1.23606	 	619.116	 	7.74593e-05	 	102.917	 	0.452879	 	26534878	 	42.8822	 	1.3853	 	
247000	-1.23595	 	619.008	 	0.000456538	 	102.856	 	0.45272	 	26646436	 	42.8567	 	1.38449	 	
248000	-1.23575	 	618.798	 	0.000888548	 	102.683	 	0.452219	 	26761839	 	42.7843	 	1.38387	 	
249000	-1.2358	 	618.855	 	-0.00103859	 	102.778	 	0.45248	 	26868021	 	42.824	 	1.38446	 	
250000	-1.23585	 	618.905	 	0.00084038	 	102.816	 	0.45259	 	26973604	 	42.8397	 	1.38393	 	
251000	-1.23592	 	618.968	 	0.00271799	 	102.866	 	0.452744	 	27079372	 	42.8597	 	1.38379	 	
252000	-1.23591	 	618.957	 	0.00171304	 	102.86	 	0.452735	 	27187927	 	42.8577	 	1.38346	 	
253000	-1.23597	 	619.023	 	0.00166731	 	102.885	 	0.452781	 	27293142	 	42.8685	 	1.38427	 	
254000	-1.23594	 	618.993	 	0.0032015	 	102.874	 	0.452733	 	27402358	 	42.8625	 	1.38418	 	
255000	-1.23575	 	618.806	 	0.00252624	 	102.755	 	0.452395	 	27517298	 	42.8137	 	1.38369	 	
256000	-1.2357	 	618.749	 	0.00346455	 	102.707	 	0.45224	 	27627417	 	42.7926	 	1.38375	 	
257000	-1.2356	 	618.659	 	0.00436183	 	102.632	 	0.452038	 	27738547	 	42.76	 	1.38403	 	
258000	-1.23548	 	618.531	 	0.00317025	 	102.526	 	0.451707	 	27851476	 	42.7174	 	1.38374	 	
259000	-1.2356	 	618.649	 	0.00333776	 	102.629	 	0.452044	 	27954786	 	42.7601	 	1.38327	 	
260000	-1.23577	 	618.823	 	0.00455737	 	102.757	 	0.452354	 	28056312	 	42.8118	 	1.38451	 	
261000	-1.23605	 	619.108	 	0.00690312	 	102.987	 	0.452985	 	28153207	 	42.9035	 	1.38576	 	
262000	-1.23607	 	619.125	 	0.00785553	 	102.938	 	0.452879	 	28260571	 	42.8805	 	1.38414	 	
263000	-1.23602	 	619.075	 	0.00618724	 	102.921	 	0.452834	 	28370903	 	42.8774	 	1.38489	 	
264000	-1.23587	 	618.926	 	0.00749337	 	102.833	 	0.452634	 	28484280	 	42.8375	 	1.38414	 	
265000	-1.23598	 	619.033	 	0.00890817	 	102.898	 	0.452781	 	28588372	 	42.861	 	1.38522	 	
266000	-1.23598	 	619.029	 	0.00777776	 	102.908	 	0.452868	 	28696262	 	42.8684	 	1.38452	 	
267000	-1.23601	 	619.063	 	0.0089494	 	102.876	 	0.452773	 	28803032	 	42.8518	 	1.38445	 	
268000	-1.23602	 	619.068	 	0.00983899	 	102.87	 	0.452741	 	28910248	 	42.8465	 	1.38432	 	
269000	-1.23597	 	619.015	 	0.0107603	 	102.806	 	0.452552	 	29019666	 	42.8165	 	1.38307	 	
270000	-1.2359	 	618.95	 	0.00953696	 	102.71	 	0.452178	 	29130392	 	42.7807	 	1.38306	 	
271000	-1.23573	 	618.779	 	0.00856563	 	102.561	 	0.451684	 	29245540	 	42.7215	 	1.38292	 	
272000	-1.23573	 	618.775	 	0.00747596	 	102.589	 	0.451772	 	29353148	 	42.7361	 	1.38294	 	
273000	-1.23588	 	618.93	 	0.00581209	 	102.698	 	0.452021	 	29454783	 	42.7852	 	1.38374	 	
274000	-1.23589	 	618.945	 	0.00642856	 	102.739	 	0.45212	 	29561017	 	42.8011	 	1.38386	 	
275000	-1.23586	 	618.906	 	0.00538318	 	102.684	 	0.45195	 	29670899	 	42.7801	 	1.38332	 	
276000	-1.23588	 	618.929	 	0.00405418	 	102.667	 	0.451908	 	29778275	 	42.7752	 	1.3835	 	
277000	-1.23607	 	619.12	 	0.00607841	 	102.815	 	0.452323	 	29877724	 	42.8333	 	1.38404	 	
278000	-1.23606	 	619.115	 	0.00542897	 	102.809	 	0.452296	 	29986037	 	42.8322	 	1.38433	 	
279000	-1.23613	 	619.175	 	0.00433124	 	102.846	 	0.452489	 	30090661	 	42.8493	 	1.38362	 	
280000	-1.23637	 	619.421	 	0.00367437	 	103.031	 	0.452977	 	30188981	 	42.9275	 	1.3855	 	
281000	-1.23644	 	619.495	 	0.00269206	 	103.074	 	0.453071	 	30293838	 	42.9462	 	1.38608	 	
282000	-1.23663	 	619.684	 	0.00380793	 	103.232	 	0.453513	 	30393573	 	43.0109	 	1.38601	 	
283000	-1.23667	 	619.728	 	0.00287905	 	103.285	 	0.453618	 	30499902	 	43.0339	 	1.38703	 	
284000	-1.23679	 	619.852	 	0.00368739	 	103.384	 	0.453926	 	30602186	 	43.0745	 	1.38707	 	
285000	-1.23699	 	620.054	 	0.00342404	 	103.53	 	0.454294	 	30701800	 	43.1355	 	1.38798	 	
286000	-1.23702	 	620.082	 	0.00370811	 	103.559	 	0.454381	 	30807886	 	43.1473	 	1.38822	 	
287000	-1.23694	 	620.004	 	0.00335857	 	103.523	 	0.454276	 	30918384	 	43.1326	 	1.38858	 	
288000	-1.23678	 	619.846	 	0.0043533	 	103.437	 	0.454051	 	31032855	 	43.0956	 	1.38839	 	
289000	-1.23665	 	619.716	 	0.00535279	 	103.309	 	0.45364	 	31146027	 	43.0407	 	1.3878	 	
290000	-1.23663	 	619.699	 	0.00535388	 	103.274	 	0.453551	 	31254504	 	43.0262	 	1.38775	 	
291000	-1.23671	 	619.779	 	0.00613619	 	103.346	 	0.453738	 	31358807	 	43.0545	 	1.3884	 	
292000	-1.2367	 	619.77	 	0.00763976	 	103.356	 	0.45376	 	31467086	 	43.0554	 	1.38858	 	
293000	-1.23667	 	619.736	 	0.00753578	 	103.333	 	0.453717	 	31576256	 	43.0459	 	1.38868	 	
294000	-1.23666	 	619.732	 	0.00793058	 	103.326	 	0.453677	 	31684492	 	43.0422	 	1.38941	 	
295000	-1.23683	 	619.918	 	0.00610369	 	103.457	 	0.45398	 	31784243	 	43.101	 	1.39135	 	
296000	-1.23681	 	619.897	 	0.00459633	 	103.468	 	0.453998	 	31893227	 	43.108	 	1.39171	 	
297000	-1.23677	 	619.857	 	0.00406421	 	103.414	 	0.453805	 	32002647	 	43.0865	 	1.39227	 	
298000	-1.23689	 	619.976	 	0.00464636	 	103.489	 	0.453989	 	32104962	 	43.1168	 	1.39261	 	
299000	-1.23694	 	620.022	 	0.00603726	 	103.543	 	0.454193	 	32210419	 	43.1369	 	1.3919	 	
300000	-1.23699	 	620.069	 	0.00549383	 	103.578	 	0.454273	 	32315381	 	43.1525	 	1.39177	 	
301000	-1.23683	 	619.912	 	0.00585238	 	103.438	 	0.453879	 	32430103	 	43.0934	 	1.39094	 	
302000	-1.23669	 	619.768	 	0.00666237	 	103.328	 	0.453593	 	32544432	 	43.0461	 	1.3903	 	
303000	-1.23671	 	619.788	 	0.00644323	 	103.319	 	0.453531	 	32651424	 	43.0426	 	1.39056	 	
304000	-1.2367	 	619.781	 	0.00619419	 	103.31	 	0.453494	 	32759371	 	43.0396	 	1.3901	 	
305000	-1.23671	 	619.787	 	0.00490785	 	103.316	 	0.453543	 	32866793	 	43.0442	 	1.38926	 	
306000	-1.23664	 	619.715	 	0.00419938	 	103.247	 	0.453381	 	32978500	 	43.0165	 	1.38882	 	
307000	-1.23653	 	619.597	 	0.0053234	 	103.145	 	0.453089	 	33091550	 	42.9722	 	1.38809	 	
308000	-1.2366	 	619.67	 	0.00389602	 	103.2	 	0.45319	 	33196435	 	42.9975	 	1.38902	 	
309000	-1.2367	 	619.772	 	0.0029943	 	103.29	 	0.453459	 	33299169	 	43.036	 	1.38892	 	
310000	-1.23678	 	619.849	 	0.00314639	 	103.306	 	0.453466	 	33403953	 	43.0426	 	1.38921	 	
311000	-1.23695	 	620.022	 	0.00485633	 	103.406	 	0.453744	 	33504090	 	43.0819	 	1.38989	 	
312000	-1.23682	 	619.894	 	0.00485857	 	103.297	 	0.453372	 	33617637	 	43.0363	 	1.38998	 	
313000	-1.23661	 	619.689	 	0.00455283	 	103.145	 	0.452898	 	33735125	 	42.9736	 	1.38999	 	
314000	-1.23678	 	619.862	 	0.00399318	 	103.249	 	0.453135	 	33835577	 	43.0178	 	1.39159	 	
315000	-1.23683	 	619.918	 	0.00504348	 	103.303	 	0.453299	 	33940301	 	43.0387	 	1.3922	 	
316000	-1.23684	 	619.935	 	0.0063962	 	103.321	 	0.453336	 	34047353	 	43.0435	 	1.39278	 	
317000	-1.23695	 	620.043	 	0.00809494	 	103.408	 	0.453625	 	34150588	 	43.0758	 	1.39347	 	
318000	-1.23712	 	620.221	 	0.00690962	 	103.54	 	0.45397	 	34249870	 	43.1336	 	1.39487	 	
319000	-1.23696	 	620.059	 	0.00711105	 	103.441	 	0.453718	 	34365377	 	43.0919	 	1.39408	 	
320000	-1.23697	 	620.07	 	0.00844903	 	103.456	 	0.453711	 	34472246	 	43.0947	 	1.39491	 	
321000	-1.23686	 	619.965	 	0.00768782	 	103.362	 	0.453393	 	34585035	 	43.0575	 	1.39539	 	
322000	-1.237	 	620.098	 	0.00671231	 	103.478	 	0.453748	 	34686059	 	43.1082	 	1.39482	 	
323000	-1.23694	 	620.047	 	0.0068574	 	103.414	 	0.4535	 	34796368	 	43.0814	 	1.39494	 	
324000	-1.23701	 	620.11	 	0.00526745	 	103.467	 	0.453684	 	34900761	 	43.1068	 	1.39455	 	
325000	-1.23695	 	620.052	 	0.00455722	 	103.411	 	0.453545	 	35011516	 	43.0846	 	1.39399	 	
326000	-1.23711	 	620.209	 	0.00423244	 	103.546	 	0.453915	 	35111313	 	43.1412	 	1.39404	 	
327000	-1.23734	 	620.44	 	0.0023672	 	103.714	 	0.454379	 	35208414	 	43.2133	 	1.39524	 	
328000	-1.23723	 	620.328	 	0.00190224	 	103.627	 	0.454142	 	35321631	 	43.1773	 	1.39487	 	
329000	-1.23743	 	620.535	 	0.00371456	 	103.775	 	0.454579	 	35419108	 	43.2373	 	1.39553	 	
330000	-1.23744	 	620.539	 	0.00317941	 	103.819	 	0.454728	 	35526212	 	43.2563	 	1.39521	 	
331000	-1.23732	 	620.422	 	0.00222935	 	103.755	 	0.454537	 	35640168	 	43.2302	 	1.39538	 	
332000	-1.23717	 	620.276	 	0.00202212	 	103.653	 	0.454299	 	35755262	 	43.1882	 	1.39498	 	
333000	-1.23707	 	620.166	 	0.00122995	 	103.544	 	0.453979	 	35868565	 	43.1431	 	1.3945	 	
334000	-1.2372	 	620.305	 	-0.000327305	 	103.654	 	0.454272	 	35969267	 	43.1891	 	1.39581	 	
335000	-1.23718	 	620.282	 	-0.00141967	 	103.658	 	0.454306	 	36078227	 	43.1904	 	1.39559	 	
336000	-1.23721	 	620.312	 	-0.00258731	 	103.693	 	0.454428	 	36184331	 	43.2045	 	1.39571	 	
337000	-1.23723	 	620.333	 	-0.00394636	 	103.716	 	0.454522	 	36290748	 	43.2126	 	1.39513	 	
338000	-1.23723	 	620.332	 	-0.00503402	 	103.714	 	0.454555	 	36398089	 	43.2098	 	1.3944	 	
339000	-1.23733	 	620.432	 	-0.00344391	 	103.788	 	0.454789	 	36500754	 	43.2429	 	1.39486	 	
340000	-1.23731	 	620.405	 	-0.00401415	 	103.743	 	0.454648	 	36610039	 	43.2236	 	1.39463	 	
341000	-1.23737	 	620.47	 	-0.00244504	 	103.807	 	0.454873	 	36714006	 	43.2518	 	1.39426	 	
342000	-1.2375	 	620.594	 	-0.000826594	 	103.9	 	0.455154	 	36815274	 	43.2918	 	1.39492	 	
343000	-1.2376	 	620.697	 	0.000190408	 	103.971	 	0.455347	 	36918255	 	43.3214	 	1.39565	 	
344000	-1.23766	 	620.761	 	-0.000171526	 	104.029	 	0.455538	 	37022301	 	43.3454	 	1.39544	 	
345000	-1.23765	 	620.752	 	0.00121858	 	104.046	 	0.455611	 	37130502	 	43.3522	 	1.39541	 	
346000	-1.23767	 	620.767	 	-9.79046e-05	 	104.057	 	0.455636	 	37237771	 	43.3573	 	1.3957	 	
347000	-1.23754	 	620.641	 	-0.000233703	 	103.959	 	0.45529	 	37352176	 	43.3161	 	1.39574	 	
348000	-1.23741	 	620.507	 	-0.000103319	 	103.855	 	0.454984	 	37466492	 	43.273	 	1.39532	 	
349000	-1.23751	 	620.606	 	0.000668825	 	103.947	 	0.455268	 	37568239	 	43.3111	 	1.39477	 	
350000	-1.23737	 	620.465	 	0.000881129	 	103.833	 	0.454928	 	37683112	 	43.2637	 	1.39476	 	
351000	-1.2373	 	620.396	 	-9.17379e-05	 	103.752	 	0.454671	 	37794016	 	43.2299	 	1.39369	 	
352000	-1.23726	 	620.352	 	-0.000562244	 	103.69	 	0.454417	 	37904145	 	43.204	 	1.39445	 	
353000	-1.23744	 	620.536	 	0.00112263	 	103.829	 	0.454813	 	38002473	 	43.2618	 	1.39499	 	
354000	-1.23735	 	620.451	 	0.000759124	 	103.774	 	0.454647	 	38115414	 	43.2392	 	1.39559	 	
355000	-1.23736	 	620.463	 	0.000695958	 	103.78	 	0.454668	 	38222410	 	43.2417	 	1.39576	 	
356000	-1.23738	 	620.483	 	0.00020389	 	103.808	 	0.454769	 	38329180	 	43.2532	 	1.39599	 	
357000	-1.2376	 	620.705	 	0.000875112	 	103.942	 	0.455114	 	38424943	 	43.3089	 	1.39733	 	
358000	-1.23779	 	620.903	 	-0.000778925	 	104.083	 	0.455515	 	38521949	 	43.3678	 	1.39788	 	
359000	-1.23773	 	620.838	 	-0.000536114	 	104.036	 	0.455402	 	38633618	 	43.3483	 	1.3976	 	
360000	-1.23779	 	620.902	 	0.000946722	 	104.097	 	0.455619	 	38737745	 	43.3737	 	1.3972	 	
361000	-1.2379	 	621.019	 	0.00212205	 	104.169	 	0.455787	 	38839841	 	43.4029	 	1.39861	 	
362000	-1.23784	 	620.946	 	0.00245851	 	104.107	 	0.45569	 	38951135	 	43.3767	 	1.39757	 	
363000	-1.23782	 	620.93	 	0.00265949	 	104.121	 	0.455755	 	39059416	 	43.3826	 	1.39736	 	
364000	-1.23785	 	620.96	 	0.00291162	 	104.161	 	0.455865	 	39165326	 	43.399	 	1.3978	 	
365000	-1.23793	 	621.04	 	0.00276536	 	104.219	 	0.456036	 	39268758	 	43.4232	 	1.39859	 	
366000	-1.2381	 	621.215	 	0.00152709	 	104.36	 	0.456429	 	39367133	 	43.483	 	1.3996	 	
367000	-1.23809	 	621.206	 	0.00154347	 	104.354	 	0.456424	 	39474978	 	43.4806	 	1.39897	 	
368000	-1.23818	 	621.298	 	0.00298605	 	104.433	 	0.456639	 	39577825	 	43.5124	 	1.39935	 	
369000	-1.23821	 	621.324	 	0.00419615	 	104.448	 	0.456674	 	39683774	 	43.5172	 	1.39937	 	
370000	-1.23817	 	621.289	 	0.00424236	 	104.452	 	0.456693	 	39793164	 	43.5186	 	1.39929	 	
371000	-1.23834	 	621.464	 	0.0054935	 	104.579	 	0.457027	 	39891713	 	43.5695	 	1.40099	 	
372000	-1.23838	 	621.507	 	0.00669059	 	104.613	 	0.457101	 	39996843	 	43.5813	 	1.40113	 	
373000	-1.23829	 	621.411	 	0.00687877	 	104.535	 	0.456902	 	40109689	 	43.5484	 	1.40041	 	
374000	-1.23845	 	621.573	 	0.00841205	 	104.648	 	0.457232	 	40208386	 	43.5914	 	1.40109	 	
375000	-1.23833	 	621.452	 	0.00759261	 	104.558	 	0.45698	 	40322398	 	43.5561	 	1.40035	 	
376000	-1.23835	 	621.474	 	0.00704941	 	104.558	 	0.457	 	40428077	 	43.5574	 	1.40011	 	
377000	-1.23831	 	621.424	 	0.0059318	 	104.513	 	0.456905	 	40538096	 	43.5414	 	1.39919	 	
378000	-1.23837	 	621.481	 	0.00468993	 	104.575	 	0.457096	 	40642256	 	43.5692	 	1.39854	 	
379000	-1.23844	 	621.549	 	0.00383806	 	104.627	 	0.457231	 	40745861	 	43.5921	 	1.39896	 	
380000	-1.23858	 	621.702	 	0.00238117	 	104.731	 	0.45749	 	40845266	 	43.6371	 	1.40025	 	
381000	-1.23854	 	621.652	 	0.0014074	 	104.693	 	0.457376	 	40955166	 	43.6219	 	1.39994	 	
382000	-1.23841	 	621.52	 	0.00118931	 	104.594	 	0.457121	 	41069770	 	43.5807	 	1.39905	 	
383000	-1.23848	 	621.594	 	0.0024458	 	104.646	 	0.457257	 	41173031	 	43.6016	 	1.39963	 	
384000	-1.23865	 	621.764	 	0.00240047	 	104.78	 	0.457619	 	41271405	 	43.6573	 	1.40051	 	
385000	-1.23866	 	621.786	 	0.00321969	 	104.798	 	0.457632	 	41377244	 	43.6642	 	1.40101	 	
386000	-1.23863	 	621.744	 	0.0026063	 	104.75	 	0.457539	 	41486506	 	43.6447	 	1.39982	 	
387000	-1.23858	 	621.689	 	0.0018157	 	104.726	 	0.457505	 	41596825	 	43.6354	 	1.39951	 	
388000	-1.23845	 	621.563	 	0.00210969	 	104.638	 	0.457248	 	41711940	 	43.5984	 	1.39989	 	
389000	-1.2383	 	621.42	 	0.00181756	 	104.52	 	0.456889	 	41827283	 	43.5493	 	1.39964	 	
390000	-1.23827	 	621.388	 	0.0016661	 	104.5	 	0.456834	 	41936966	 	43.5411	 	1.40005	 	
391000	-1.23835	 	621.471	 	0.000253939	 	104.593	 	0.457105	 	42039523	 	43.5805	 	1.4005	 	
392000	-1.23835	 	621.474	 	-0.000116964	 	104.626	 	0.45721	 	42146296	 	43.5944	 	1.4005	 	
393000	-1.23832	 	621.436	 	0.000762545	 	104.599	 	0.45715	 	42255727	 	43.5828	 	1.39984	 	
394000	-1.23844	 	621.554	 	0.0021356	 	104.68	 	0.457386	 	42356434	 	43.6158	 	1.39962	 	
395000	-1.23857	 	621.69	 	0.00343061	 	104.777	 	0.45762	 	42455861	 	43.655	 	1.4	 	
396000	-1.23844	 	621.555	 	0.00306003	 	104.663	 	0.457291	 	42571086	 	43.6081	 	1.39937	 	
397000	-1.23844	 	621.554	 	0.00259592	 	104.665	 	0.457299	 	42678433	 	43.6093	 	1.39899	 	
398000	-1.23851	 	621.621	 	0.00342472	 	104.711	 	0.457419	 	42781591	 	43.6277	 	1.39917	 	
399000	-1.23846	 	621.572	 	0.00274536	 	104.653	 	0.457226	 	42891786	 	43.6043	 	1.39849	 	
400000	-1.23851	 	621.625	 	0.00303354	 	104.683	 	0.457292	 	42996697	 	43.6165	 	1.3991	 	
401000	-1.23863	 	621.745	 	0.00441948	 	104.774	 	0.45755	 	43097450	 	43.6524	 	1.39955	 	
402000	-1.23848	 	621.595	 	0.00435287	 	104.649	 	0.457193	 	43213688	 	43.6006	 	1.39906	 	
403000	-1.23836	 	621.466	 	0.00496911	 	104.541	 	0.456921	 	43329066	 	43.5545	 	1.3984	 	
404000	-1.23839	 	621.498	 	0.00433418	 	104.571	 	0.456998	 	43434216	 	43.5681	 	1.39869	 	
405000	-1.23828	 	621.388	 	0.00437652	 	104.496	 	0.456785	 	43547704	 	43.5368	 	1.39859	 	
406000	-1.23818	 	621.289	 	0.0035653	 	104.417	 	0.45655	 	43660889	 	43.5051	 	1.39809	 	
407000	-1.23818	 	621.29	 	0.00435332	 	104.41	 	0.456529	 	43769198	 	43.5011	 	1.3986	 	
408000	-1.23809	 	621.199	 	0.00464664	 	104.347	 	0.456366	 	43881900	 	43.4742	 	1.39815	 	
409000	-1.238	 	621.105	 	0.00528098	 	104.286	 	0.456205	 	43995161	 	43.448	 	1.39794	 	
410000	-1.23799	 	621.101	 	0.00610074	 	104.275	 	0.456144	 	44102993	 	43.4417	 	1.39809	 	
411000	-1.23796	 	621.068	 	0.006647	 	104.228	 	0.455988	 	44212767	 	43.4212	 	1.3977	 	
412000	-1.23792	 	621.032	 	0.00772875	 	104.22	 	0.455992	 	44322441	 	43.4151	 	1.39741	 	
413000	-1.23784	 	620.945	 	0.00797921	 	104.133	 	0.455708	 	44435535	 	43.3783	 	1.39712	 	
414000	-1.23784	 	620.944	 	0.00805861	 	104.14	 	0.455739	 	44542796	 	43.3807	 	1.39689	 	
415000	-1.23768	 	620.781	 	0.00852005	 	103.982	 	0.455248	 	44660452	 	43.3138	 	1.3962	 	
416000	-1.23758	 	620.685	 	0.00895332	 	103.917	 	0.455039	 	44774199	 	43.2852	 	1.3964	 	
417000	-1.2376	 	620.701	 	0.00802411	 	103.911	 	0.455013	 	44880621	 	43.2855	 	1.39657	 	
418000	-1.23772	 	620.83	 	0.00673461	 	103.979	 	0.4552	 	44980285	 	43.3172	 	1.39699	 	
419000	-1.23781	 	620.923	 	0.00654547	 	104.04	 	0.455332	 	45082359	 	43.3427	 	1.39794	 	
420000	-1.23784	 	620.957	 	0.00619396	 	104.064	 	0.455382	 	45187893	 	43.3536	 	1.39827	 	
421000	-1.23791	 	621.024	 	0.00498577	 	104.101	 	0.455496	 	45291377	 	43.3711	 	1.39861	 	
422000	-1.23795	 	621.06	 	0.0038064	 	104.128	 	0.455586	 	45396694	 	43.3845	 	1.39798	 	
423000	-1.23792	 	621.026	 	0.00425091	 	104.087	 	0.455459	 	45506315	 	43.3664	 	1.39795	 	
424000	-1.23796	 	621.068	 	0.00306894	 	104.121	 	0.455568	 	45610999	 	43.3821	 	1.39794	 	
425000	-1.23801	 	621.126	 	0.00295507	 	104.157	 	0.455663	 	45715270	 	43.3973	 	1.39825	 	
426000	-1.238	 	621.104	 	0.00263725	 	104.164	 	0.455703	 	45824223	 	43.4004	 	1.39778	 	
427000	-1.23805	 	621.161	 	0.00295687	 	104.199	 	0.455806	 	45928631	 	43.4146	 	1.39821	 	
428000	-1.23797	 	621.086	 	0.00296732	 	104.133	 	0.455608	 	46041210	 	43.3873	 	1.39864	 	
429000	-1.23808	 	621.193	 	0.00165978	 	104.212	 	0.455849	 	46141984	 	43.4213	 	1.39856	 	
430000	-1.23802	 	621.139	 	0.00133973	 	104.171	 	0.455678	 	46252807	 	43.4042	 	1.39874	 	
431000	-1.23808	 	621.196	 	0.000368852	 	104.204	 	0.455721	 	46356996	 	43.4183	 	1.39977	 	
432000	-1.23834	 	621.466	 	-0.000641609	 	104.387	 	0.456184	 	46448647	 	43.4943	 	1.40194	 	
433000	-1.23824	 	621.369	 	-0.000872898	 	104.299	 	0.455927	 	46563134	 	43.4579	 	1.40215	 	
434000	-1.23828	 	621.407	 	-0.00202804	 	104.338	 	0.456042	 	46668007	 	43.4735	 	1.40211	 	
435000	-1.23824	 	621.376	 	-0.00288614	 	104.306	 	0.455898	 	46777897	 	43.4594	 	1.4029	 	
436000	-1.23828	 	621.414	 	-0.00368719	 	104.305	 	0.455887	 	46883158	 	43.4582	 	1.40257	 	
437000	-1.23832	 	621.451	 	-0.00485169	 	104.35	 	0.456019	 	46988443	 	43.4753	 	1.4029	 	
438000	-1.23835	 	621.483	 	-0.00483945	 	104.385	 	0.456126	 	47093918	 	43.4897	 	1.40271	 	
439000	-1.23837	 	621.499	 	-0.00476599	 	104.409	 	0.456211	 	47199598	 	43.5001	 	1.40239	 	
440000	-1.23843	 	621.56	 	-0.00505932	 	104.43	 	0.456231	 	47303568	 	43.508	 	1.40281	 	
441000	-1.23844	 	621.586	 	-0.00606636	 	104.448	 	0.456244	 	47409949	 	43.5139	 	1.4041	 	
442000	-1.23847	 	621.612	 	-0.00722325	 	104.487	 	0.456401	 	47515440	 	43.5277	 	1.40354	 	
443000	-1.23855	 	621.691	 	-0.0080212	 	104.54	 	0.45652	 	47617705	 	43.5476	 	1.40416	 	
444000	-1.23856	 	621.696	 	-0.00897011	 	104.544	 	0.456509	 	47725535	 	43.5467	 	1.40393	 	
445000	-1.2384	 	621.542	 	-0.00948301	 	104.44	 	0.456188	 	47843183	 	43.5015	 	1.40367	 	
446000	-1.23836	 	621.507	 	-0.0096484	 	104.431	 	0.456142	 	47952626	 	43.4972	 	1.40419	 	
447000	-1.2383	 	621.436	 	-0.0101231	 	104.364	 	0.455973	 	48065027	 	43.4678	 	1.40338	 	
448000	-1.23819	 	621.323	 	-0.0101857	 	104.263	 	0.455696	 	48179941	 	43.4256	 	1.40266	 	
449000	-1.23811	 	621.253	 	-0.00979019	 	104.22	 	0.455574	 	48292538	 	43.4091	 	1.40322	 	
450000	-1.23819	 	621.327	 	-0.0110166	 	104.294	 	0.45581	 	48394655	 	43.4357	 	1.40329	 	
451000	-1.23815	 	621.29	 	-0.0109621	 	104.268	 	0.455734	 	48504686	 	43.4249	 	1.4036	 	
452000	-1.23813	 	621.264	 	-0.0106276	 	104.254	 	0.45572	 	48613187	 	43.4205	 	1.40323	 	
453000	-1.23806	 	621.197	 	-0.0101851	 	104.205	 	0.455593	 	48725543	 	43.4014	 	1.40278	 	
454000	-1.23801	 	621.149	 	-0.00972763	 	104.182	 	0.455525	 	48836629	 	43.3934	 	1.40313	 	
455000	-1.23804	 	621.177	 	-0.00982027	 	104.182	 	0.455527	 	48942355	 	43.393	 	1.40304	 	
456000	-1.23805	 	621.19	 	-0.00884986	 	104.201	 	0.455546	 	49048567	 	43.4042	 	1.40331	 	
457000	-1.23821	 	621.356	 	-0.00868798	 	104.326	 	0.455862	 	49144877	 	43.4566	 	1.40481	 	
458000	-1.23823	 	621.379	 	-0.00951216	 	104.345	 	0.455923	 	49251027	 	43.4621	 	1.40478	 	
459000	-1.23823	 	621.377	 	-0.0092599	 	104.372	 	0.456022	 	49358501	 	43.4742	 	1.40478	 	
460000	-1.23825	 	621.396	 	-0.00869651	 	104.388	 	0.456095	 	49464268	 	43.4824	 	1.40473	 	
461000	-1.2381	 	621.251	 	-0.00875525	 	104.319	 	0.455894	 	49582299	 	43.4535	 	1.40521	 	
462000	-1.23806	 	621.207	 	-0.00849804	 	104.298	 	0.455845	 	49692335	 	43.4456	 	1.40495	 	
463000	-1.23801	 	621.158	 	-0.00846869	 	104.27	 	0.455799	 	49803257	 	43.4338	 	1.40408	 	
464000	-1.23806	 	621.207	 	-0.00817051	 	104.312	 	0.45594	 	49907224	 	43.4523	 	1.40406	 	
465000	-1.23812	 	621.269	 	-0.00716291	 	104.329	 	0.45596	 	50011303	 	43.4617	 	1.40487	 	
466000	-1.23814	 	621.283	 	-0.00756132	 	104.362	 	0.45607	 	50117509	 	43.4747	 	1.40465	 	
467000	-1.23802	 	621.165	 	-0.00792145	 	104.276	 	0.455822	 	50233519	 	43.4378	 	1.40454	 	
468000	-1.23802	 	621.171	 	-0.00708614	 	104.273	 	0.455803	 	50340664	 	43.4386	 	1.40495	 	
469000	-1.23797	 	621.118	 	-0.00639035	 	104.247	 	0.455731	 	50452022	 	43.4293	 	1.40522	 	
470000	-1.23794	 	621.095	 	-0.00572624	 	104.226	 	0.455689	 	50561022	 	43.4221	 	1.40508	 	
471000	-1.23797	 	621.122	 	-0.00568593	 	104.253	 	0.4558	 	50666158	 	43.4335	 	1.40458	 	
472000	-1.23802	 	621.168	 	-0.00577261	 	104.281	 	0.455876	 	50770712	 	43.4447	 	1.40486	 	
473000	-1.23795	 	621.102	 	-0.00557488	 	104.209	 	0.455653	 	50883818	 	43.4151	 	1.40477	 	
474000	-1.23792	 	621.066	 	-0.00532957	 	104.162	 	0.455509	 	50993772	 	43.3962	 	1.40445	 	
475000	-1.23794	 	621.086	 	-0.004905	 	104.179	 	0.455577	 	51100028	 	43.4041	 	1.40431	 	
476000	-1.23796	 	621.108	 	-0.00531879	 	104.205	 	0.455643	 	51206083	 	43.4139	 	1.40424	 	
477000	-1.23803	 	621.171	 	-0.00638312	 	104.235	 	0.455763	 	51309319	 	43.4246	 	1.40396	 	
478000	-1.23801	 	621.159	 	-0.00693787	 	104.227	 	0.455747	 	51417638	 	43.4199	 	1.40404	 	
479000	-1.23814	 	621.289	 	-0.00813494	 	104.316	 	0.456007	 	51516744	 	43.454	 	1.40483	 	
480000	-1.23828	 	621.431	 	-0.00938817	 	104.426	 	0.456327	 	51614214	 	43.496	 	1.40478	 	
481000	-1.23833	 	621.475	 	-0.0101486	 	104.466	 	0.456459	 	51718974	 	43.5104	 	1.40459	 	
482000	-1.23816	 	621.31	 	-0.00998057	 	104.355	 	0.456148	 	51838776	 	43.4645	 	1.40439	 	
483000	-1.23817	 	621.309	 	-0.0107764	 	104.311	 	0.456025	 	51946544	 	43.4435	 	1.40379	 	
484000	-1.23819	 	621.332	 	-0.0110546	 	104.313	 	0.456005	 	52052050	 	43.4435	 	1.40419	 	
485000	-1.23825	 	621.391	 	-0.0100331	 	104.357	 	0.45611	 	52155390	 	43.4652	 	1.40451	 	
486000	-1.23824	 	621.391	 	-0.0105748	 	104.348	 	0.456062	 	52262951	 	43.4598	 	1.40464	 	
487000	-1.23814	 	621.285	 	-0.0109102	 	104.272	 	0.455824	 	52378267	 	43.4268	 	1.40468	 	
488000	-1.23819	 	621.338	 	-0.00991577	 	104.296	 	0.455876	 	52482273	 	43.4402	 	1.40494	 	
489000	-1.23818	 	621.328	 	-0.00908735	 	104.285	 	0.455827	 	52590305	 	43.4384	 	1.40506	 	
490000	-1.23815	 	621.302	 	-0.00886928	 	104.257	 	0.455737	 	52699746	 	43.4274	 	1.4048	 	
491000	-1.23812	 	621.264	 	-0.00837879	 	104.243	 	0.455732	 	52809926	 	43.4228	 	1.40423	 	
492000	-1.23811	 	621.255	 	-0.00880228	 	104.243	 	0.455717	 	52917611	 	43.4217	 	1.40428	 	
493000	-1.23804	 	621.187	 	-0.00828121	 	104.221	 	0.45566	 	53029964	 	43.414	 	1.40423	 	
494000	-1.23815	 	621.297	 	-0.007115	 	104.308	 	0.455901	 	53129939	 	43.4533	 	1.40476	 	
495000	-1.23808	 	621.231	 	-0.00719182	 	104.271	 	0.455802	 	53242087	 	43.4377	 	1.40473	 	
496000	-1.23821	 	621.354	 	-0.00838763	 	104.368	 	0.456094	 	53340973	 	43.4747	 	1.40495	 	
497000	-1.23812	 	621.272	 	-0.00860916	 	104.311	 	0.455929	 	53454950	 	43.4506	 	1.40474	 	
498000	-1.23806	 	621.205	 	-0.00875816	 	104.249	 	0.455743	 	53567414	 	43.4242	 	1.40448	 	
499000	-1.23805	 	621.197	 	-0.00788732	 	104.236	 	0.455715	 	53675337	 	43.4213	 	1.40427	 	
500000	-1.23801	 	621.151	 	-0.00711174	 	104.202	 	0.455614	 	53786964	 	43.4091	 	1.40424	 	
501000	-1.23798	 	621.13	 	-0.00635991	 	104.208	 	0.455644	 	53895666	 	43.4133	 	1.40413	 	
502000	-1.23803	 	621.177	 	-0.0072507	 	104.229	 	0.455697	 	53999798	 	43.4198	 	1.40415	 	
503000	-1.23794	 	621.08	 	-0.00738914	 	104.134	 	0.455412	 	54114706	 	43.3801	 	1.40371	 	
504000	-1.2379	 	621.046	 	-0.00768731	 	104.135	 	0.455433	 	54224898	 	43.3795	 	1.40339	 	
505000	-1.23787	 	621.008	 	-0.00739401	 	104.118	 	0.455395	 	54335487	 	43.3734	 	1.40321	 	
506000	-1.23797	 	621.116	 	-0.00626561	 	104.203	 	0.455622	 	54435924	 	43.4115	 	1.4039	 	
507000	-1.23793	 	621.073	 	-0.00600868	 	104.176	 	0.45555	 	54546386	 	43.4005	 	1.40361	 	
508000	-1.23787	 	621.016	 	-0.00572238	 	104.126	 	0.455423	 	54658443	 	43.3804	 	1.40332	 	
509000	-1.23786	 	621.006	 	-0.00634646	 	104.108	 	0.455361	 	54767190	 	43.3718	 	1.40368	 	
510000	-1.23798	 	621.119	 	-0.00518227	 	104.2	 	0.45562	 	54866219	 	43.4123	 	1.4039	 	
511000	-1.23793	 	621.072	 	-0.00478026	 	104.146	 	0.455444	 	54977432	 	43.3903	 	1.40358	 	
512000	-1.2379	 	621.041	 	-0.00438102	 	104.146	 	0.455459	 	55086830	 	43.3911	 	1.40341	 	
513000	-1.23789	 	621.033	 	-0.00397083	 	104.15	 	0.45547	 	55194880	 	43.3932	 	1.4031	 	
514000	-1.23786	 	621.005	 	-0.00445816	 	104.133	 	0.455408	 	55304725	 	43.3852	 	1.40304	 	
515000	-1.23777	 	620.909	 	-0.00446412	 	104.064	 	0.455199	 	55420031	 	43.3567	 	1.4032	 	
516000	-1.2378	 	620.944	 	-0.00472029	 	104.104	 	0.45531	 	55525148	 	43.3731	 	1.4035	 	
517000	-1.23784	 	620.987	 	-0.00395754	 	104.153	 	0.455453	 	55629614	 	43.3945	 	1.40369	 	
518000	-1.23785	 	620.995	 	-0.00486544	 	104.178	 	0.455516	 	55736131	 	43.4034	 	1.40377	 	
519000	-1.23771	 	620.853	 	-0.0051831	 	104.051	 	0.455104	 	55854797	 	43.3501	 	1.40386	 	
520000	-1.23766	 	620.81	 	-0.00581071	 	104.007	 	0.454966	 	55966053	 	43.3308	 	1.40358	 	
521000	-1.23762	 	620.77	 	-0.00583975	 	103.968	 	0.454787	 	56077735	 	43.3143	 	1.40444	 	
522000	-1.23763	 	620.778	 	-0.00504586	 	103.974	 	0.45479	 	56184885	 	43.3184	 	1.40473	 	
523000	-1.23757	 	620.722	 	-0.00463026	 	103.929	 	0.45466	 	56297130	 	43.3003	 	1.40494	 	
524000	-1.23764	 	620.791	 	-0.00359309	 	103.986	 	0.454836	 	56399229	 	43.3253	 	1.40493	 	
525000	-1.23753	 	620.683	 	-0.00375954	 	103.918	 	0.45466	 	56514975	 	43.297	 	1.40459	 	
526000	-1.23753	 	620.677	 	-0.00424476	 	103.931	 	0.454725	 	56623000	 	43.3016	 	1.40422	 	
527000	-1.23745	 	620.606	 	-0.00377038	 	103.88	 	0.454567	 	56736680	 	43.281	 	1.40452	 	
528000	-1.23739	 	620.541	 	-0.00323894	 	103.829	 	0.454434	 	56849815	 	43.2602	 	1.4043	 	
529000	-1.23739	 	620.551	 	-0.00284991	 	103.833	 	0.454411	 	56957230	 	43.2623	 	1.40552	 	
530000	-1.23742	 	620.577	 	-0.00369804	 	103.843	 	0.454441	 	57063130	 	43.2654	 	1.40536	 	
531000	-1.23745	 	620.608	 	-0.00464598	 	103.867	 	0.454542	 	57167831	 	43.2744	 	1.40489	 	
532000	-1.23738	 	620.538	 	-0.00522356	 	103.833	 	0.454444	 	57280649	 	43.2592	 	1.40456	 	
533000	-1.2374	 	620.549	 	-0.00615449	 	103.852	 	0.454532	 	57386418	 	43.2654	 	1.40407	 	
534000	-1.23742	 	620.567	 	-0.0053722	 	103.84	 	0.454515	 	57492223	 	43.2618	 	1.40369	 	
535000	-1.23728	 	620.433	 	-0.00498847	 	103.736	 	0.454176	 	57611404	 	43.2192	 	1.40392	 	
536000	-1.2374	 	620.563	 	-0.00441833	 	103.824	 	0.454392	 	57709286	 	43.2568	 	1.40579	 	
537000	-1.23735	 	620.516	 	-0.00378955	 	103.791	 	0.454307	 	57820774	 	43.2439	 	1.4058	 	
538000	-1.23738	 	620.538	 	-0.00305854	 	103.811	 	0.45436	 	57927151	 	43.2531	 	1.4058	 	
539000	-1.23733	 	620.494	 	-0.00305235	 	103.768	 	0.454224	 	58038321	 	43.2352	 	1.40584	 	
540000	-1.23728	 	620.441	 	-0.00292122	 	103.743	 	0.45415	 	58150264	 	43.2248	 	1.40566	 	
541000	-1.23735	 	620.507	 	-0.00396575	 	103.81	 	0.45436	 	58251869	 	43.2516	 	1.40534	 	
542000	-1.23741	 	620.568	 	-0.0046611	 	103.857	 	0.454484	 	58354798	 	43.2702	 	1.40568	 	
543000	-1.23739	 	620.544	 	-0.00483563	 	103.849	 	0.454482	 	58464699	 	43.2665	 	1.40544	 	
544000	-1.23745	 	620.607	 	-0.00513847	 	103.895	 	0.454611	 	58567266	 	43.285	 	1.40548	 	
545000	-1.23743	 	620.594	 	-0.00433004	 	103.899	 	0.454627	 	58675820	 	43.2881	 	1.40561	 	
546000	-1.23747	 	620.633	 	-0.0052367	 	103.932	 	0.454719	 	58779921	 	43.3005	 	1.40593	 	
547000	-1.23746	 	620.626	 	-0.00601282	 	103.932	 	0.454727	 	58887933	 	43.299	 	1.40591	 	
548000	-1.23746	 	620.615	 	-0.00686427	 	103.93	 	0.454764	 	58996297	 	43.2961	 	1.40551	 	
549000	-1.23748	 	620.639	 	-0.00771824	 	103.951	 	0.45484	 	59101536	 	43.303	 	1.40555	 	
550000	-1.23749	 	620.653	 	-0.00730654	 	103.951	 	0.454827	 	59208277	 	43.3041	 	1.40543	 	
551000	-1.23749	 	620.641	 	-0.0068343	 	103.944	 	0.454825	 	59316240	 	43.3022	 	1.4048	 	
552000	-1.23758	 	620.733	 	-0.0059041	 	103.996	 	0.45495	 	59416317	 	43.326	 	1.4054	 	
553000	-1.23753	 	620.69	 	-0.0056021	 	103.96	 	0.454837	 	59527413	 	43.3114	 	1.40525	 	
554000	-1.23754	 	620.692	 	-0.00540918	 	103.961	 	0.45484	 	59635117	 	43.3123	 	1.40511	 	
555000	-1.23753	 	620.69	 	-0.006026	 	103.968	 	0.454854	 	59743396	 	43.3138	 	1.40555	 	
556000	-1.23746	 	620.616	 	-0.00653265	 	103.928	 	0.454746	 	59857489	 	43.2961	 	1.40557	 	
557000	-1.23749	 	620.649	 	-0.00615622	 	103.96	 	0.454841	 	59962605	 	43.3103	 	1.40593	 	
558000	-1.2374	 	620.561	 	-0.00669871	 	103.881	 	0.45462	 	60077358	 	43.2762	 	1.40537	 	
559000	-1.23736	 	620.521	 	-0.006416	 	103.842	 	0.454487	 	60188462	 	43.2604	 	1.40519	 	
560000	-1.23739	 	620.546	 	-0.00609916	 	103.859	 	0.454563	 	60293830	 	43.2684	 	1.40485	 	
561000	-1.23737	 	620.528	 	-0.00533727	 	103.847	 	0.454535	 	60403123	 	43.2649	 	1.4047	 	
562000	-1.23738	 	620.538	 	-0.00510287	 	103.853	 	0.454563	 	60509562	 	43.2678	 	1.40458	 	
563000	-1.23739	 	620.548	 	-0.00519914	 	103.843	 	0.454514	 	60616889	 	43.2635	 	1.405	 	
564000	-1.23737	 	620.519	 	-0.00485153	 	103.829	 	0.454509	 	60726889	 	43.258	 	1.40439	 	
565000	-1.23727	 	620.42	 	-0.00527507	 	103.763	 	0.454326	 	60843513	 	43.2299	 	1.40428	 	
566000	-1.23726	 	620.418	 	-0.00450618	 	103.765	 	0.454315	 	60950913	 	43.232	 	1.40435	 	
567000	-1.23726	 	620.417	 	-0.00453272	 	103.77	 	0.454343	 	61058785	 	43.2343	 	1.40445	 	
568000	-1.23725	 	620.401	 	-0.00425965	 	103.761	 	0.45434	 	61168182	 	43.2308	 	1.4043	 	
569000	-1.23719	 	620.345	 	-0.00399054	 	103.734	 	0.454263	 	61280569	 	43.2197	 	1.40441	 	
570000	-1.23711	 	620.26	 	-0.00380581	 	103.692	 	0.454166	 	61395370	 	43.2025	 	1.40406	 	
571000	-1.23716	 	620.321	 	-0.00291653	 	103.737	 	0.454275	 	61498170	 	43.2223	 	1.40481	 	
572000	-1.23709	 	620.247	 	-0.00294775	 	103.691	 	0.454159	 	61612070	 	43.203	 	1.40452	 	
573000	-1.2371	 	620.26	 	-0.0033104	 	103.7	 	0.454185	 	61718297	 	43.2067	 	1.40467	 	
574000	-1.2371	 	620.261	 	-0.00263832	 	103.691	 	0.45414	 	61826305	 	43.2032	 	1.405	 	
575000	-1.23716	 	620.318	 	-0.00258307	 	103.744	 	0.454301	 	61929171	 	43.2256	 	1.40534	 	
576000	-1.23716	 	620.321	 	-0.00295716	 	103.737	 	0.454266	 	62037235	 	43.2222	 	1.40556	 	
577000	-1.23714	 	620.298	 	-0.00361548	 	103.724	 	0.454249	 	62147053	 	43.216	 	1.40514	 	
578000	-1.23709	 	620.247	 	-0.00301208	 	103.678	 	0.454105	 	62258816	 	43.1976	 	1.40523	 	
579000	-1.23707	 	620.229	 	-0.00282795	 	103.669	 	0.454099	 	62368033	 	43.194	 	1.4049	 	
580000	-1.2371	 	620.254	 	-0.00272062	 	103.688	 	0.454167	 	62473864	 	43.202	 	1.40483	 	
581000	-1.23709	 	620.249	 	-0.0023215	 	103.692	 	0.454168	 	62582150	 	43.204	 	1.4053	 	
582000	-1.23709	 	620.255	 	-0.00162443	 	103.687	 	0.454126	 	62690362	 	43.2024	 	1.40577	 	
583000	-1.23715	 	620.316	 	-0.0020853	 	103.714	 	0.454198	 	62793003	 	43.2133	 	1.40608	 	
584000	-1.23717	 	620.339	 	-0.00129585	 	103.736	 	0.45424	 	62898811	 	43.2232	 	1.40635	 	
585000	-1.23709	 	620.251	 	-0.000935897	 	103.667	 	0.454044	 	63013884	 	43.1944	 	1.40594	 	
586000	-1.23709	 	620.256	 	-0.00150392	 	103.667	 	0.45405	 	63121830	 	43.1943	 	1.40615	 	
587000	-1.23716	 	620.327	 	-0.0012945	 	103.731	 	0.45424	 	63223198	 	43.2209	 	1.40614	 	
588000	-1.23727	 	620.432	 	-0.00228708	 	103.805	 	0.454462	 	63321788	 	43.2513	 	1.40647	 	
589000	-1.23732	 	620.492	 	-0.00313559	 	103.838	 	0.45455	 	63424925	 	43.2643	 	1.40705	 	
590000	-1.23736	 	620.529	 	-0.00238259	 	103.852	 	0.454607	 	63529270	 	43.2709	 	1.40719	 	
591000	-1.2374	 	620.572	 	-0.00295179	 	103.881	 	0.454678	 	63633817	 	43.2821	 	1.40757	 	
592000	-1.23736	 	620.533	 	-0.00310052	 	103.839	 	0.454538	 	63745146	 	43.2645	 	1.40742	 	
593000	-1.23733	 	620.5	 	-0.00237703	 	103.826	 	0.454497	 	63856750	 	43.2597	 	1.40775	 	
594000	-1.2373	 	620.477	 	-0.00213095	 	103.789	 	0.454364	 	63966843	 	43.2445	 	1.40791	 	
595000	-1.23731	 	620.491	 	-0.0022772	 	103.785	 	0.454321	 	64073700	 	43.2428	 	1.40845	 	
596000	-1.23739	 	620.57	 	-0.00128727	 	103.863	 	0.454545	 	64173734	 	43.2759	 	1.40861	 	
597000	-1.2374	 	620.571	 	-0.00115606	 	103.842	 	0.454506	 	64281774	 	43.2673	 	1.40835	 	
598000	-1.23733	 	620.508	 	-0.00158906	 	103.784	 	0.454343	 	64395144	 	43.243	 	1.40807	 	
599000	-1.23726	 	620.437	 	-0.0015694	 	103.726	 	0.45417	 	64508632	 	43.2186	 	1.40782	 	
600000	-1.23724	 	620.414	 	-0.0022069	 	103.704	 	0.454119	 	64618764	 	43.2092	 	1.40757	 	
601000	-1.23722	 	620.384	 	-0.00248043	 	103.674	 	0.454079	 	64729083	 	43.1966	 	1.40674	 	
602000	-1.23718	 	620.35	 	-0.00296463	 	103.655	 	0.454012	 	64839555	 	43.188	 	1.4069	 	
603000	-1.23722	 	620.384	 	-0.00376648	 	103.672	 	0.454075	 	64944888	 	43.1945	 	1.40682	 	
604000	-1.23731	 	620.479	 	-0.0039033	 	103.745	 	0.454277	 	65043854	 	43.2243	 	1.4073	 	
605000	-1.23732	 	620.493	 	-0.00336959	 	103.76	 	0.454319	 	65150134	 	43.2316	 	1.40754	 	
606000	-1.23735	 	620.518	 	-0.00296757	 	103.769	 	0.454343	 	65255627	 	43.2356	 	1.40728	 	
607000	-1.23736	 	620.533	 	-0.00362764	 	103.782	 	0.454389	 	65361728	 	43.2403	 	1.40696	 	
608000	-1.23736	 	620.529	 	-0.00439139	 	103.793	 	0.454423	 	65469704	 	43.2437	 	1.4068	 	
609000	-1.2374	 	620.566	 	-0.00432752	 	103.832	 	0.454543	 	65574299	 	43.2602	 	1.40672	 	
610000	-1.23732	 	620.491	 	-0.0042132	 	103.774	 	0.454379	 	65688768	 	43.2364	 	1.40671	 	
611000	-1.23734	 	620.508	 	-0.00453808	 	103.791	 	0.454428	 	65795020	 	43.2429	 	1.40678	 	
612000	-1.23736	 	620.535	 	-0.00527683	 	103.817	 	0.454479	 	65900378	 	43.2523	 	1.40733	 	
613000	-1.23733	 	620.494	 	-0.00510726	 	103.793	 	0.454437	 	66011514	 	43.2428	 	1.40691	 	
614000	-1.23732	 	620.484	 	-0.00572133	 	103.786	 	0.454413	 	66120053	 	43.2388	 	1.40668	 	
615000	-1.23728	 	620.445	 	-0.00614244	 	103.75	 	0.454271	 	66231640	 	43.2229	 	1.40704	 	
616000	-1.23731	 	620.486	 	-0.00694149	 	103.782	 	0.45436	 	66335408	 	43.2343	 	1.40737	 	
617000	-1.23733	 	620.504	 	-0.00683874	 	103.78	 	0.454349	 	66441325	 	43.234	 	1.40734	 	
618000	-1.23735	 	620.522	 	-0.00754297	 	103.794	 	0.454371	 	66547294	 	43.238	 	1.40764	 	
619000	-1.23741	 	620.576	 	-0.0084375	 	103.845	 	0.454543	 	66649679	 	43.2568	 	1.4072	 	
620000	-1.23736	 	620.532	 	-0.00870447	 	103.802	 	0.454428	 	66761865	 	43.2383	 	1.40686	 	
621000	-1.2373	 	620.47	 	-0.00903066	 	103.758	 	0.454284	 	66875049	 	43.2188	 	1.40675	 	
622000	-1.23726	 	620.433	 	-0.00963853	 	103.735	 	0.454231	 	66986115	 	43.2076	 	1.40689	 	
623000	-1.23727	 	620.439	 	-0.0103584	 	103.752	 	0.454266	 	67092538	 	43.2122	 	1.4072	 	
624000	-1.23729	 	620.462	 	-0.0106251	 	103.77	 	0.454322	 	67197827	 	43.2186	 	1.40685	 	
625000	-1.23729	 	620.461	 	-0.0104234	 	103.771	 	0.454321	 	67306206	 	43.2199	 	1.40744	 	
626000	-1.2373	 	620.475	 	-0.00995957	 	103.768	 	0.454303	 	67412548	 	43.2203	 	1.40719	 	
627000	-1.23727	 	620.443	 	-0.00942575	 	103.748	 	0.454238	 	67523177	 	43.2135	 	1.4073	 	
628000	-1.23731	 	620.483	 	-0.00887438	 	103.777	 	0.454328	 	67626588	 	43.2274	 	1.40707	 	
629000	-1.23729	 	620.455	 	-0.0082041	 	103.763	 	0.454301	 	67736579	 	43.2233	 	1.40683	 	
630000	-1.23722	 	620.386	 	-0.00853573	 	103.711	 	0.454134	 	67851276	 	43.2006	 	1.40702	 	
631000	-1.23724	 	620.405	 	-0.00820065	 	103.73	 	0.454201	 	67957115	 	43.2097	 	1.40688	 	
632000	-1.23725	 	620.424	 	-0.0079467	 	103.752	 	0.454262	 	68063261	 	43.2193	 	1.40708	 	
633000	-1.23719	 	620.356	 	-0.00817516	 	103.69	 	0.454096	 	68177015	 	43.193	 	1.40686	 	
634000	-1.23714	 	620.316	 	-0.00857049	 	103.646	 	0.453954	 	68288856	 	43.1737	 	1.40717	 	
635000	-1.23723	 	620.408	 	-0.00933827	 	103.717	 	0.45414	 	68388080	 	43.2008	 	1.40792	 	
636000	-1.23725	 	620.421	 	-0.00983596	 	103.723	 	0.454144	 	68494846	 	43.2019	 	1.40814	 	
637000	-1.23727	 	620.45	 	-0.00919773	 	103.73	 	0.454147	 	68600042	 	43.2065	 	1.40832	 	
638000	-1.23724	 	620.418	 	-0.00975378	 	103.716	 	0.454104	 	68710858	 	43.1992	 	1.40875	 	
639000	-1.2373	 	620.486	 	-0.0106105	 	103.772	 	0.45427	 	68812211	 	43.2195	 	1.40916	 	
640000	-1.23725	 	620.431	 	-0.0104605	 	103.725	 	0.454143	 	68924706	 	43.2005	 	1.40874	 	
641000	-1.23716	 	620.344	 	-0.0103081	 	103.664	 	0.453932	 	69041489	 	43.1755	 	1.4092	 	
642000	-1.23715	 	620.332	 	-0.0100877	 	103.647	 	0.453878	 	69150718	 	43.1695	 	1.40917	 	
643000	-1.23712	 	620.3	 	-0.00942953	 	103.62	 	0.453821	 	69261728	 	43.16	 	1.40872	 	
644000	-1.23706	 	620.237	 	-0.00980316	 	103.558	 	0.453631	 	69375281	 	43.1333	 	1.40826	 	
645000	-1.23701	 	620.188	 	-0.00950036	 	103.52	 	0.453538	 	69487109	 	43.1183	 	1.40781	 	
646000	-1.23701	 	620.183	 	-0.00899255	 	103.506	 	0.453484	 	69595738	 	43.1142	 	1.40805	 	
647000	-1.23705	 	620.225	 	-0.00973745	 	103.541	 	0.453612	 	69700100	 	43.1263	 	1.40771	 	
648000	-1.23708	 	620.258	 	-0.00932408	 	103.561	 	0.453671	 	69804744	 	43.1361	 	1.4078	 	
649000	-1.23709	 	620.261	 	-0.00911461	 	103.577	 	0.45373	 	69911795	 	43.1431	 	1.4075	 	
650000	-1.23712	 	620.293	 	-0.00838957	 	103.588	 	0.453755	 	70015969	 	43.15	 	1.40723	 	
651000	-1.23715	 	620.329	 	-0.00774207	 	103.619	 	0.453831	 	70120617	 	43.1647	 	1.40764	 	
652000	-1.23713	 	620.305	 	-0.00803347	 	103.578	 	0.453716	 	70229876	 	43.1465	 	1.40713	 	
653000	-1.23704	 	620.214	 	-0.00810133	 	103.497	 	0.453458	 	70345857	 	43.1127	 	1.40688	 	
654000	-1.23701	 	620.178	 	-0.00756535	 	103.481	 	0.453419	 	70457360	 	43.1077	 	1.40712	 	
655000	-1.23707	 	620.243	 	-0.00674208	 	103.525	 	0.453541	 	70559882	 	43.1276	 	1.40764	 	
656000	-1.23699	 	620.166	 	-0.00719495	 	103.488	 	0.453459	 	70673967	 	43.1116	 	1.40745	 	
657000	-1.23695	 	620.12	 	-0.00779633	 	103.457	 	0.453391	 	70785860	 	43.0969	 	1.40691	 	
658000	-1.23687	 	620.042	 	-0.00804886	 	103.407	 	0.453245	 	70901088	 	43.0755	 	1.40674	 	
659000	-1.23686	 	620.027	 	-0.00867591	 	103.389	 	0.453215	 	71009899	 	43.0663	 	1.40653	 	
660000	-1.23688	 	620.053	 	-0.00799217	 	103.411	 	0.453271	 	71115053	 	43.0773	 	1.40684	 	
661000	-1.2369	 	620.073	 	-0.00817648	 	103.426	 	0.453316	 	71220272	 	43.0831	 	1.40685	 	
662000	-1.23681	 	619.979	 	-0.00831744	 	103.368	 	0.453157	 	71337641	 	43.0586	 	1.40672	 	
663000	-1.23679	 	619.968	 	-0.00882222	 	103.37	 	0.45315	 	71447232	 	43.0579	 	1.40725	 	
664000	-1.2368	 	619.981	 	-0.00833051	 	103.39	 	0.453218	 	71553494	 	43.0676	 	1.40738	 	
665000	-1.23682	 	619.998	 	-0.00755037	 	103.422	 	0.453312	 	71659191	 	43.0832	 	1.40727	 	
666000	-1.23685	 	620.024	 	-0.00689441	 	103.434	 	0.453332	 	71764798	 	43.0897	 	1.40765	 	
667000	-1.23683	 	620.009	 	-0.00693534	 	103.406	 	0.453222	 	71874477	 	43.078	 	1.40776	 	
668000	-1.23693	 	620.109	 	-0.00783302	 	103.486	 	0.453451	 	71971936	 	43.1088	 	1.40784	 	
669000	-1.23686	 	620.04	 	-0.00768147	 	103.426	 	0.453278	 	72086700	 	43.0842	 	1.40744	 	
670000	-1.23687	 	620.047	 	-0.0077179	 	103.444	 	0.453343	 	72193866	 	43.0916	 	1.40749	 	
671000	-1.23692	 	620.094	 	-0.00777429	 	103.487	 	0.453476	 	72297696	 	43.1095	 	1.40769	 	
672000	-1.23688	 	620.058	 	-0.00751361	 	103.455	 	0.45338	 	72409283	 	43.0967	 	1.40762	 	
673000	-1.2368	 	619.974	 	-0.00756331	 	103.393	 	0.453228	 	72525363	 	43.071	 	1.40703	 	
674000	-1.23672	 	619.893	 	-0.0074183	 	103.306	 	0.452971	 	72641375	 	43.0351	 	1.40667	 	
675000	-1.23674	 	619.909	 	-0.00670876	 	103.328	 	0.453051	 	72746971	 	43.0459	 	1.40656	 	
676000	-1.23669	 	619.864	 	-0.00660886	 	103.293	 	0.452952	 	72859440	 	43.0314	 	1.40654	 	
677000	-1.23677	 	619.945	 	-0.00745501	 	103.362	 	0.45314	 	72958902	 	43.0581	 	1.40697	 	
678000	-1.2368	 	619.971	 	-0.00709692	 	103.385	 	0.453213	 	73063953	 	43.0688	 	1.40708	 	
679000	-1.23684	 	620.012	 	-0.00728278	 	103.42	 	0.453314	 	73167619	 	43.0829	 	1.40726	 	
680000	-1.23685	 	620.023	 	-0.00749304	 	103.423	 	0.453327	 	73273956	 	43.0836	 	1.40714	 	
681000	-1.23678	 	619.958	 	-0.00790211	 	103.368	 	0.453155	 	73388531	 	43.0598	 	1.40705	 	
682000	-1.2369	 	620.078	 	-0.00878611	 	103.453	 	0.453386	 	73484395	 	43.0925	 	1.4075	 	
683000	-1.23695	 	620.124	 	-0.00954319	 	103.494	 	0.453493	 	73587771	 	43.1073	 	1.4081	 	
684000	-1.23691	 	620.087	 	-0.00995461	 	103.465	 	0.453383	 	73699914	 	43.094	 	1.40815	 	
685000	-1.23688	 	620.055	 	-0.00980075	 	103.426	 	0.453295	 	73810995	 	43.0783	 	1.40748	 	
686000	-1.23687	 	620.046	 	-0.00987897	 	103.415	 	0.453259	 	73919460	 	43.0735	 	1.40717	 	
687000	-1.23701	 	620.19	 	-0.00928156	 	103.528	 	0.453556	 	74012804	 	43.1223	 	1.40778	 	
688000	-1.23707	 	620.248	 	-0.0100038	 	103.562	 	0.453635	 	74114825	 	43.1341	 	1.40786	 	
689000	-1.23713	 	620.306	 	-0.0106089	 	103.605	 	0.453747	 	74216604	 	43.1498	 	1.40783	 	
690000	-1.2372	 	620.375	 	-0.0107927	 	103.657	 	0.453899	 	74317467	 	43.1712	 	1.40809	 	
691000	-1.23712	 	620.299	 	-0.0107322	 	103.595	 	0.453725	 	74433440	 	43.1453	 	1.40768	 	
692000	-1.23711	 	620.29	 	-0.011146	 	103.592	 	0.453719	 	74542704	 	43.1426	 	1.4077	 	
693000	-1.23711	 	620.288	 	-0.0112463	 	103.592	 	0.45372	 	74650340	 	43.1422	 	1.40752	 	
694000	-1.23708	 	620.254	 	-0.0107994	 	103.585	 	0.453701	 	74761720	 	43.141	 	1.40749	 	
695000	-1.23711	 	620.28	 	-0.0112627	 	103.591	 	0.453692	 	74866374	 	43.1416	 	1.40769	 	
696000	-1.23714	 	620.314	 	-0.0119855	 	103.624	 	0.453788	 	74970406	 	43.1527	 	1.40778	 	
697000	-1.23717	 	620.346	 	-0.0125154	 	103.652	 	0.453855	 	75074975	 	43.1621	 	1.40822	 	
698000	-1.23713	 	620.305	 	-0.0120048	 	103.621	 	0.453775	 	75186769	 	43.1513	 	1.40796	 	
699000	-1.23712	 	620.295	 	-0.0116641	 	103.616	 	0.453783	 	75295713	 	43.1508	 	1.40762	 	
700000	-1.23714	 	620.31	 	-0.0109934	 	103.619	 	0.453799	 	75402895	 	43.1543	 	1.40768	 	
701000	-1.23715	 	620.327	 	-0.0110771	 	103.637	 	0.453851	 	75509382	 	43.1617	 	1.40772	 	
702000	-1.23715	 	620.324	 	-0.0117196	 	103.645	 	0.453894	 	75617282	 	43.1625	 	1.40737	 	
703000	-1.23714	 	620.313	 	-0.0115647	 	103.639	 	0.453877	 	75725648	 	43.1604	 	1.40731	 	
704000	-1.23719	 	620.359	 	-0.0112487	 	103.669	 	0.453953	 	75828407	 	43.1743	 	1.40755	 	
705000	-1.23723	 	620.404	 	-0.01185	 	103.715	 	0.454095	 	75931438	 	43.1913	 	1.40748	 	
706000	-1.2372	 	620.371	 	-0.0120758	 	103.685	 	0.454	 	76042606	 	43.1779	 	1.40769	 	
707000	-1.23717	 	620.34	 	-0.0118173	 	103.676	 	0.454	 	76153989	 	43.175	 	1.40746	 	
708000	-1.23717	 	620.339	 	-0.0120505	 	103.673	 	0.454009	 	76261233	 	43.1728	 	1.40711	 	
709000	-1.23716	 	620.326	 	-0.0119945	 	103.665	 	0.453993	 	76370036	 	43.17	 	1.40684	 	
710000	-1.23721	 	620.374	 	-0.0127261	 	103.709	 	0.454118	 	76472971	 	43.1852	 	1.40686	 	
711000	-1.23716	 	620.323	 	-0.0122671	 	103.66	 	0.453979	 	76585973	 	43.1665	 	1.40637	 	
712000	-1.23711	 	620.28	 	-0.0119681	 	103.632	 	0.453892	 	76698694	 	43.156	 	1.40641	 	
713000	-1.23713	 	620.295	 	-0.0112798	 	103.644	 	0.453934	 	76804988	 	43.1636	 	1.40633	 	
714000	-1.23707	 	620.238	 	-0.0116799	 	103.607	 	0.453852	 	76918263	 	43.1468	 	1.40606	 	
715000	-1.2371	 	620.266	 	-0.0122674	 	103.64	 	0.453968	 	77022360	 	43.1584	 	1.40574	 	
716000	-1.23704	 	620.2	 	-0.0119986	 	103.596	 	0.453835	 	77137042	 	43.1411	 	1.40564	 	
717000	-1.23703	 	620.189	 	-0.0122406	 	103.594	 	0.453822	 	77246231	 	43.1391	 	1.40551	 	
718000	-1.23702	 	620.179	 	-0.0122065	 	103.582	 	0.453784	 	77355205	 	43.1342	 	1.40542	 	
719000	-1.23699	 	620.157	 	-0.0127666	 	103.564	 	0.453737	 	77465085	 	43.1245	 	1.40527	 	
720000	-1.23698	 	620.142	 	-0.0128836	 	103.567	 	0.453757	 	77574295	 	43.1252	 	1.40507	 	
721000	-1.237	 	620.158	 	-0.0132195	 	103.588	 	0.453817	 	77680614	 	43.1324	 	1.4049	 	
722000	-1.237	 	620.155	 	-0.0129285	 	103.595	 	0.453849	 	77788416	 	43.1367	 	1.40469	 	
723000	-1.23702	 	620.181	 	-0.0126896	 	103.616	 	0.453917	 	77894001	 	43.1467	 	1.40456	 	
724000	-1.23705	 	620.206	 	-0.012333	 	103.631	 	0.453965	 	77998779	 	43.1541	 	1.40473	 	
725000	-1.23704	 	620.196	 	-0.0119239	 	103.614	 	0.453925	 	78107580	 	43.1489	 	1.40456	 	
726000	-1.2371	 	620.26	 	-0.0115223	 	103.652	 	0.45402	 	78208701	 	43.1661	 	1.40477	 	
727000	-1.23716	 	620.315	 	-0.0122809	 	103.698	 	0.45417	 	78310405	 	43.1824	 	1.40465	 	
728000	-1.23716	 	620.314	 	-0.0127576	 	103.692	 	0.454136	 	78418590	 	43.1779	 	1.4048	 	
729000	-1.23718	 	620.338	 	-0.0134231	 	103.706	 	0.454199	 	78523355	 	43.1807	 	1.40448	 	
730000	-1.23723	 	620.39	 	-0.0139258	 	103.743	 	0.454313	 	78625409	 	43.1938	 	1.40465	 	
731000	-1.2373	 	620.454	 	-0.014697	 	103.802	 	0.454485	 	78726199	 	43.2148	 	1.40464	 	
732000	-1.23736	 	620.515	 	-0.0153903	 	103.835	 	0.454582	 	78827245	 	43.2252	 	1.40479	 	
733000	-1.23726	 	620.421	 	-0.01565	 	103.778	 	0.454399	 	78945822	 	43.1998	 	1.4048	 	
734000	-1.23719	 	620.344	 	-0.0155569	 	103.716	 	0.454217	 	79061756	 	43.1745	 	1.4045	 	
735000	-1.23713	 	620.283	 	-0.0156918	 	103.656	 	0.454042	 	79176033	 	43.1488	 	1.40427	 	
736000	-1.23707	 	620.226	 	-0.0156515	 	103.607	 	0.453891	 	79290406	 	43.1287	 	1.40401	 	
737000	-1.23699	 	620.148	 	-0.0155196	 	103.555	 	0.453742	 	79407027	 	43.1079	 	1.40397	 	
738000	-1.23702	 	620.177	 	-0.0148674	 	103.566	 	0.453761	 	79511574	 	43.1158	 	1.4044	 	
739000	-1.23703	 	620.181	 	-0.0144925	 	103.58	 	0.453821	 	79618817	 	43.1234	 	1.4041	 	
740000	-1.23708	 	620.231	 	-0.0151777	 	103.613	 	0.453919	 	79721055	 	43.1338	 	1.40406	 	
741000	-1.23704	 	620.197	 	-0.0153877	 	103.593	 	0.453844	 	79833084	 	43.1244	 	1.40428	 	
742000	-1.23702	 	620.176	 	-0.0149884	 	103.584	 	0.453825	 	79942477	 	43.1225	 	1.40436	 	
743000	-1.23717	 	620.331	 	-0.014052	 	103.702	 	0.45413	 	80034094	 	43.1764	 	1.40543	 	
744000	-1.23716	 	620.323	 	-0.0134739	 	103.696	 	0.454121	 	80143064	 	43.1766	 	1.40531	 	
745000	-1.23715	 	620.309	 	-0.0136894	 	103.68	 	0.454087	 	80252453	 	43.1688	 	1.40529	 	
746000	-1.23715	 	620.307	 	-0.0143373	 	103.698	 	0.454145	 	80359863	 	43.1732	 	1.40531	 	
747000	-1.23707	 	620.233	 	-0.0145331	 	103.629	 	0.453962	 	80476124	 	43.1436	 	1.40492	 	
748000	-1.23714	 	620.301	 	-0.0145474	 	103.68	 	0.454099	 	80576282	 	43.1647	 	1.40525	 	
749000	-1.23708	 	620.241	 	-0.0143826	 	103.633	 	0.453964	 	80690439	 	43.1461	 	1.40494	 	
750000	-1.23703	 	620.196	 	-0.0141664	 	103.598	 	0.453844	 	80803304	 	43.1325	 	1.40531	 	
751000	-1.23714	 	620.3	 	-0.0133343	 	103.677	 	0.454053	 	80899792	 	43.1691	 	1.4059	 	
752000	-1.23719	 	620.354	 	-0.0125931	 	103.718	 	0.454173	 	81000749	 	43.1894	 	1.40595	 	
753000	-1.23718	 	620.342	 	-0.0124298	 	103.713	 	0.454171	 	81109575	 	43.1881	 	1.40595	 	
754000	-1.23715	 	620.314	 	-0.0126025	 	103.705	 	0.454153	 	81220345	 	43.184	 	1.40595	 	
755000	-1.23716	 	620.321	 	-0.012595	 	103.716	 	0.454179	 	81327388	 	43.1887	 	1.4062	 	
756000	-1.23721	 	620.379	 	-0.0127964	 	103.753	 	0.454282	 	81428685	 	43.2031	 	1.40655	 	
757000	-1.23723	 	620.394	 	-0.0123335	 	103.754	 	0.454301	 	81534092	 	43.2053	 	1.40609	 	
758000	-1.23726	 	620.421	 	-0.0118819	 	103.779	 	0.454387	 	81638518	 	43.2178	 	1.40622	 	
759000	-1.23729	 	620.458	 	-0.0114893	 	103.811	 	0.454474	 	81742301	 	43.2328	 	1.40654	 	
760000	-1.23728	 	620.45	 	-0.0111037	 	103.803	 	0.45445	 	81851073	 	43.2306	 	1.40671	 	
761000	-1.23731	 	620.479	 	-0.011134	 	103.827	 	0.454512	 	81956337	 	43.2406	 	1.40734	 	
762000	-1.23724	 	620.413	 	-0.0115847	 	103.788	 	0.454404	 	82071540	 	43.2226	 	1.40716	 	
763000	-1.23725	 	620.418	 	-0.0116237	 	103.789	 	0.454416	 	82178654	 	43.223	 	1.40724	 	
764000	-1.23724	 	620.417	 	-0.0117437	 	103.784	 	0.45439	 	82287003	 	43.2202	 	1.40753	 	
765000	-1.23729	 	620.463	 	-0.0115866	 	103.814	 	0.45446	 	82389537	 	43.2335	 	1.40771	 	
766000	-1.23725	 	620.419	 	-0.0117721	 	103.772	 	0.454337	 	82502123	 	43.2151	 	1.40767	 	
767000	-1.23718	 	620.351	 	-0.01193	 	103.726	 	0.454223	 	82617358	 	43.1954	 	1.40734	 	
768000	-1.23717	 	620.339	 	-0.0116177	 	103.727	 	0.454249	 	82726325	 	43.197	 	1.40688	 	
769000	-1.23711	 	620.279	 	-0.0119824	 	103.694	 	0.454148	 	82840579	 	43.1817	 	1.40696	 	
770000	-1.23718	 	620.354	 	-0.0112218	 	103.745	 	0.454305	 	82940009	 	43.2061	 	1.40707	 	
771000	-1.23715	 	620.323	 	-0.0109746	 	103.729	 	0.454255	 	83051435	 	43.2005	 	1.40725	 	
772000	-1.23716	 	620.338	 	-0.0104688	 	103.729	 	0.45423	 	83157930	 	43.202	 	1.40766	 	
773000	-1.23719	 	620.36	 	-0.0101595	 	103.746	 	0.454284	 	83262876	 	43.2103	 	1.40788	 	
774000	-1.2372	 	620.377	 	-0.0103835	 	103.765	 	0.454348	 	83368788	 	43.2172	 	1.40771	 	
775000	-1.2372	 	620.372	 	-0.0108977	 	103.761	 	0.454333	 	83477222	 	43.2138	 	1.40752	 	
776000	-1.2371	 	620.273	 	-0.0109583	 	103.678	 	0.454094	 	83596784	 	43.179	 	1.40741	 	
777000	-1.23707	 	620.244	 	-0.0107514	 	103.641	 	0.453965	 	83707634	 	43.1645	 	1.40739	 	
778000	-1.23706	 	620.23	 	-0.0109491	 	103.631	 	0.453936	 	83818118	 	43.1598	 	1.40752	 	
779000	-1.2371	 	620.277	 	-0.0115972	 	103.659	 	0.454019	 	83920215	 	43.1689	 	1.4077	 	
780000	-1.23706	 	620.232	 	-0.0119576	 	103.615	 	0.453883	 	84033374	 	43.1492	 	1.40746	 	
781000	-1.23717	 	620.345	 	-0.012731	 	103.695	 	0.454093	 	84127637	 	43.1794	 	1.40803	 	
782000	-1.23723	 	620.407	 	-0.013482	 	103.756	 	0.45428	 	84227975	 	43.2013	 	1.4081	 	
783000	-1.23719	 	620.361	 	-0.01352	 	103.722	 	0.454194	 	84340668	 	43.1869	 	1.40779	 	
784000	-1.2372	 	620.375	 	-0.0138466	 	103.73	 	0.454219	 	84446597	 	43.189	 	1.40765	 	
785000	-1.23717	 	620.342	 	-0.0133874	 	103.712	 	0.454152	 	84558346	 	43.1833	 	1.40799	 	
786000	-1.2372	 	620.377	 	-0.0127326	 	103.743	 	0.454237	 	84662341	 	43.1994	 	1.40821	 	
787000	-1.23722	 	620.396	 	-0.0128943	 	103.765	 	0.454302	 	84768078	 	43.2076	 	1.40826	 	
788000	-1.23724	 	620.412	 	-0.0135069	 	103.779	 	0.45436	 	84874474	 	43.211	 	1.40788	 	
789000	-1.23724	 	620.413	 	-0.0138247	 	103.777	 	0.45435	 	84981759	 	43.2087	 	1.40764	 	
790000	-1.23722	 	620.397	 	-0.0142056	 	103.774	 	0.454343	 	85091456	 	43.2055	 	1.40757	 	
791000	-1.2372	 	620.376	 	-0.0137265	 	103.759	 	0.45431	 	85201413	 	43.2013	 	1.40734	 	
792000	-1.23719	 	620.366	 	-0.0142494	 	103.754	 	0.454299	 	85310902	 	43.1971	 	1.40731	 	
793000	-1.23718	 	620.346	 	-0.0141588	 	103.746	 	0.4543	 	85420766	 	43.1941	 	1.40714	 	
794000	-1.23719	 	620.354	 	-0.0143177	 	103.763	 	0.454381	 	85526617	 	43.2005	 	1.40682	 	
795000	-1.23719	 	620.359	 	-0.0148293	 	103.761	 	0.454367	 	85633682	 	43.197	 	1.40676	 	
796000	-1.23722	 	620.395	 	-0.0154502	 	103.787	 	0.454437	 	85737177	 	43.2047	 	1.40724	 	
797000	-1.23725	 	620.42	 	-0.0159342	 	103.806	 	0.454476	 	85842124	 	43.2103	 	1.40745	 	
798000	-1.23723	 	620.399	 	-0.0161238	 	103.796	 	0.454471	 	85951679	 	43.2049	 	1.40707	 	
799000	-1.23724	 	620.412	 	-0.0155586	 	103.807	 	0.454497	 	86058323	 	43.2127	 	1.40744	 	
800000	-1.23723	 	620.402	 	-0.0150285	 	103.804	 	0.454501	 	86167294	 	43.2142	 	1.40726	 	
801000	-1.23726	 	620.435	 	-0.0146744	 	103.819	 	0.454523	 	86271026	 	43.2221	 	1.40784	 	
802000	-1.23727	 	620.441	 	-0.0150934	 	103.826	 	0.454531	 	86377976	 	43.223	 	1.40815	 	
803000	-1.23726	 	620.437	 	-0.0154574	 	103.816	 	0.45448	 	86486194	 	43.2168	 	1.40824	 	
804000	-1.2373	 	620.472	 	-0.0161168	 	103.851	 	0.454594	 	86590063	 	43.2278	 	1.40826	 	
805000	-1.23727	 	620.444	 	-0.0161245	 	103.838	 	0.454569	 	86700437	 	43.2226	 	1.40794	 	
806000	-1.23735	 	620.52	 	-0.0168496	 	103.899	 	0.454751	 	86799413	 	43.244	 	1.40788	 	
807000	-1.23731	 	620.479	 	-0.0167104	 	103.872	 	0.454664	 	86911746	 	43.2337	 	1.40771	 	
808000	-1.23736	 	620.534	 	-0.015996	 	103.913	 	0.454795	 	87012423	 	43.2543	 	1.40763	 	
809000	-1.23735	 	620.527	 	-0.0159072	 	103.904	 	0.454755	 	87120849	 	43.2512	 	1.40775	 	
810000	-1.23738	 	620.547	 	-0.015268	 	103.916	 	0.454814	 	87225268	 	43.2593	 	1.40737	 	
811000	-1.23738	 	620.554	 	-0.0147514	 	103.911	 	0.454795	 	87332136	 	43.26	 	1.4073	 	
812000	-1.23738	 	620.55	 	-0.0148841	 	103.913	 	0.45482	 	87440602	 	43.2601	 	1.40696	 	
813000	-1.23741	 	620.578	 	-0.0149078	 	103.933	 	0.454878	 	87544111	 	43.2682	 	1.40707	 	
814000	-1.23744	 	620.601	 	-0.0152921	 	103.96	 	0.454963	 	87647992	 	43.2777	 	1.40675	 	
815000	-1.2374	 	620.571	 	-0.014986	 	103.928	 	0.454853	 	87759742	 	43.2659	 	1.40668	 	
816000	-1.23742	 	620.592	 	-0.0153385	 	103.945	 	0.454903	 	87865418	 	43.2713	 	1.40694	 	
817000	-1.23745	 	620.615	 	-0.0158673	 	103.963	 	0.454939	 	87970395	 	43.2759	 	1.40731	 	
818000	-1.23743	 	620.597	 	-0.0163815	 	103.953	 	0.454924	 	88080051	 	43.2692	 	1.40693	 	
819000	-1.23743	 	620.599	 	-0.0167408	 	103.964	 	0.454956	 	88187608	 	43.2714	 	1.40696	 	
820000	-1.23747	 	620.638	 	-0.0166794	 	103.995	 	0.455055	 	88290318	 	43.2848	 	1.40688	 	
821000	-1.23742	 	620.593	 	-0.0169999	 	103.959	 	0.45493	 	88403300	 	43.2682	 	1.40721	 	
822000	-1.23748	 	620.651	 	-0.0176665	 	104.006	 	0.455064	 	88503415	 	43.2838	 	1.40715	 	
823000	-1.23748	 	620.649	 	-0.0178501	 	104.007	 	0.455075	 	88610837	 	43.2833	 	1.40693	 	
824000	-1.23743	 	620.596	 	-0.0182152	 	103.963	 	0.454947	 	88725140	 	43.2624	 	1.40681	 	
825000	-1.23745	 	620.617	 	-0.0177304	 	103.979	 	0.454999	 	88829352	 	43.272	 	1.40659	 	
826000	-1.23745	 	620.614	 	-0.0173976	 	103.972	 	0.454994	 	88937591	 	43.2712	 	1.40647	 	
827000	-1.23747	 	620.637	 	-0.0175233	 	103.993	 	0.45506	 	89042257	 	43.2791	 	1.40634	 	
828000	-1.23748	 	620.639	 	-0.0175866	 	103.99	 	0.455074	 	89149844	 	43.2778	 	1.4061	 	
829000	-1.2375	 	620.662	 	-0.0180496	 	104.008	 	0.455112	 	89254580	 	43.2826	 	1.40625	 	
830000	-1.23752	 	620.679	 	-0.0183987	 	104.016	 	0.45514	 	89359720	 	43.2835	 	1.40598	 	
831000	-1.23753	 	620.69	 	-0.0184295	 	104.012	 	0.455127	 	89465698	 	43.2817	 	1.4058	 	
832000	-1.2375	 	620.654	 	-0.0185761	 	103.983	 	0.455041	 	89578007	 	43.2688	 	1.40534	 	
833000	-1.2375	 	620.654	 	-0.0182882	 	103.978	 	0.455027	 	89685454	 	43.2684	 	1.40506	 	
834000	-1.23741	 	620.566	 	-0.0183768	 	103.907	 	0.454805	 	89804093	 	43.2384	 	1.40516	 	
835000	-1.2375	 	620.664	 	-0.0176202	 	103.98	 	0.455	 	89900057	 	43.2734	 	1.40569	 	
836000	-1.23746	 	620.617	 	-0.0173121	 	103.943	 	0.454891	 	90013897	 	43.2594	 	1.40569	 	
837000	-1.23745	 	620.607	 	-0.0177644	 	103.939	 	0.454876	 	90122477	 	43.2551	 	1.40573	 	
838000	-1.23748	 	620.638	 	-0.0183133	 	103.959	 	0.454939	 	90226073	 	43.2603	 	1.40562	 	
839000	-1.23757	 	620.727	 	-0.0190212	 	104.025	 	0.455126	 	90322568	 	43.2833	 	1.40576	 	
840000	-1.23757	 	620.732	 	-0.0194395	 	104.032	 	0.455157	 	90429341	 	43.2838	 	1.40563	 	
841000	-1.2376	 	620.759	 	-0.0196537	 	104.045	 	0.455185	 	90534345	 	43.2877	 	1.40578	 	
842000	-1.23762	 	620.777	 	-0.0190996	 	104.057	 	0.45522	 	90639937	 	43.2962	 	1.40594	 	
843000	-1.23758	 	620.741	 	-0.0190804	 	104.02	 	0.455121	 	90751987	 	43.2809	 	1.40549	 	
844000	-1.23758	 	620.735	 	-0.0187847	 	104.017	 	0.455129	 	90860330	 	43.2814	 	1.40529	 	
845000	-1.2376	 	620.76	 	-0.0182295	 	104.04	 	0.455183	 	90964728	 	43.2945	 	1.4055	 	
846000	-1.23759	 	620.741	 	-0.0177264	 	104.017	 	0.45513	 	91074892	 	43.2879	 	1.40519	 	
847000	-1.23753	 	620.691	 	-0.0178186	 	103.99	 	0.455058	 	91189314	 	43.2761	 	1.40539	 	
848000	-1.23759	 	620.743	 	-0.017379	 	104.013	 	0.455118	 	91290486	 	43.2883	 	1.40551	 	
849000	-1.23758	 	620.733	 	-0.0171481	 	104.017	 	0.45515	 	91398434	 	43.2916	 	1.40517	 	
850000	-1.23755	 	620.703	 	-0.0174702	 	103.998	 	0.455094	 	91509821	 	43.2816	 	1.40513	 	
851000	-1.23756	 	620.715	 	-0.0176834	 	103.991	 	0.455055	 	91616877	 	43.2776	 	1.40567	 	
852000	-1.23754	 	620.701	 	-0.0181208	 	103.975	 	0.455012	 	91726120	 	43.2681	 	1.40544	 	
853000	-1.23753	 	620.683	 	-0.0181738	 	103.962	 	0.454983	 	91835982	 	43.2623	 	1.4051	 	
854000	-1.23749	 	620.645	 	-0.0179237	 	103.932	 	0.454868	 	91948562	 	43.2515	 	1.40527	 	
855000	-1.23759	 	620.749	 	-0.0186208	 	104.001	 	0.455054	 	92043290	 	43.2758	 	1.40589	 	
856000	-1.2376	 	620.76	 	-0.0192	 	104.018	 	0.455124	 	92149474	 	43.2794	 	1.40578	 	
857000	-1.23758	 	620.736	 	-0.0192769	 	104.008	 	0.455082	 	92260753	 	43.2746	 	1.40591	 	
858000	-1.23757	 	620.726	 	-0.0188269	 	103.997	 	0.455056	 	92368899	 	43.273	 	1.40582	 	
859000	-1.23751	 	620.667	 	-0.0189619	 	103.938	 	0.454864	 	92484295	 	43.2477	 	1.40566	 	
860000	-1.23752	 	620.674	 	-0.0194733	 	103.938	 	0.454872	 	92591166	 	43.2444	 	1.40545	 	
861000	-1.23748	 	620.641	 	-0.019165	 	103.916	 	0.454808	 	92703266	 	43.237	 	1.40541	 	
862000	-1.23743	 	620.59	 	-0.0189477	 	103.883	 	0.454711	 	92817836	 	43.2246	 	1.40548	 	
863000	-1.2374	 	620.56	 	-0.0185217	 	103.861	 	0.45463	 	92930517	 	43.2183	 	1.40574	 	
864000	-1.23744	 	620.595	 	-0.0180975	 	103.885	 	0.454713	 	93033867	 	43.2307	 	1.40554	 	
865000	-1.2374	 	620.554	 	-0.017668	 	103.848	 	0.454621	 	93146923	 	43.2178	 	1.40538	 	
866000	-1.23744	 	620.6	 	-0.0170327	 	103.881	 	0.454715	 	93248986	 	43.2353	 	1.40561	 	
867000	-1.2374	 	620.562	 	-0.0172248	 	103.832	 	0.45454	 	93361165	 	43.2139	 	1.40549	 	
868000	-1.23745	 	620.609	 	-0.0178547	 	103.871	 	0.454667	 	93462434	 	43.2263	 	1.40535	 	
869000	-1.23753	 	620.694	 	-0.018112	 	103.92	 	0.454804	 	93559325	 	43.2454	 	1.40571	 	
870000	-1.23748	 	620.637	 	-0.0183537	 	103.87	 	0.454676	 	93674229	 	43.223	 	1.40533	 	
871000	-1.23749	 	620.647	 	-0.0185158	 	103.878	 	0.454697	 	93780740	 	43.2252	 	1.40533	 	
872000	-1.23748	 	620.634	 	-0.0184517	 	103.861	 	0.454646	 	93890491	 	43.2188	 	1.40533	 	
873000	-1.23751	 	620.662	 	-0.0190409	 	103.887	 	0.454736	 	93994087	 	43.2257	 	1.40498	 	
874000	-1.23758	 	620.734	 	-0.0191972	 	103.938	 	0.45488	 	94092546	 	43.2461	 	1.40537	 	
875000	-1.23761	 	620.767	 	-0.0195819	 	103.972	 	0.454978	 	94195253	 	43.2576	 	1.40543	 	
876000	-1.23764	 	620.791	 	-0.020121	 	103.985	 	0.455021	 	94300008	 	43.2598	 	1.40531	 	
877000	-1.23759	 	620.746	 	-0.020022	 	103.955	 	0.454913	 	94414218	 	43.2478	 	1.40566	 	
878000	-1.23756	 	620.722	 	-0.0202694	 	103.947	 	0.454905	 	94525068	 	43.2428	 	1.40565	 	
879000	-1.23754	 	620.699	 	-0.0200497	 	103.927	 	0.454861	 	94635438	 	43.236	 	1.40549	 	
880000	-1.23755	 	620.706	 	-0.02058	 	103.935	 	0.4549	 	94741815	 	43.2358	 	1.40517	 	
881000	-1.23754	 	620.696	 	-0.0206186	 	103.926	 	0.454868	 	94850408	 	43.2315	 	1.40512	 	
882000	-1.2375	 	620.654	 	-0.0207927	 	103.903	 	0.454796	 	94963669	 	43.2207	 	1.4051	 	
883000	-1.23745	 	620.607	 	-0.0203539	 	103.871	 	0.45471	 	95077983	 	43.2106	 	1.4053	 	
884000	-1.23746	 	620.616	 	-0.0204258	 	103.869	 	0.454714	 	95185113	 	43.2092	 	1.40515	 	
885000	-1.23745	 	620.602	 	-0.020042	 	103.857	 	0.45469	 	95294470	 	43.2067	 	1.40501	 	
886000	-1.23749	 	620.65	 	-0.0193775	 	103.898	 	0.454819	 	95395944	 	43.2282	 	1.40495	 	
887000	-1.23749	 	620.645	 	-0.0192604	 	103.897	 	0.454806	 	95504843	 	43.2286	 	1.40527	 	
888000	-1.23746	 	620.62	 	-0.0196035	 	103.884	 	0.454764	 	95615379	 	43.221	 	1.40508	 	
889000	-1.23741	 	620.564	 	-0.0198815	 	103.839	 	0.454619	 	95730257	 	43.2005	 	1.405	 	
890000	-1.23739	 	620.549	 	-0.020097	 	103.829	 	0.454603	 	95839617	 	43.1946	 	1.40481	 	
891000	-1.23739	 	620.55	 	-0.0196477	 	103.836	 	0.454623	 	95947195	 	43.2005	 	1.40483	 	
892000	-1.23738	 	620.536	 	-0.0200101	 	103.821	 	0.454574	 	96056778	 	43.1921	 	1.40472	 	
893000	-1.23742	 	620.571	 	-0.0205867	 	103.846	 	0.454664	 	96158909	 	43.1985	 	1.4044	 	
894000	-1.23746	 	620.612	 	-0.0211802	 	103.881	 	0.454772	 	96260313	 	43.2088	 	1.40429	 	
895000	-1.23742	 	620.57	 	-0.0210348	 	103.856	 	0.454724	 	96373849	 	43.1996	 	1.40396	 	
896000	-1.23736	 	620.517	 	-0.0206408	 	103.828	 	0.454655	 	96489278	 	43.1908	 	1.40423	 	
897000	-1.23741	 	620.557	 	-0.0200539	 	103.849	 	0.454713	 	96591937	 	43.2034	 	1.40427	 	
898000	-1.23743	 	620.578	 	-0.0194437	 	103.878	 	0.454797	 	96695754	 	43.2195	 	1.40417	 	
899000	-1.23744	 	620.595	 	-0.0195692	 	103.876	 	0.454794	 	96800815	 	43.218	 	1.40401	 	
900000	-1.23751	 	620.659	 	-0.0189948	 	103.916	 	0.454891	 	96900023	 	43.2383	 	1.40426	 	
901000	-1.23748	 	620.631	 	-0.0193322	 	103.882	 	0.454775	 	97011993	 	43.2219	 	1.40387	 	
902000	-1.23744	 	620.586	 	-0.0193672	 	103.86	 	0.4547	 	97126412	 	43.2124	 	1.40394	 	
903000	-1.23743	 	620.581	 	-0.019603	 	103.858	 	0.454702	 	97234478	 	43.2099	 	1.4038	 	
904000	-1.23744	 	620.583	 	-0.019016	 	103.872	 	0.454764	 	97342229	 	43.2196	 	1.40342	 	
905000	-1.23749	 	620.642	 	-0.0190469	 	103.914	 	0.454876	 	97441889	 	43.2372	 	1.4039	 	
906000	-1.2375	 	620.652	 	-0.018662	 	103.935	 	0.454944	 	97548146	 	43.2483	 	1.40379	 	
907000	-1.23753	 	620.677	 	-0.0191096	 	103.946	 	0.454961	 	97652249	 	43.25	 	1.40393	 	
908000	-1.23753	 	620.674	 	-0.019591	 	103.943	 	0.45497	 	97759879	 	43.2457	 	1.40385	 	
909000	-1.23753	 	620.674	 	-0.0200326	 	103.934	 	0.454942	 	97867155	 	43.2391	 	1.40369	 	
910000	-1.23752	 	620.666	 	-0.0202992	 	103.926	 	0.454929	 	97975465	 	43.2339	 	1.40355	 	
911000	-1.23755	 	620.697	 	-0.0207955	 	103.951	 	0.45501	 	98079041	 	43.241	 	1.40387	 	
912000	-1.23757	 	620.715	 	-0.0208738	 	103.968	 	0.455054	 	98184583	 	43.2474	 	1.40403	 	
913000	-1.23752	 	620.668	 	-0.0205041	 	103.925	 	0.454934	 	98299386	 	43.232	 	1.40385	 	
914000	-1.23757	 	620.719	 	-0.0198724	 	103.961	 	0.455046	 	98399541	 	43.2515	 	1.40386	 	
915000	-1.23753	 	620.68	 	-0.0199698	 	103.936	 	0.454967	 	98512434	 	43.2403	 	1.4039	 	
916000	-1.2375	 	620.644	 	-0.0197169	 	103.913	 	0.454895	 	98625877	 	43.2321	 	1.40392	 	
917000	-1.23747	 	620.617	 	-0.020093	 	103.894	 	0.454862	 	98737071	 	43.222	 	1.40361	 	
918000	-1.23742	 	620.566	 	-0.0198495	 	103.857	 	0.454742	 	98852039	 	43.2081	 	1.40374	 	
919000	-1.23738	 	620.528	 	-0.0194619	 	103.838	 	0.454657	 	98965330	 	43.2028	 	1.40426	 	
920000	-1.23747	 	620.618	 	-0.0200946	 	103.898	 	0.454818	 	99061020	 	43.2236	 	1.4046	 	
921000	-1.23744	 	620.588	 	-0.020241	 	103.873	 	0.454768	 	99172468	 	43.2121	 	1.4044	 	
922000	-1.23737	 	620.524	 	-0.0199837	 	103.817	 	0.454618	 	99288738	 	43.1907	 	1.40412	 	
923000	-1.2373	 	620.457	 	-0.0198945	 	103.768	 	0.454464	 	99406156	 	43.1708	 	1.40423	 	
924000	-1.23731	 	620.463	 	-0.0203736	 	103.785	 	0.454528	 	99512735	 	43.1747	 	1.40397	 	
925000	-1.2373	 	620.448	 	-0.0205751	 	103.777	 	0.454518	 	99622502	 	43.17	 	1.404	 	
926000	-1.23731	 	620.461	 	-0.0200477	 	103.785	 	0.454539	 	99728503	 	43.1766	 	1.40383	 	
927000	-1.2373	 	620.446	 	-0.0196621	 	103.786	 	0.454554	 	99837936	 	43.1796	 	1.40347	 	
928000	-1.23729	 	620.442	 	-0.0192827	 	103.785	 	0.454561	 	99945535	 	43.1816	 	1.40322	 	
929000	-1.2373	 	620.444	 	-0.0191338	 	103.788	 	0.45459	 	100052845	 	43.184	 	1.40308	 	
930000	-1.23735	 	620.501	 	-0.0190598	 	103.829	 	0.454699	 	100152938	 	43.2016	 	1.40337	 	
931000	-1.23738	 	620.528	 	-0.0190956	 	103.85	 	0.454763	 	100256694	 	43.2102	 	1.40328	 	
932000	-1.23742	 	620.562	 	-0.0193566	 	103.882	 	0.454849	 	100359349	 	43.2217	 	1.40338	 	
933000	-1.23742	 	620.573	 	-0.0191248	 	103.901	 	0.4549	 	100465633	 	43.231	 	1.40355	 	
934000	-1.23742	 	620.568	 	-0.0192164	 	103.897	 	0.454884	 	100574089	 	43.2289	 	1.40391	 	
935000	-1.23737	 	620.516	 	-0.0194079	 	103.856	 	0.454756	 	100688748	 	43.2105	 	1.40392	 	
936000	-1.23741	 	620.563	 	-0.019986	 	103.896	 	0.454869	 	100790197	 	43.2235	 	1.40422	 	
937000	-1.23747	 	620.622	 	-0.0205632	 	103.932	 	0.454982	 	100889610	 	43.2345	 	1.40422	 	
938000	-1.23745	 	620.599	 	-0.020144	 	103.912	 	0.454915	 	101000745	 	43.229	 	1.40425	 	
939000	-1.23745	 	620.598	 	-0.0196747	 	103.911	 	0.454917	 	101108176	 	43.2317	 	1.40412	 	
940000	-1.23746	 	620.607	 	-0.0197453	 	103.919	 	0.454931	 	101214340	 	43.2345	 	1.40411	 	
941000	-1.2375	 	620.655	 	-0.0198638	 	103.96	 	0.45505	 	101315692	 	43.2508	 	1.4041	 	
942000	-1.23754	 	620.687	 	-0.019995	 	103.982	 	0.455112	 	101418649	 	43.2594	 	1.40408	 	
943000	-1.23754	 	620.691	 	-0.0204193	 	103.978	 	0.455096	 	101526654	 	43.2547	 	1.40421	 	
944000	-1.23756	 	620.713	 	-0.0198648	 	103.996	 	0.455153	 	101631575	 	43.2661	 	1.40408	 	
945000	-1.23751	 	620.658	 	-0.0197589	 	103.946	 	0.454992	 	101746924	 	43.2457	 	1.40408	 	
946000	-1.23747	 	620.62	 	-0.0196534	 	103.911	 	0.454882	 	101859746	 	43.232	 	1.40395	 	
947000	-1.23754	 	620.689	 	-0.0191092	 	103.951	 	0.454977	 	101958154	 	43.2522	 	1.40431	 	
948000	-1.23753	 	620.682	 	-0.0193282	 	103.938	 	0.454926	 	102067209	 	43.2452	 	1.40427	 	
949000	-1.2375	 	620.647	 	-0.0191275	 	103.906	 	0.454836	 	102180193	 	43.2334	 	1.40416	 	
950000	-1.23751	 	620.66	 	-0.019457	 	103.914	 	0.454851	 	102286342	 	43.2344	 	1.40433	 	
951000	-1.23747	 	620.625	 	-0.0191419	 	103.893	 	0.454805	 	102399000	 	43.2278	 	1.40428	 	
952000	-1.23751	 	620.662	 	-0.0192282	 	103.92	 	0.454865	 	102501308	 	43.2383	 	1.40435	 	
953000	-1.23755	 	620.705	 	-0.0192927	 	103.949	 	0.454946	 	102602711	 	43.2499	 	1.40442	 	
954000	-1.23759	 	620.741	 	-0.0196524	 	103.977	 	0.455029	 	102704902	 	43.2595	 	1.4044	 	
955000	-1.23759	 	620.742	 	-0.020128	 	103.981	 	0.455052	 	102812304	 	43.258	 	1.40424	 	
956000	-1.23769	 	620.838	 	-0.0207763	 	104.052	 	0.455245	 	102906049	 	43.2829	 	1.40468	 	
957000	-1.23771	 	620.864	 	-0.0212056	 	104.063	 	0.455287	 	103009876	 	43.2848	 	1.4047	 	
958000	-1.23768	 	620.83	 	-0.0211846	 	104.036	 	0.455209	 	103122480	 	43.2734	 	1.40474	 	
959000	-1.23767	 	620.82	 	-0.0214784	 	104.021	 	0.455161	 	103231128	 	43.2651	 	1.40447	 	
960000	-1.23773	 	620.885	 	-0.0215416	 	104.066	 	0.455282	 	103329721	 	43.2835	 	1.40471	 	
961000	-1.23779	 	620.946	 	-0.021657	 	104.126	 	0.455447	 	103428268	 	43.3076	 	1.4048	 	
962000	-1.2378	 	620.955	 	-0.0214548	 	104.136	 	0.455459	 	103534824	 	43.3133	 	1.40516	 	
963000	-1.23778	 	620.937	 	-0.0210243	 	104.121	 	0.45542	 	103645300	 	43.3101	 	1.40513	 	
964000	-1.23776	 	620.908	 	-0.0209557	 	104.098	 	0.455357	 	103756941	 	43.3011	 	1.40495	 	
965000	-1.23776	 	620.909	 	-0.0207223	 	104.106	 	0.455381	 	103864732	 	43.3059	 	1.40507	 	
966000	-1.23776	 	620.914	 	-0.0211948	 	104.115	 	0.455422	 	103970950	 	43.3066	 	1.40478	 	
967000	-1.23773	 	620.879	 	-0.0211265	 	104.076	 	0.45529	 	104083582	 	43.2908	 	1.4047	 	
968000	-1.23772	 	620.867	 	-0.021247	 	104.071	 	0.455273	 	104192360	 	43.2879	 	1.40447	 	
969000	-1.23776	 	620.915	 	-0.0207186	 	104.108	 	0.455365	 	104293360	 	43.3069	 	1.40477	 	
970000	-1.23776	 	620.915	 	-0.0205096	 	104.119	 	0.455408	 	104400860	 	43.3129	 	1.40466	 	
971000	-1.23773	 	620.881	 	-0.0201419	 	104.093	 	0.455339	 	104513156	 	43.3046	 	1.40435	 	
972000	-1.23768	 	620.828	 	-0.0199269	 	104.051	 	0.455219	 	104628430	 	43.2884	 	1.40414	 	
973000	-1.23765	 	620.793	 	-0.0200583	 	104.03	 	0.455157	 	104740390	 	43.2788	 	1.40388	 	
974000	-1.23766	 	620.813	 	-0.0201581	 	104.044	 	0.455187	 	104845161	 	43.2838	 	1.40404	 	
975000	-1.23771	 	620.856	 	-0.0198559	 	104.072	 	0.455261	 	104946414	 	43.2978	 	1.40426	 	
976000	-1.23772	 	620.868	 	-0.0201341	 	104.086	 	0.455314	 	105051667	 	43.3017	 	1.40396	 	
977000	-1.23775	 	620.894	 	-0.0195863	 	104.105	 	0.455375	 	105156140	 	43.3133	 	1.40427	 	
978000	-1.23772	 	620.869	 	-0.0193458	 	104.081	 	0.455317	 	105267919	 	43.3048	 	1.40409	 	
979000	-1.23773	 	620.881	 	-0.0190251	 	104.085	 	0.455321	 	105373471	 	43.3085	 	1.40416	 	
980000	-1.23777	 	620.919	 	-0.0185468	 	104.11	 	0.455398	 	105475901	 	43.322	 	1.40433	 	
981000	-1.23776	 	620.913	 	-0.0185395	 	104.101	 	0.455378	 	105584279	 	43.318	 	1.40422	 	
982000	-1.23774	 	620.892	 	-0.0181485	 	104.097	 	0.455379	 	105694871	 	43.3189	 	1.40413	 	
983000	-1.23773	 	620.875	 	-0.0184934	 	104.091	 	0.455374	 	105804883	 	43.3141	 	1.40405	 	
984000	-1.2377	 	620.848	 	-0.0182615	 	104.067	 	0.455307	 	105916985	 	43.3056	 	1.40384	 	
985000	-1.23772	 	620.871	 	-0.018333	 	104.075	 	0.455321	 	106021898	 	43.3085	 	1.40424	 	
986000	-1.23775	 	620.899	 	-0.0178609	 	104.093	 	0.455384	 	106125658	 	43.319	 	1.40414	 	
987000	-1.23775	 	620.9	 	-0.017688	 	104.101	 	0.455414	 	106232508	 	43.3235	 	1.40409	 	
988000	-1.23782	 	620.972	 	-0.0182368	 	104.154	 	0.455556	 	106330077	 	43.342	 	1.40434	 	
989000	-1.23784	 	620.985	 	-0.0182673	 	104.169	 	0.455605	 	106436086	 	43.3483	 	1.40445	 	
990000	-1.23785	 	620.996	 	-0.0187473	 	104.18	 	0.455646	 	106541946	 	43.3498	 	1.40408	 	
991000	-1.23787	 	621.012	 	-0.0192335	 	104.199	 	0.455704	 	106646961	 	43.3548	 	1.40391	 	
992000	-1.2379	 	621.048	 	-0.018776	 	104.222	 	0.45577	 	106749714	 	43.3671	 	1.4042	 	
993000	-1.23789	 	621.034	 	-0.018446	 	104.197	 	0.455694	 	106859686	 	43.3585	 	1.40397	 	
994000	-1.23787	 	621.015	 	-0.0183928	 	104.187	 	0.45566	 	106970251	 	43.3548	 	1.40414	 	
995000	-1.23789	 	621.041	 	-0.0179521	 	104.208	 	0.455733	 	107073915	 	43.3664	 	1.4042	 	
996000	-1.23788	 	621.024	 	-0.0178229	 	104.195	 	0.455696	 	107184335	 	43.3616	 	1.4043	 	
997000	-1.23786	 	621.004	 	-0.0180401	 	104.182	 	0.455653	 	107295677	 	43.355	 	1.40437	 	
998000	-1.23785	 	620.999	 	-0.0181306	 	104.175	 	0.455632	 	107403848	 	43.3516	 	1.40437	 	
999000	-1.23791	 	621.062	 	-0.0186126	 	104.221	 	0.45576	 	107502563	 	43.3677	 	1.40461	 	
