MCcycles: 10000000	 L = 20	 T = 2.4	 Randomstart = 0
MCcycles 	 E 		 E2 		 M 		 M2 		 Mabs 		 accepted		 X 		 Cv
1	-1.69	 	1142.44	 	0.91	 	331.24	 	0.91	 	32	 	0	 	0	 	
10000	-1.22779	 	610.816	 	0.138785	 	96.204	 	0.434587	 	1091435	 	8.60737	 	1.35989	 	
20000	-1.22447	 	607.482	 	-0.00747425	 	94.0988	 	0.428845	 	2192856	 	8.55644	 	1.34544	 	
30000	-1.23242	 	615.634	 	-0.0108713	 	99.783	 	0.444438	 	3252014	 	8.65541	 	1.40468	 	
40000	-1.23404	 	617.277	 	-0.0256536	 	100.88	 	0.446793	 	4326619	 	8.76284	 	1.41298	 	
50000	-1.23196	 	615.113	 	-0.0127528	 	99.8663	 	0.444593	 	5422907	 	8.66712	 	1.39319	 	
60000	-1.23397	 	617.1	 	-0.0415949	 	101.005	 	0.447834	 	6488782	 	8.65957	 	1.39305	 	
70000	-1.23507	 	618.191	 	-0.0193129	 	101.694	 	0.449787	 	7560278	 	8.65442	 	1.39409	 	
80000	-1.23541	 	618.555	 	-0.0126211	 	102.073	 	0.450745	 	8635848	 	8.66869	 	1.3986	 	
90000	-1.23613	 	619.316	 	-0.00599617	 	102.636	 	0.452418	 	9704926	 	8.65151	 	1.40756	 	
100000	-1.23487	 	618.062	 	-0.0141447	 	101.677	 	0.449282	 	10804028	 	8.72313	 	1.40711	 	
110000	-1.23352	 	616.71	 	-0.0124157	 	100.96	 	0.447155	 	11905264	 	8.74218	 	1.40359	 	
120000	-1.23392	 	617.087	 	-0.0178855	 	101.093	 	0.447325	 	12979793	 	8.77193	 	1.39982	 	
130000	-1.23318	 	616.294	 	-0.0117197	 	100.554	 	0.44603	 	14077220	 	8.7404	 	1.38914	 	
140000	-1.23446	 	617.581	 	-0.0166791	 	101.542	 	0.448974	 	15132853	 	8.71267	 	1.39384	 	
150000	-1.23502	 	618.123	 	-0.0126091	 	101.868	 	0.450035	 	16201059	 	8.68962	 	1.39163	 	
160000	-1.23495	 	618.061	 	-0.0146919	 	102.038	 	0.450807	 	17282296	 	8.64472	 	1.39246	 	
170000	-1.2353	 	618.408	 	-0.00902124	 	102.403	 	0.451912	 	18352961	 	8.63057	 	1.39198	 	
180000	-1.23473	 	617.808	 	-0.00856347	 	101.921	 	0.45053	 	19449390	 	8.63751	 	1.38608	 	
190000	-1.23509	 	618.216	 	-0.00929082	 	102.129	 	0.450996	 	20519706	 	8.65405	 	1.39502	 	
200000	-1.23499	 	618.122	 	-0.0010261	 	102.006	 	0.450451	 	21602825	 	8.68475	 	1.39664	 	
210000	-1.23444	 	617.564	 	0.00738152	 	101.584	 	0.449233	 	22699948	 	8.69154	 	1.39288	 	
220000	-1.23485	 	617.948	 	0.00927064	 	101.853	 	0.450049	 	23768402	 	8.68118	 	1.39045	 	
230000	-1.23516	 	618.252	 	0.00699811	 	102.012	 	0.450512	 	24839073	 	8.67815	 	1.38953	 	
240000	-1.23538	 	618.47	 	0.00479315	 	102.274	 	0.451316	 	25912224	 	8.66664	 	1.39038	 	
250000	-1.2357	 	618.804	 	0.00186236	 	102.565	 	0.452107	 	26978737	 	8.66849	 	1.39208	 	
260000	-1.23618	 	619.261	 	0.00828956	 	102.833	 	0.453018	 	28038370	 	8.64301	 	1.38946	 	
270000	-1.23622	 	619.288	 	0.00605193	 	102.923	 	0.453331	 	29114730	 	8.6332	 	1.38814	 	
280000	-1.23558	 	618.658	 	-0.00171055	 	102.434	 	0.451878	 	30220417	 	8.64874	 	1.3875	 	
290000	-1.23499	 	618.061	 	0.000842362	 	102.02	 	0.450736	 	31325345	 	8.64787	 	1.38549	 	
300000	-1.23504	 	618.099	 	-0.00824018	 	101.983	 	0.450766	 	32402728	 	8.62798	 	1.38312	 	
310000	-1.23484	 	617.895	 	-0.00612592	 	101.851	 	0.450366	 	33490294	 	8.63283	 	1.38237	 	
320000	-1.2346	 	617.651	 	-0.00791545	 	101.696	 	0.449874	 	34582369	 	8.6421	 	1.38109	 	
330000	-1.23472	 	617.775	 	-0.00854364	 	101.86	 	0.450339	 	35656388	 	8.64084	 	1.3816	 	
340000	-1.23505	 	618.101	 	-0.00615107	 	102.132	 	0.451248	 	36721252	 	8.61769	 	1.38264	 	
350000	-1.23514	 	618.181	 	-0.0045058	 	102.075	 	0.451065	 	37797045	 	8.62143	 	1.38084	 	
360000	-1.23533	 	618.36	 	-0.00764707	 	102.179	 	0.451378	 	38865782	 	8.61775	 	1.37943	 	
370000	-1.23567	 	618.709	 	-0.00424828	 	102.54	 	0.452516	 	39927983	 	8.59651	 	1.38215	 	
380000	-1.23609	 	619.138	 	-0.00565328	 	102.839	 	0.453274	 	40982354	 	8.60684	 	1.38436	 	
390000	-1.23585	 	618.908	 	0.000595513	 	102.63	 	0.452628	 	42075320	 	8.61699	 	1.38423	 	
400000	-1.23579	 	618.844	 	0.00215818	 	102.543	 	0.45229	 	43158392	 	8.63171	 	1.38425	 	
410000	-1.23548	 	618.537	 	0.00282449	 	102.31	 	0.451606	 	44257036	 	8.63792	 	1.38452	 	
420000	-1.2353	 	618.358	 	0.00320643	 	102.144	 	0.451184	 	45347801	 	8.63233	 	1.38359	 	
430000	-1.23512	 	618.187	 	0.00234849	 	101.95	 	0.450489	 	46440179	 	8.65573	 	1.38453	 	
440000	-1.23507	 	618.13	 	-0.00190244	 	101.948	 	0.450434	 	47524144	 	8.66324	 	1.38359	 	
450000	-1.23502	 	618.078	 	-0.00518637	 	101.879	 	0.450276	 	48607698	 	8.65824	 	1.38324	 	
460000	-1.23488	 	617.943	 	-0.00770013	 	101.802	 	0.450007	 	49695439	 	8.66645	 	1.3833	 	
470000	-1.23504	 	618.104	 	-0.00549813	 	101.929	 	0.450369	 	50765795	 	8.66505	 	1.3836	 	
480000	-1.23487	 	617.936	 	-0.00477756	 	101.81	 	0.449986	 	51857803	 	8.67307	 	1.38391	 	
490000	-1.23501	 	618.067	 	-0.00409712	 	101.906	 	0.450246	 	52927395	 	8.67397	 	1.38344	 	
500000	-1.23506	 	618.122	 	-0.00860058	 	101.989	 	0.450448	 	54004976	 	8.67792	 	1.38406	 	
510000	-1.23489	 	617.965	 	-0.00980788	 	101.871	 	0.450061	 	55098460	 	8.68717	 	1.38588	 	
520000	-1.23513	 	618.201	 	-0.0115871	 	102.051	 	0.450535	 	56158692	 	8.69118	 	1.38552	 	
530000	-1.23534	 	618.409	 	-0.0147563	 	102.184	 	0.450914	 	57222577	 	8.68942	 	1.38634	 	
540000	-1.23512	 	618.194	 	-0.0110381	 	101.985	 	0.450311	 	58320277	 	8.69683	 	1.3859	 	
550000	-1.23526	 	618.333	 	-0.00973756	 	102.068	 	0.45055	 	59389759	 	8.69558	 	1.38584	 	
560000	-1.23523	 	618.289	 	-0.0116586	 	102.105	 	0.450788	 	60472324	 	8.6754	 	1.38436	 	
570000	-1.23532	 	618.369	 	-0.0129429	 	102.154	 	0.450992	 	61544323	 	8.66527	 	1.38308	 	
580000	-1.2355	 	618.552	 	-0.0114273	 	102.287	 	0.45131	 	62607075	 	8.67281	 	1.38333	 	
590000	-1.23558	 	618.629	 	-0.00894821	 	102.352	 	0.451461	 	63678847	 	8.67712	 	1.38337	 	
600000	-1.23585	 	618.903	 	-0.00764222	 	102.554	 	0.452077	 	64733846	 	8.66833	 	1.38399	 	
610000	-1.23567	 	618.714	 	-0.00991749	 	102.33	 	0.451368	 	65829882	 	8.68206	 	1.38289	 	
620000	-1.23587	 	618.927	 	-0.008273	 	102.472	 	0.451725	 	66889015	 	8.6874	 	1.38413	 	
630000	-1.23614	 	619.201	 	-0.00497638	 	102.656	 	0.45222	 	67942575	 	8.68964	 	1.38567	 	
640000	-1.23619	 	619.25	 	-0.00169364	 	102.655	 	0.452196	 	69016962	 	8.69284	 	1.3853	 	
650000	-1.23619	 	619.248	 	-0.00126796	 	102.608	 	0.452028	 	70095961	 	8.69856	 	1.38523	 	
660000	-1.2363	 	619.358	 	-1.98561e-05	 	102.711	 	0.452379	 	71162927	 	8.68856	 	1.38555	 	
670000	-1.23622	 	619.276	 	-0.000453343	 	102.623	 	0.452077	 	72250312	 	8.69752	 	1.3857	 	
680000	-1.23632	 	619.377	 	0.00484643	 	102.714	 	0.452386	 	73317557	 	8.68878	 	1.3854	 	
690000	-1.23649	 	619.56	 	0.00410727	 	102.815	 	0.452573	 	74378134	 	8.70241	 	1.38797	 	
700000	-1.23661	 	619.674	 	0.00552983	 	102.916	 	0.452919	 	75443281	 	8.69244	 	1.38744	 	
710000	-1.2367	 	619.761	 	0.00636101	 	102.984	 	0.453075	 	76510429	 	8.69735	 	1.38759	 	
720000	-1.23676	 	619.825	 	0.00425934	 	103.039	 	0.45317	 	77581757	 	8.70565	 	1.38849	 	
730000	-1.23644	 	619.507	 	0.0024919	 	102.796	 	0.4525	 	78694068	 	8.70581	 	1.38815	 	
740000	-1.23643	 	619.498	 	0.00117248	 	102.797	 	0.45251	 	79773978	 	8.70466	 	1.38865	 	
750000	-1.2364	 	619.478	 	0.00137082	 	102.783	 	0.452438	 	80853551	 	8.70963	 	1.38981	 	
760000	-1.23656	 	619.641	 	0.00297804	 	102.865	 	0.452734	 	81912959	 	8.69887	 	1.38972	 	
770000	-1.23657	 	619.651	 	0.00426982	 	102.884	 	0.45279	 	82991237	 	8.69851	 	1.38968	 	
780000	-1.2366	 	619.681	 	0.0014951	 	102.919	 	0.452875	 	84066348	 	8.70027	 	1.39091	 	
790000	-1.2366	 	619.682	 	0.00110631	 	102.943	 	0.452973	 	85145321	 	8.69554	 	1.39072	 	
800000	-1.23685	 	619.943	 	0.00378064	 	103.14	 	0.45351	 	86192978	 	8.69665	 	1.39249	 	
810000	-1.23699	 	620.08	 	0.00537965	 	103.26	 	0.453867	 	87254211	 	8.69237	 	1.39321	 	
820000	-1.23667	 	619.752	 	0.00638729	 	103.012	 	0.453182	 	88372333	 	8.69249	 	1.39144	 	
830000	-1.23673	 	619.824	 	0.00670783	 	103.049	 	0.453284	 	89441771	 	8.69274	 	1.39223	 	
840000	-1.23658	 	619.672	 	0.00968517	 	102.943	 	0.452972	 	90538670	 	8.69573	 	1.39186	 	
850000	-1.23632	 	619.411	 	0.00977185	 	102.774	 	0.452482	 	91649677	 	8.69914	 	1.39169	 	
860000	-1.23626	 	619.349	 	0.010797	 	102.724	 	0.452338	 	92735605	 	8.7002	 	1.39048	 	
870000	-1.23639	 	619.48	 	0.0138256	 	102.835	 	0.452635	 	93798817	 	8.70172	 	1.39225	 	
880000	-1.23639	 	619.482	 	0.0132781	 	102.834	 	0.452649	 	94875410	 	8.69888	 	1.39199	 	
890000	-1.23638	 	619.472	 	0.0118769	 	102.869	 	0.452788	 	95956434	 	8.69239	 	1.3916	 	
900000	-1.2364	 	619.489	 	0.012767	 	102.885	 	0.452843	 	97032721	 	8.69089	 	1.39112	 	
910000	-1.23629	 	619.381	 	0.0110649	 	102.828	 	0.452686	 	98126667	 	8.69077	 	1.39106	 	
920000	-1.23634	 	619.421	 	0.0104567	 	102.889	 	0.452916	 	99198892	 	8.6817	 	1.39075	 	
930000	-1.23642	 	619.509	 	0.00938177	 	102.99	 	0.453197	 	100263852	 	8.68115	 	1.39184	 	
940000	-1.23648	 	619.571	 	0.0107457	 	103.074	 	0.453442	 	101332375	 	8.67917	 	1.39181	 	
950000	-1.23639	 	619.481	 	0.00968897	 	103.012	 	0.453264	 	102422994	 	8.68026	 	1.39233	 	
960000	-1.23653	 	619.62	 	0.0117254	 	103.125	 	0.453573	 	103482273	 	8.68085	 	1.39271	 	
970000	-1.23653	 	619.625	 	0.0111821	 	103.13	 	0.453592	 	104561902	 	8.67988	 	1.39331	 	
980000	-1.2364	 	619.504	 	0.0110003	 	103.065	 	0.453412	 	105658321	 	8.68012	 	1.39404	 	
990000	-1.23642	 	619.523	 	0.0107009	 	103.101	 	0.453509	 	106732972	 	8.68042	 	1.39444	 	
1000000	-1.23633	 	619.44	 	0.0088044	 	103.039	 	0.45332	 	107822443	 	8.68309	 	1.39456	 	
1010000	-1.23643	 	619.534	 	0.00688672	 	103.085	 	0.453404	 	108885482	 	8.68961	 	1.39481	 	
1020000	-1.23637	 	619.478	 	0.00516194	 	103.076	 	0.453403	 	109974521	 	8.68602	 	1.39447	 	
1030000	-1.23627	 	619.378	 	0.00539399	 	102.998	 	0.453148	 	111068380	 	8.69172	 	1.39458	 	
1040000	-1.2362	 	619.309	 	0.00625585	 	102.958	 	0.453058	 	112155971	 	8.68891	 	1.39408	 	
1050000	-1.23609	 	619.196	 	0.00615771	 	102.898	 	0.452923	 	113252885	 	8.68411	 	1.39344	 	
1060000	-1.23608	 	619.18	 	0.0075358	 	102.887	 	0.452963	 	114332650	 	8.67348	 	1.39211	 	
1070000	-1.23607	 	619.167	 	0.00624203	 	102.864	 	0.452877	 	115413208	 	8.6773	 	1.39206	 	
1080000	-1.23601	 	619.114	 	0.00534893	 	102.841	 	0.452786	 	116501390	 	8.68126	 	1.3925	 	
1090000	-1.23585	 	618.954	 	0.00485067	 	102.716	 	0.452381	 	117606152	 	8.69013	 	1.39235	 	
1100000	-1.23577	 	618.869	 	0.00456449	 	102.695	 	0.452307	 	118700549	 	8.69279	 	1.39268	 	
1110000	-1.2358	 	618.907	 	0.0030508	 	102.76	 	0.452494	 	119772271	 	8.69154	 	1.39303	 	
1120000	-1.23576	 	618.862	 	0.00176762	 	102.739	 	0.452445	 	120858976	 	8.69024	 	1.39308	 	
1130000	-1.23581	 	618.913	 	0.0026969	 	102.757	 	0.452475	 	121930881	 	8.69312	 	1.39338	 	
1140000	-1.23577	 	618.876	 	0.00169521	 	102.747	 	0.452442	 	123018159	 	8.69418	 	1.39369	 	
1150000	-1.2356	 	618.71	 	0.00311423	 	102.606	 	0.451979	 	124125343	 	8.70508	 	1.39378	 	
1160000	-1.23555	 	618.658	 	0.00458325	 	102.587	 	0.451944	 	125213101	 	8.70217	 	1.39336	 	
1170000	-1.23568	 	618.788	 	0.0045531	 	102.68	 	0.452206	 	126269137	 	8.70153	 	1.39398	 	
1180000	-1.23576	 	618.874	 	0.00639944	 	102.745	 	0.452357	 	127336095	 	8.70576	 	1.39505	 	
1190000	-1.23564	 	618.76	 	0.00696509	 	102.671	 	0.452144	 	128436738	 	8.70723	 	1.39457	 	
1200000	-1.23564	 	618.752	 	0.00780954	 	102.664	 	0.452151	 	129515780	 	8.703	 	1.39409	 	
1210000	-1.23569	 	618.806	 	0.00619446	 	102.699	 	0.452187	 	130586124	 	8.71246	 	1.3951	 	
1220000	-1.23553	 	618.651	 	0.00675048	 	102.606	 	0.451945	 	131692678	 	8.71016	 	1.39534	 	
1230000	-1.23562	 	618.749	 	0.00663374	 	102.68	 	0.452126	 	132755007	 	8.71377	 	1.39612	 	
1240000	-1.23563	 	618.749	 	0.00687148	 	102.685	 	0.452158	 	133833087	 	8.7108	 	1.39587	 	
1250000	-1.23565	 	618.778	 	0.00744665	 	102.723	 	0.452255	 	134906758	 	8.71207	 	1.39595	 	
1260000	-1.2355	 	618.624	 	0.00826661	 	102.615	 	0.451938	 	136015280	 	8.71501	 	1.39559	 	
1270000	-1.23551	 	618.626	 	0.00799336	 	102.6	 	0.451921	 	137094442	 	8.71101	 	1.39505	 	
1280000	-1.23546	 	618.583	 	0.00809559	 	102.555	 	0.451754	 	138183600	 	8.71767	 	1.39571	 	
1290000	-1.23549	 	618.609	 	0.00801519	 	102.561	 	0.451755	 	139260073	 	8.71992	 	1.39577	 	
1300000	-1.23556	 	618.687	 	0.00708683	 	102.625	 	0.451927	 	140323675	 	8.72092	 	1.3966	 	
1310000	-1.23556	 	618.686	 	0.00715412	 	102.633	 	0.451957	 	141403663	 	8.71977	 	1.39677	 	
1320000	-1.23566	 	618.786	 	0.00787911	 	102.722	 	0.452212	 	142463420	 	8.71841	 	1.39676	 	
1330000	-1.23569	 	618.82	 	0.00904331	 	102.742	 	0.45227	 	143532930	 	8.71796	 	1.39685	 	
1340000	-1.23577	 	618.897	 	0.0097753	 	102.807	 	0.45245	 	144597691	 	8.71791	 	1.39698	 	
1350000	-1.23573	 	618.864	 	0.0110801	 	102.79	 	0.452389	 	145684212	 	8.71994	 	1.39729	 	
1360000	-1.23567	 	618.795	 	0.0102455	 	102.725	 	0.452205	 	146774496	 	8.72066	 	1.39687	 	
1370000	-1.23555	 	618.677	 	0.0104074	 	102.621	 	0.451897	 	147879049	 	8.72367	 	1.39597	 	
1380000	-1.23551	 	618.639	 	0.0102812	 	102.612	 	0.45188	 	148966162	 	8.72238	 	1.39594	 	
1390000	-1.23549	 	618.614	 	0.00980209	 	102.564	 	0.451757	 	150052034	 	8.72097	 	1.39563	 	
1400000	-1.23548	 	618.604	 	0.00930135	 	102.577	 	0.451786	 	151133883	 	8.72193	 	1.39574	 	
1410000	-1.23542	 	618.54	 	0.00877909	 	102.539	 	0.451684	 	152225950	 	8.72147	 	1.39536	 	
1420000	-1.23535	 	618.47	 	0.00849004	 	102.507	 	0.451608	 	153318937	 	8.71978	 	1.39519	 	
1430000	-1.23528	 	618.399	 	0.00887859	 	102.441	 	0.451427	 	154414581	 	8.71931	 	1.39444	 	
1440000	-1.23523	 	618.352	 	0.00870709	 	102.394	 	0.451285	 	155506432	 	8.72113	 	1.39411	 	
1450000	-1.23517	 	618.28	 	0.0074863	 	102.333	 	0.451103	 	156598407	 	8.72321	 	1.39334	 	
1460000	-1.23519	 	618.302	 	0.00792647	 	102.343	 	0.451119	 	157674591	 	8.72494	 	1.39374	 	
1470000	-1.23515	 	618.268	 	0.00893161	 	102.328	 	0.451076	 	158762199	 	8.725	 	1.3936	 	
1480000	-1.2351	 	618.22	 	0.00927172	 	102.263	 	0.450837	 	159854308	 	8.73389	 	1.39393	 	
1490000	-1.23519	 	618.309	 	0.00906077	 	102.34	 	0.451025	 	160914377	 	8.73783	 	1.39444	 	
1500000	-1.23517	 	618.298	 	0.00915301	 	102.327	 	0.450923	 	161997848	 	8.74752	 	1.3954	 	
1510000	-1.23517	 	618.303	 	0.00918716	 	102.308	 	0.450851	 	163078719	 	8.75063	 	1.39591	 	
1520000	-1.23537	 	618.507	 	0.00875827	 	102.428	 	0.451118	 	164115096	 	8.76029	 	1.39773	 	
1530000	-1.23545	 	618.582	 	0.00802494	 	102.491	 	0.451312	 	165176685	 	8.7575	 	1.39764	 	
1540000	-1.23547	 	618.608	 	0.00786328	 	102.491	 	0.451296	 	166251008	 	8.75971	 	1.39785	 	
1550000	-1.23549	 	618.628	 	0.00844591	 	102.501	 	0.451292	 	167326978	 	8.76477	 	1.39809	 	
1560000	-1.2354	 	618.53	 	0.00885326	 	102.445	 	0.451146	 	168428960	 	8.76317	 	1.39725	 	
1570000	-1.23538	 	618.516	 	0.00736529	 	102.443	 	0.451161	 	169512121	 	8.76032	 	1.39712	 	
1580000	-1.23545	 	618.586	 	0.00743282	 	102.495	 	0.451279	 	170577458	 	8.76395	 	1.398	 	
1590000	-1.23546	 	618.591	 	0.00749755	 	102.508	 	0.451367	 	171654946	 	8.75632	 	1.39753	 	
1600000	-1.23563	 	618.77	 	0.00849521	 	102.65	 	0.451772	 	172693101	 	8.75468	 	1.39834	 	
1610000	-1.23563	 	618.768	 	0.00855284	 	102.678	 	0.451859	 	173772379	 	8.753	 	1.39833	 	
1620000	-1.2357	 	618.837	 	0.00920818	 	102.723	 	0.451985	 	174836567	 	8.75274	 	1.39891	 	
1630000	-1.23563	 	618.773	 	0.00840816	 	102.656	 	0.451743	 	175933864	 	8.76146	 	1.39881	 	
1640000	-1.23566	 	618.795	 	0.0079288	 	102.68	 	0.451829	 	177005779	 	8.75848	 	1.3984	 	
1650000	-1.2357	 	618.84	 	0.00806254	 	102.714	 	0.451908	 	178074680	 	8.76053	 	1.39889	 	
1660000	-1.23564	 	618.777	 	0.00672058	 	102.651	 	0.451708	 	179169200	 	8.76453	 	1.3987	 	
1670000	-1.23566	 	618.806	 	0.00788945	 	102.67	 	0.451744	 	180240691	 	8.76712	 	1.39934	 	
1680000	-1.23571	 	618.852	 	0.00785282	 	102.703	 	0.451869	 	181307416	 	8.76205	 	1.39903	 	
1690000	-1.23564	 	618.782	 	0.00798816	 	102.664	 	0.451755	 	182404303	 	8.76282	 	1.39931	 	
1700000	-1.23563	 	618.769	 	0.00706792	 	102.65	 	0.451729	 	183489341	 	8.76079	 	1.39925	 	
1710000	-1.23562	 	618.765	 	0.00574914	 	102.653	 	0.451716	 	184568987	 	8.76419	 	1.3995	 	
1720000	-1.23555	 	618.696	 	0.00602581	 	102.608	 	0.451606	 	185666472	 	8.76194	 	1.39932	 	
1730000	-1.23559	 	618.729	 	0.00604021	 	102.63	 	0.451664	 	186736162	 	8.76267	 	1.39929	 	
1740000	-1.23552	 	618.667	 	0.00598322	 	102.582	 	0.451522	 	187830483	 	8.76374	 	1.39895	 	
1750000	-1.23555	 	618.692	 	0.00591956	 	102.603	 	0.451597	 	188902965	 	8.76117	 	1.39875	 	
1760000	-1.23549	 	618.625	 	0.00625355	 	102.562	 	0.4515	 	190000332	 	8.75889	 	1.39838	 	
1770000	-1.23547	 	618.613	 	0.00717668	 	102.562	 	0.451487	 	191083814	 	8.76057	 	1.39846	 	
1780000	-1.23548	 	618.62	 	0.007915	 	102.571	 	0.451523	 	192162022	 	8.75922	 	1.39876	 	
1790000	-1.23554	 	618.683	 	0.00728406	 	102.617	 	0.451631	 	193224704	 	8.76193	 	1.3993	 	
1800000	-1.23562	 	618.77	 	0.00693523	 	102.685	 	0.451842	 	194282389	 	8.7585	 	1.39968	 	
1810000	-1.23582	 	618.964	 	0.0060199	 	102.834	 	0.452249	 	195307101	 	8.75935	 	1.40058	 	
1820000	-1.23571	 	618.857	 	0.00517294	 	102.74	 	0.451929	 	196415641	 	8.76821	 	1.4007	 	
1830000	-1.23572	 	618.866	 	0.00566646	 	102.754	 	0.451974	 	197492542	 	8.76752	 	1.40093	 	
1840000	-1.23582	 	618.971	 	0.00589626	 	102.828	 	0.452154	 	198541858	 	8.77094	 	1.40136	 	
1850000	-1.23588	 	619.03	 	0.00548787	 	102.861	 	0.452208	 	199603366	 	8.77673	 	1.40187	 	
1860000	-1.23586	 	619.012	 	0.00500996	 	102.844	 	0.452147	 	200686247	 	8.77874	 	1.40195	 	
1870000	-1.23589	 	619.047	 	0.00470933	 	102.877	 	0.452259	 	201753432	 	8.7756	 	1.40194	 	
1880000	-1.23591	 	619.061	 	0.00428694	 	102.896	 	0.452312	 	202827982	 	8.77574	 	1.40191	 	
1890000	-1.23591	 	619.058	 	0.00525881	 	102.889	 	0.452301	 	203906621	 	8.77432	 	1.40152	 	
1900000	-1.23589	 	619.041	 	0.00581337	 	102.881	 	0.452292	 	204990102	 	8.77256	 	1.40121	 	
1910000	-1.23591	 	619.066	 	0.00563653	 	102.895	 	0.452335	 	206063743	 	8.77174	 	1.40163	 	
1920000	-1.23596	 	619.117	 	0.00590285	 	102.947	 	0.452498	 	207129369	 	8.76864	 	1.40168	 	
1930000	-1.2359	 	619.053	 	0.00590908	 	102.884	 	0.452277	 	208228588	 	8.77578	 	1.40208	 	
1940000	-1.23588	 	619.032	 	0.00680598	 	102.861	 	0.452202	 	209316170	 	8.77783	 	1.40207	 	
1950000	-1.2359	 	619.055	 	0.00727089	 	102.864	 	0.452177	 	210389740	 	8.78276	 	1.40225	 	
1960000	-1.23596	 	619.118	 	0.00730636	 	102.915	 	0.452325	 	211449098	 	8.78179	 	1.40229	 	
1970000	-1.23597	 	619.131	 	0.00767166	 	102.948	 	0.452419	 	212525559	 	8.78095	 	1.40267	 	
1980000	-1.23598	 	619.138	 	0.00759662	 	102.943	 	0.452432	 	213599899	 	8.77712	 	1.40194	 	
1990000	-1.23597	 	619.121	 	0.00764164	 	102.928	 	0.45238	 	214683703	 	8.77869	 	1.40216	 	
2000000	-1.23603	 	619.19	 	0.00811338	 	102.984	 	0.452537	 	215743939	 	8.77834	 	1.40247	 	
2010000	-1.23606	 	619.219	 	0.00821923	 	103.001	 	0.452598	 	216814683	 	8.77633	 	1.40256	 	
2020000	-1.23604	 	619.198	 	0.00705267	 	102.983	 	0.452548	 	217899080	 	8.77623	 	1.40273	 	
2030000	-1.23609	 	619.247	 	0.00646128	 	103.011	 	0.452614	 	218961424	 	8.77802	 	1.40308	 	
2040000	-1.23618	 	619.342	 	0.00488313	 	103.1	 	0.452861	 	220011036	 	8.77802	 	1.40379	 	
2050000	-1.23633	 	619.493	 	0.00474179	 	103.224	 	0.453209	 	221043625	 	8.77709	 	1.40427	 	
2060000	-1.23629	 	619.458	 	0.00395111	 	103.203	 	0.453148	 	222133632	 	8.77725	 	1.4042	 	
2070000	-1.2363	 	619.462	 	0.00441491	 	103.2	 	0.453141	 	223211484	 	8.77735	 	1.4041	 	
2080000	-1.23627	 	619.428	 	0.00391475	 	103.183	 	0.453109	 	224301089	 	8.77483	 	1.40355	 	
2090000	-1.23632	 	619.485	 	0.00429076	 	103.229	 	0.453228	 	225361008	 	8.77601	 	1.40385	 	
2100000	-1.23633	 	619.491	 	0.00422667	 	103.234	 	0.453251	 	226437889	 	8.77485	 	1.4036	 	
2110000	-1.23636	 	619.526	 	0.00467045	 	103.261	 	0.453318	 	227504030	 	8.77581	 	1.40416	 	
2120000	-1.23636	 	619.524	 	0.00498644	 	103.252	 	0.453293	 	228584299	 	8.7758	 	1.40378	 	
2130000	-1.23642	 	619.583	 	0.00593112	 	103.302	 	0.453436	 	229644261	 	8.77522	 	1.40437	 	
2140000	-1.23647	 	619.635	 	0.00502204	 	103.35	 	0.453553	 	230705793	 	8.77745	 	1.40459	 	
2150000	-1.23635	 	619.517	 	0.00484528	 	103.264	 	0.453293	 	231822349	 	8.78072	 	1.40423	 	
2160000	-1.23639	 	619.56	 	0.00445623	 	103.3	 	0.453381	 	232887786	 	8.78253	 	1.40474	 	
2170000	-1.23636	 	619.529	 	0.00456401	 	103.264	 	0.453275	 	233978652	 	8.78354	 	1.40475	 	
2180000	-1.23638	 	619.551	 	0.00439189	 	103.282	 	0.453323	 	235050282	 	8.78402	 	1.40503	 	
2190000	-1.23638	 	619.547	 	0.00415735	 	103.302	 	0.453398	 	236128956	 	8.78111	 	1.40487	 	
2200000	-1.23634	 	619.505	 	0.00397363	 	103.264	 	0.453277	 	237222280	 	8.78315	 	1.4049	 	
2210000	-1.23633	 	619.5	 	0.00349399	 	103.264	 	0.453277	 	238302125	 	8.78324	 	1.40489	 	
2220000	-1.23632	 	619.483	 	0.00376764	 	103.255	 	0.453281	 	239384529	 	8.77884	 	1.40448	 	
2230000	-1.23636	 	619.523	 	0.00457081	 	103.281	 	0.453356	 	240449279	 	8.77862	 	1.40456	 	
2240000	-1.23634	 	619.505	 	0.00469497	 	103.263	 	0.453292	 	241535286	 	8.78075	 	1.40471	 	
2250000	-1.23627	 	619.436	 	0.00459153	 	103.213	 	0.453143	 	242637250	 	8.78234	 	1.4046	 	
2260000	-1.23627	 	619.43	 	0.00454803	 	103.202	 	0.45313	 	243718100	 	8.77988	 	1.40425	 	
2270000	-1.2363	 	619.466	 	0.00474168	 	103.237	 	0.453226	 	244784108	 	8.7799	 	1.4043	 	
2280000	-1.23626	 	619.419	 	0.00519983	 	103.208	 	0.453137	 	245877505	 	8.78128	 	1.4041	 	
2290000	-1.23624	 	619.401	 	0.00492518	 	103.197	 	0.453101	 	246962223	 	8.78216	 	1.4039	 	
2300000	-1.23627	 	619.428	 	0.00495426	 	103.218	 	0.453165	 	248031777	 	8.781	 	1.40381	 	
2310000	-1.23628	 	619.436	 	0.00433434	 	103.213	 	0.453138	 	249107598	 	8.78313	 	1.40368	 	
2320000	-1.23624	 	619.397	 	0.00425552	 	103.192	 	0.45308	 	250198646	 	8.78284	 	1.4035	 	
2330000	-1.23621	 	619.37	 	0.00467276	 	103.162	 	0.452986	 	251284958	 	8.78487	 	1.40339	 	
2340000	-1.23623	 	619.392	 	0.00427061	 	103.185	 	0.453061	 	252355427	 	8.78298	 	1.40337	 	
2350000	-1.23622	 	619.377	 	0.00420258	 	103.161	 	0.452996	 	253440192	 	8.78269	 	1.40356	 	
2360000	-1.23631	 	619.476	 	0.00426138	 	103.245	 	0.453228	 	254483261	 	8.78308	 	1.40402	 	
2370000	-1.23637	 	619.531	 	0.00352249	 	103.289	 	0.453361	 	255541380	 	8.78092	 	1.40426	 	
2380000	-1.23634	 	619.504	 	0.00387335	 	103.272	 	0.453303	 	256629557	 	8.78295	 	1.40469	 	
2390000	-1.23626	 	619.43	 	0.00417493	 	103.22	 	0.453146	 	257734379	 	8.78462	 	1.40449	 	
2400000	-1.2362	 	619.366	 	0.00426488	 	103.17	 	0.453021	 	258835854	 	8.78302	 	1.40417	 	
2410000	-1.23614	 	619.303	 	0.00426518	 	103.132	 	0.452924	 	259937682	 	8.78175	 	1.40417	 	
2420000	-1.23607	 	619.23	 	0.00400686	 	103.07	 	0.452743	 	261041640	 	8.78301	 	1.40399	 	
2430000	-1.23613	 	619.291	 	0.00562269	 	103.126	 	0.452913	 	262099454	 	8.78066	 	1.40397	 	
2440000	-1.23614	 	619.305	 	0.00528779	 	103.138	 	0.452918	 	263174532	 	8.78489	 	1.40422	 	
2450000	-1.23609	 	619.255	 	0.00525191	 	103.101	 	0.452801	 	264272495	 	8.78751	 	1.40402	 	
2460000	-1.23611	 	619.274	 	0.00510502	 	103.113	 	0.452834	 	265344762	 	8.78734	 	1.40422	 	
2470000	-1.23613	 	619.297	 	0.0053522	 	103.126	 	0.452873	 	266414109	 	8.7867	 	1.40401	 	
2480000	-1.23616	 	619.327	 	0.00490931	 	103.152	 	0.452937	 	267480695	 	8.78807	 	1.40427	 	
2490000	-1.23618	 	619.34	 	0.00481971	 	103.161	 	0.452973	 	268552357	 	8.78636	 	1.40403	 	
2500000	-1.23612	 	619.28	 	0.00435597	 	103.119	 	0.452863	 	269652049	 	8.78547	 	1.40351	 	
2510000	-1.23611	 	619.27	 	0.00438927	 	103.106	 	0.452809	 	270734946	 	8.78833	 	1.40356	 	
2520000	-1.23614	 	619.3	 	0.00470506	 	103.119	 	0.452854	 	271800695	 	8.78689	 	1.40312	 	
2530000	-1.23617	 	619.329	 	0.00487342	 	103.163	 	0.453007	 	272864967	 	8.78191	 	1.40272	 	
2540000	-1.23616	 	619.312	 	0.00544557	 	103.157	 	0.453005	 	273950197	 	8.77971	 	1.40275	 	
2550000	-1.23616	 	619.319	 	0.00474407	 	103.159	 	0.453019	 	275026078	 	8.77864	 	1.40259	 	
2560000	-1.23615	 	619.302	 	0.00423684	 	103.154	 	0.452989	 	276112077	 	8.78089	 	1.40283	 	
2570000	-1.2362	 	619.358	 	0.0041722	 	103.18	 	0.453048	 	277171480	 	8.78278	 	1.40325	 	
2580000	-1.23624	 	619.399	 	0.0041637	 	103.212	 	0.453138	 	278234904	 	8.78269	 	1.40313	 	
2590000	-1.23631	 	619.466	 	0.00370689	 	103.258	 	0.453269	 	279287298	 	8.78218	 	1.4034	 	
2600000	-1.23633	 	619.49	 	0.00414522	 	103.272	 	0.453312	 	280356886	 	8.78152	 	1.4035	 	
2610000	-1.23641	 	619.567	 	0.00389035	 	103.329	 	0.453471	 	281402579	 	8.78113	 	1.40353	 	
2620000	-1.23651	 	619.674	 	0.00388926	 	103.414	 	0.453706	 	282441561	 	8.78091	 	1.40406	 	
2630000	-1.23645	 	619.617	 	0.0042056	 	103.365	 	0.453544	 	283543417	 	8.78505	 	1.40435	 	
2640000	-1.23646	 	619.625	 	0.00342014	 	103.374	 	0.453577	 	284618009	 	8.78378	 	1.40421	 	
2650000	-1.23646	 	619.62	 	0.00336081	 	103.375	 	0.453596	 	285698126	 	8.78136	 	1.40422	 	
2660000	-1.2364	 	619.564	 	0.00335665	 	103.318	 	0.45341	 	286798642	 	8.78573	 	1.40413	 	
2670000	-1.23636	 	619.522	 	0.00338508	 	103.284	 	0.453303	 	287894821	 	8.78768	 	1.40418	 	
2680000	-1.23631	 	619.471	 	0.00373106	 	103.239	 	0.453159	 	288993752	 	8.79056	 	1.40434	 	
2690000	-1.23628	 	619.443	 	0.00291404	 	103.213	 	0.45308	 	290082921	 	8.79164	 	1.40419	 	
2700000	-1.2363	 	619.461	 	0.00211225	 	103.231	 	0.453123	 	291154371	 	8.79281	 	1.40426	 	
2710000	-1.23625	 	619.414	 	0.00207739	 	103.2	 	0.453044	 	292251000	 	8.7917	 	1.40387	 	
2720000	-1.2363	 	619.464	 	0.0017312	 	103.238	 	0.453157	 	293308973	 	8.79072	 	1.40398	 	
2730000	-1.23632	 	619.486	 	0.00236887	 	103.258	 	0.453214	 	294379563	 	8.79028	 	1.40431	 	
2740000	-1.23628	 	619.437	 	0.00215287	 	103.218	 	0.453108	 	295475870	 	8.78984	 	1.40384	 	
2750000	-1.23622	 	619.381	 	0.00196601	 	103.186	 	0.453023	 	296576817	 	8.78914	 	1.40368	 	
2760000	-1.23626	 	619.426	 	0.00184708	 	103.22	 	0.453095	 	297636908	 	8.79239	 	1.40423	 	
2770000	-1.23622	 	619.382	 	0.00175494	 	103.189	 	0.453015	 	298732245	 	8.79155	 	1.40386	 	
2780000	-1.23621	 	619.373	 	0.00157319	 	103.183	 	0.453011	 	299813933	 	8.78955	 	1.40364	 	
2790000	-1.23619	 	619.351	 	0.00208828	 	103.168	 	0.45298	 	300901667	 	8.78816	 	1.40355	 	
2800000	-1.23625	 	619.413	 	0.00190672	 	103.225	 	0.453146	 	301952314	 	8.78692	 	1.40364	 	
2810000	-1.23633	 	619.489	 	0.00245035	 	103.274	 	0.453298	 	302997536	 	8.78445	 	1.40366	 	
2820000	-1.23631	 	619.469	 	0.00280551	 	103.245	 	0.453206	 	304085615	 	8.78609	 	1.40359	 	
2830000	-1.23639	 	619.546	 	0.00250231	 	103.312	 	0.453384	 	305131341	 	8.78697	 	1.40394	 	
2840000	-1.23633	 	619.495	 	0.00278557	 	103.273	 	0.453271	 	306231579	 	8.78797	 	1.40402	 	
2850000	-1.2363	 	619.463	 	0.00273879	 	103.251	 	0.453208	 	307321817	 	8.78838	 	1.40368	 	
2860000	-1.23627	 	619.426	 	0.00273372	 	103.227	 	0.45314	 	308415631	 	8.78843	 	1.40343	 	
2870000	-1.2363	 	619.455	 	0.00353048	 	103.236	 	0.453168	 	309482284	 	8.78806	 	1.40347	 	
2880000	-1.23626	 	619.421	 	0.00310887	 	103.207	 	0.453095	 	310572590	 	8.78691	 	1.40303	 	
2890000	-1.23627	 	619.429	 	0.00272707	 	103.211	 	0.453106	 	311647740	 	8.78716	 	1.40303	 	
2900000	-1.2363	 	619.459	 	0.00334806	 	103.235	 	0.453178	 	312712440	 	8.78606	 	1.40326	 	
2910000	-1.23623	 	619.394	 	0.004201	 	103.183	 	0.453017	 	313822000	 	8.78902	 	1.40339	 	
2920000	-1.23629	 	619.446	 	0.00482738	 	103.227	 	0.453146	 	314876723	 	8.78789	 	1.40344	 	
2930000	-1.23627	 	619.426	 	0.00503783	 	103.21	 	0.453104	 	315965693	 	8.78698	 	1.40346	 	
2940000	-1.23628	 	619.444	 	0.0055852	 	103.209	 	0.453086	 	317037355	 	8.78925	 	1.40385	 	
2950000	-1.23634	 	619.498	 	0.00619966	 	103.244	 	0.453189	 	318091829	 	8.7883	 	1.40394	 	
2960000	-1.23627	 	619.434	 	0.00596816	 	103.199	 	0.453057	 	319196735	 	8.78958	 	1.40367	 	
2970000	-1.23628	 	619.441	 	0.00538241	 	103.202	 	0.453058	 	320271443	 	8.79044	 	1.40362	 	
2980000	-1.2363	 	619.461	 	0.00581606	 	103.214	 	0.453101	 	321340452	 	8.78889	 	1.40348	 	
2990000	-1.23625	 	619.406	 	0.00654166	 	103.175	 	0.452973	 	322444646	 	8.79213	 	1.40346	 	
3000000	-1.23618	 	619.335	 	0.00636877	 	103.118	 	0.452784	 	323554499	 	8.79684	 	1.40335	 	
3010000	-1.23614	 	619.3	 	0.00655172	 	103.092	 	0.452726	 	324648821	 	8.79491	 	1.40326	 	
3020000	-1.23609	 	619.253	 	0.00660607	 	103.056	 	0.452626	 	325748349	 	8.79506	 	1.40326	 	
3030000	-1.2361	 	619.257	 	0.00692515	 	103.058	 	0.452634	 	326825728	 	8.7944	 	1.40345	 	
3040000	-1.23604	 	619.203	 	0.00643383	 	103.025	 	0.452536	 	327931334	 	8.79573	 	1.40345	 	
3050000	-1.23605	 	619.213	 	0.00665804	 	103.03	 	0.452542	 	329003527	 	8.79657	 	1.40336	 	
3060000	-1.23603	 	619.186	 	0.00647261	 	103.021	 	0.452524	 	330093529	 	8.79563	 	1.40321	 	
3070000	-1.23609	 	619.248	 	0.00635955	 	103.066	 	0.452655	 	331142683	 	8.7946	 	1.4032	 	
3080000	-1.23618	 	619.342	 	0.00731443	 	103.137	 	0.452861	 	332179635	 	8.79343	 	1.4038	 	
3090000	-1.23618	 	619.339	 	0.00729638	 	103.133	 	0.452852	 	333259277	 	8.79295	 	1.40385	 	
3100000	-1.23621	 	619.372	 	0.00731541	 	103.155	 	0.452927	 	334321420	 	8.79083	 	1.40377	 	
3110000	-1.23626	 	619.423	 	0.00680458	 	103.195	 	0.453047	 	335375317	 	8.78925	 	1.40408	 	
3120000	-1.23618	 	619.347	 	0.00759399	 	103.146	 	0.452912	 	336488022	 	8.78946	 	1.40392	 	
3130000	-1.23624	 	619.404	 	0.00762013	 	103.188	 	0.453041	 	337538467	 	8.78725	 	1.40399	 	
3140000	-1.23622	 	619.38	 	0.00763394	 	103.167	 	0.452972	 	338628863	 	8.78924	 	1.40417	 	
3150000	-1.23625	 	619.413	 	0.00723866	 	103.187	 	0.453029	 	339690745	 	8.7888	 	1.40428	 	
3160000	-1.23621	 	619.375	 	0.00725909	 	103.17	 	0.453011	 	340785273	 	8.78451	 	1.4038	 	
3170000	-1.2362	 	619.367	 	0.00723674	 	103.155	 	0.452957	 	341867753	 	8.78608	 	1.40393	 	
3180000	-1.23614	 	619.304	 	0.0071215	 	103.103	 	0.452795	 	342976734	 	8.7891	 	1.40383	 	
3190000	-1.2362	 	619.357	 	0.00591293	 	103.147	 	0.452946	 	344030216	 	8.78474	 	1.40361	 	
3200000	-1.23617	 	619.331	 	0.00554108	 	103.12	 	0.452875	 	345122064	 	8.78397	 	1.40364	 	
3210000	-1.23615	 	619.312	 	0.00617269	 	103.111	 	0.452846	 	346209043	 	8.78454	 	1.40364	 	
3220000	-1.23616	 	619.324	 	0.00624195	 	103.11	 	0.452818	 	347282033	 	8.78846	 	1.40396	 	
3230000	-1.23622	 	619.389	 	0.00652913	 	103.149	 	0.452921	 	348329669	 	8.78941	 	1.40426	 	
3240000	-1.23625	 	619.416	 	0.00661153	 	103.164	 	0.452962	 	349394948	 	8.78921	 	1.40426	 	
3250000	-1.23625	 	619.417	 	0.00641084	 	103.161	 	0.452955	 	350472961	 	8.78892	 	1.40406	 	
3260000	-1.23624	 	619.401	 	0.00672608	 	103.151	 	0.452934	 	351559044	 	8.78814	 	1.40391	 	
3270000	-1.23627	 	619.436	 	0.00694203	 	103.182	 	0.453015	 	352620414	 	8.78868	 	1.40422	 	
3280000	-1.23624	 	619.404	 	0.00699469	 	103.153	 	0.452921	 	353715258	 	8.79087	 	1.40404	 	
3290000	-1.23621	 	619.37	 	0.00753016	 	103.123	 	0.452822	 	354810789	 	8.79348	 	1.40403	 	
3300000	-1.23613	 	619.297	 	0.00771685	 	103.066	 	0.452653	 	355925356	 	8.79491	 	1.40383	 	
3310000	-1.23613	 	619.287	 	0.00770203	 	103.063	 	0.452662	 	357006465	 	8.79228	 	1.4035	 	
3320000	-1.23618	 	619.338	 	0.00788161	 	103.105	 	0.45278	 	358061103	 	8.792	 	1.40371	 	
3330000	-1.23616	 	619.325	 	0.00719719	 	103.091	 	0.452758	 	359145174	 	8.7897	 	1.40339	 	
3340000	-1.23618	 	619.34	 	0.00680424	 	103.106	 	0.452811	 	360214446	 	8.78774	 	1.40312	 	
3350000	-1.23619	 	619.354	 	0.00706575	 	103.108	 	0.452797	 	361286166	 	8.7909	 	1.40364	 	
3360000	-1.23621	 	619.376	 	0.00663509	 	103.132	 	0.452861	 	362354541	 	8.79098	 	1.40405	 	
3370000	-1.23621	 	619.379	 	0.00662339	 	103.123	 	0.45282	 	363432240	 	8.79375	 	1.40418	 	
3380000	-1.23621	 	619.376	 	0.00639485	 	103.117	 	0.452801	 	364511032	 	8.79375	 	1.40417	 	
3390000	-1.23622	 	619.381	 	0.00631387	 	103.125	 	0.452833	 	365586369	 	8.79261	 	1.40403	 	
3400000	-1.23622	 	619.382	 	0.00621629	 	103.12	 	0.452796	 	366664321	 	8.79584	 	1.40412	 	
3410000	-1.23624	 	619.398	 	0.00645272	 	103.128	 	0.452819	 	367732104	 	8.79582	 	1.40406	 	
3420000	-1.23623	 	619.388	 	0.00644653	 	103.123	 	0.45281	 	368814278	 	8.79513	 	1.4039	 	
3430000	-1.23629	 	619.45	 	0.00587942	 	103.169	 	0.452945	 	369860710	 	8.79412	 	1.40398	 	
3440000	-1.23627	 	619.435	 	0.00548434	 	103.173	 	0.452959	 	370945733	 	8.79349	 	1.40396	 	
3450000	-1.23634	 	619.499	 	0.0059089	 	103.224	 	0.453101	 	371993850	 	8.79333	 	1.4043	 	
3460000	-1.23635	 	619.51	 	0.00591355	 	103.232	 	0.453113	 	373065102	 	8.79484	 	1.40438	 	
3470000	-1.23633	 	619.496	 	0.00568725	 	103.218	 	0.453067	 	374152100	 	8.79602	 	1.40443	 	
3480000	-1.23631	 	619.471	 	0.00588009	 	103.195	 	0.452994	 	375242509	 	8.79711	 	1.40437	 	
3490000	-1.23631	 	619.479	 	0.00551682	 	103.192	 	0.452983	 	376318500	 	8.79775	 	1.40444	 	
3500000	-1.23637	 	619.53	 	0.00552216	 	103.228	 	0.453094	 	377370725	 	8.7959	 	1.40444	 	
3510000	-1.23638	 	619.547	 	0.00545295	 	103.238	 	0.453131	 	378440275	 	8.79442	 	1.40424	 	
3520000	-1.2364	 	619.567	 	0.00472407	 	103.26	 	0.45319	 	379509130	 	8.795	 	1.40456	 	
3530000	-1.23643	 	619.593	 	0.00464063	 	103.277	 	0.453228	 	380573769	 	8.79595	 	1.40471	 	
3540000	-1.2364	 	619.56	 	0.00500992	 	103.253	 	0.453169	 	381668841	 	8.79526	 	1.4046	 	
3550000	-1.23641	 	619.578	 	0.00475973	 	103.272	 	0.45322	 	382737001	 	8.79502	 	1.40452	 	
3560000	-1.23646	 	619.619	 	0.00444289	 	103.294	 	0.453273	 	383793516	 	8.79653	 	1.40461	 	
3570000	-1.23644	 	619.6	 	0.00393662	 	103.276	 	0.453217	 	384881406	 	8.7972	 	1.40451	 	
3580000	-1.23644	 	619.599	 	0.00377917	 	103.277	 	0.453221	 	385959973	 	8.79728	 	1.40454	 	
3590000	-1.23645	 	619.617	 	0.00426535	 	103.285	 	0.453237	 	387030647	 	8.79806	 	1.40463	 	
3600000	-1.23643	 	619.598	 	0.00418984	 	103.264	 	0.453175	 	388118078	 	8.79882	 	1.40469	 	
3610000	-1.23644	 	619.604	 	0.00431022	 	103.262	 	0.453159	 	389192667	 	8.80045	 	1.40483	 	
3620000	-1.23652	 	619.687	 	0.00390332	 	103.33	 	0.453361	 	390226650	 	8.79825	 	1.40485	 	
3630000	-1.23652	 	619.681	 	0.00334146	 	103.326	 	0.453349	 	391307264	 	8.79817	 	1.40473	 	
3640000	-1.23654	 	619.706	 	0.00333505	 	103.341	 	0.453379	 	392372252	 	8.80001	 	1.4051	 	
3650000	-1.23655	 	619.719	 	0.00342825	 	103.347	 	0.453393	 	393443876	 	8.80048	 	1.4053	 	
3660000	-1.23653	 	619.699	 	0.00313297	 	103.327	 	0.453328	 	394532920	 	8.8019	 	1.40547	 	
3670000	-1.23649	 	619.656	 	0.00331198	 	103.293	 	0.453228	 	395633216	 	8.80283	 	1.40536	 	
3680000	-1.2365	 	619.666	 	0.00349782	 	103.291	 	0.4532	 	396707769	 	8.80636	 	1.40566	 	
3690000	-1.23652	 	619.694	 	0.0031069	 	103.308	 	0.453252	 	397771290	 	8.80559	 	1.40577	 	
3700000	-1.23654	 	619.708	 	0.003307	 	103.32	 	0.453286	 	398840261	 	8.80532	 	1.40566	 	
3710000	-1.23658	 	619.745	 	0.00346548	 	103.355	 	0.453386	 	399898864	 	8.80471	 	1.4058	 	
3720000	-1.23658	 	619.753	 	0.00414686	 	103.361	 	0.453399	 	400973200	 	8.80547	 	1.40597	 	
3730000	-1.23661	 	619.78	 	0.00415737	 	103.38	 	0.453446	 	402035187	 	8.80609	 	1.40605	 	
3740000	-1.23663	 	619.801	 	0.00372641	 	103.404	 	0.45351	 	403100581	 	8.80631	 	1.40617	 	
3750000	-1.23661	 	619.775	 	0.00328785	 	103.38	 	0.453444	 	404191937	 	8.80632	 	1.40597	 	
3760000	-1.23658	 	619.754	 	0.00329366	 	103.362	 	0.453391	 	405282981	 	8.80714	 	1.40591	 	
3770000	-1.23656	 	619.732	 	0.00316404	 	103.345	 	0.453331	 	406375595	 	8.80896	 	1.40588	 	
3780000	-1.23656	 	619.732	 	0.00295173	 	103.345	 	0.453332	 	407452749	 	8.80878	 	1.40574	 	
3790000	-1.23654	 	619.705	 	0.00299481	 	103.331	 	0.453296	 	408546312	 	8.80842	 	1.40555	 	
3800000	-1.23653	 	619.694	 	0.00316181	 	103.322	 	0.453264	 	409629517	 	8.80939	 	1.40536	 	
3810000	-1.23652	 	619.692	 	0.00321035	 	103.328	 	0.453284	 	410707267	 	8.8088	 	1.4054	 	
3820000	-1.23655	 	619.715	 	0.00367145	 	103.353	 	0.453363	 	411772247	 	8.8075	 	1.40551	 	
3830000	-1.23657	 	619.731	 	0.00434233	 	103.367	 	0.453419	 	412838575	 	8.80493	 	1.40512	 	
3840000	-1.23657	 	619.733	 	0.00402195	 	103.366	 	0.453412	 	413916349	 	8.80531	 	1.40518	 	
3850000	-1.23655	 	619.717	 	0.00385715	 	103.356	 	0.45338	 	415004170	 	8.80603	 	1.40538	 	
3860000	-1.23655	 	619.714	 	0.00409615	 	103.353	 	0.453375	 	416083925	 	8.80545	 	1.40535	 	
3870000	-1.23652	 	619.682	 	0.00423348	 	103.334	 	0.453319	 	417179361	 	8.80599	 	1.40528	 	
3880000	-1.23651	 	619.677	 	0.00435466	 	103.329	 	0.453308	 	418261316	 	8.80586	 	1.40515	 	
3890000	-1.23654	 	619.705	 	0.00469047	 	103.357	 	0.453394	 	419323525	 	8.8045	 	1.40532	 	
3900000	-1.23652	 	619.689	 	0.00512148	 	103.345	 	0.453368	 	420410789	 	8.80347	 	1.40514	 	
3910000	-1.23651	 	619.673	 	0.00491678	 	103.333	 	0.453324	 	421498071	 	8.80518	 	1.40515	 	
3920000	-1.23653	 	619.698	 	0.00411495	 	103.346	 	0.453357	 	422561735	 	8.80551	 	1.40518	 	
3930000	-1.23653	 	619.701	 	0.0044014	 	103.354	 	0.453384	 	423636911	 	8.80441	 	1.40508	 	
3940000	-1.23655	 	619.712	 	0.004284	 	103.36	 	0.453415	 	424707536	 	8.80247	 	1.40494	 	
3950000	-1.23653	 	619.691	 	0.00407964	 	103.339	 	0.453355	 	425797712	 	8.80276	 	1.40484	 	
3960000	-1.23651	 	619.673	 	0.00423792	 	103.316	 	0.453295	 	426885706	 	8.80226	 	1.40468	 	
3970000	-1.23652	 	619.682	 	0.00384572	 	103.322	 	0.453311	 	427959165	 	8.80226	 	1.4047	 	
3980000	-1.23651	 	619.674	 	0.0036855	 	103.317	 	0.453294	 	429042198	 	8.80275	 	1.40469	 	
3990000	-1.23651	 	619.673	 	0.00392162	 	103.324	 	0.453324	 	430117468	 	8.80109	 	1.40444	 	
4000000	-1.2365	 	619.666	 	0.00374414	 	103.313	 	0.45328	 	431201252	 	8.8031	 	1.40463	 	
4010000	-1.23647	 	619.635	 	0.00388416	 	103.292	 	0.453222	 	432298382	 	8.80335	 	1.40438	 	
4020000	-1.23651	 	619.671	 	0.0039934	 	103.319	 	0.453299	 	433354322	 	8.80298	 	1.40442	 	
4030000	-1.23646	 	619.624	 	0.00402969	 	103.282	 	0.453188	 	434462207	 	8.80438	 	1.40429	 	
4040000	-1.23647	 	619.631	 	0.00397383	 	103.288	 	0.453209	 	435537525	 	8.80369	 	1.40422	 	
4050000	-1.23645	 	619.613	 	0.00353905	 	103.281	 	0.453193	 	436626425	 	8.80321	 	1.40408	 	
4060000	-1.23642	 	619.58	 	0.00343379	 	103.259	 	0.453146	 	437723029	 	8.80096	 	1.40378	 	
4070000	-1.23638	 	619.544	 	0.0033239	 	103.226	 	0.453043	 	438821284	 	8.80281	 	1.40374	 	
4080000	-1.23633	 	619.488	 	0.00344363	 	103.194	 	0.452967	 	439932889	 	8.80105	 	1.40345	 	
4090000	-1.23633	 	619.489	 	0.00331894	 	103.199	 	0.452983	 	441008996	 	8.80079	 	1.40332	 	
4100000	-1.23632	 	619.474	 	0.00361459	 	103.19	 	0.452958	 	442097274	 	8.80074	 	1.40334	 	
4110000	-1.23629	 	619.451	 	0.0033254	 	103.172	 	0.452918	 	443189121	 	8.79923	 	1.40307	 	
4120000	-1.2363	 	619.453	 	0.00337983	 	103.175	 	0.452916	 	444267660	 	8.80059	 	1.40314	 	
4130000	-1.23629	 	619.45	 	0.00327865	 	103.166	 	0.452894	 	445346538	 	8.80009	 	1.40292	 	
4140000	-1.23626	 	619.417	 	0.00352933	 	103.135	 	0.452791	 	446445074	 	8.80287	 	1.40289	 	
4150000	-1.23627	 	619.424	 	0.00356445	 	103.146	 	0.452832	 	447520727	 	8.80134	 	1.40297	 	
4160000	-1.23626	 	619.421	 	0.00367282	 	103.144	 	0.452834	 	448603050	 	8.80035	 	1.40302	 	
4170000	-1.23624	 	619.394	 	0.00333748	 	103.129	 	0.452786	 	449698190	 	8.80103	 	1.40313	 	
4180000	-1.23622	 	619.375	 	0.00358187	 	103.118	 	0.452756	 	450787608	 	8.80118	 	1.40307	 	
4190000	-1.23623	 	619.384	 	0.00324634	 	103.124	 	0.452762	 	451859107	 	8.80276	 	1.40313	 	
4200000	-1.23619	 	619.343	 	0.00296983	 	103.102	 	0.452717	 	452962375	 	8.80055	 	1.40277	 	
4210000	-1.23617	 	619.326	 	0.00320479	 	103.089	 	0.452682	 	454051510	 	8.80033	 	1.40278	 	
4220000	-1.23616	 	619.315	 	0.0031702	 	103.077	 	0.452653	 	455136544	 	8.79955	 	1.40262	 	
4230000	-1.23614	 	619.298	 	0.00309876	 	103.067	 	0.452624	 	456227046	 	8.79978	 	1.40247	 	
4240000	-1.23613	 	619.286	 	0.00287198	 	103.055	 	0.452597	 	457310646	 	8.79903	 	1.40229	 	
4250000	-1.23612	 	619.278	 	0.00265567	 	103.052	 	0.452592	 	458394707	 	8.79855	 	1.40219	 	
4260000	-1.23616	 	619.316	 	0.0028114	 	103.072	 	0.452636	 	459447111	 	8.79994	 	1.40232	 	
4270000	-1.23617	 	619.32	 	0.00241969	 	103.072	 	0.452631	 	460524892	 	8.80078	 	1.40247	 	
4280000	-1.23611	 	619.266	 	0.00212768	 	103.032	 	0.452517	 	461638960	 	8.80148	 	1.4024	 	
4290000	-1.23614	 	619.291	 	0.00206102	 	103.051	 	0.45256	 	462703279	 	8.80273	 	1.40258	 	
4300000	-1.23614	 	619.3	 	0.00208872	 	103.058	 	0.45259	 	463775011	 	8.80114	 	1.40247	 	
4310000	-1.23615	 	619.31	 	0.00203704	 	103.068	 	0.45262	 	464847867	 	8.80084	 	1.40261	 	
4320000	-1.23618	 	619.332	 	0.00236703	 	103.087	 	0.452683	 	465912624	 	8.79936	 	1.40262	 	
4330000	-1.23619	 	619.344	 	0.00251564	 	103.097	 	0.452709	 	466983202	 	8.79937	 	1.40264	 	
4340000	-1.23619	 	619.343	 	0.00243577	 	103.098	 	0.452712	 	468062154	 	8.79955	 	1.40259	 	
4350000	-1.23615	 	619.304	 	0.0023559	 	103.061	 	0.452601	 	469165377	 	8.80087	 	1.40247	 	
4360000	-1.23613	 	619.288	 	0.00234907	 	103.05	 	0.452579	 	470255958	 	8.79965	 	1.40238	 	
4370000	-1.23612	 	619.278	 	0.00220455	 	103.038	 	0.452544	 	471340519	 	8.79978	 	1.40237	 	
4380000	-1.23613	 	619.288	 	0.00197512	 	103.046	 	0.452556	 	472412767	 	8.80121	 	1.40246	 	
4390000	-1.23611	 	619.269	 	0.00249566	 	103.028	 	0.452508	 	473504142	 	8.80121	 	1.40232	 	
4400000	-1.23614	 	619.294	 	0.00243109	 	103.048	 	0.452566	 	474566808	 	8.80066	 	1.40244	 	
4410000	-1.23612	 	619.277	 	0.00242181	 	103.028	 	0.452497	 	475656239	 	8.80277	 	1.40248	 	
4420000	-1.23609	 	619.248	 	0.00227906	 	103.004	 	0.452432	 	476755530	 	8.80247	 	1.40226	 	
4430000	-1.23604	 	619.188	 	0.00210004	 	102.956	 	0.452302	 	477873138	 	8.80218	 	1.40192	 	
4440000	-1.23605	 	619.206	 	0.00246461	 	102.973	 	0.452355	 	478941310	 	8.80128	 	1.40198	 	
4450000	-1.23604	 	619.192	 	0.00240802	 	102.968	 	0.452345	 	480026790	 	8.80078	 	1.40191	 	
4460000	-1.23601	 	619.163	 	0.00269512	 	102.953	 	0.452306	 	481125036	 	8.80013	 	1.40177	 	
4470000	-1.23602	 	619.174	 	0.00308069	 	102.959	 	0.45233	 	482195339	 	8.79908	 	1.40174	 	
4480000	-1.236	 	619.155	 	0.00291155	 	102.95	 	0.452305	 	483287055	 	8.79934	 	1.40171	 	
4490000	-1.23597	 	619.12	 	0.00302168	 	102.927	 	0.452244	 	484391272	 	8.79884	 	1.40162	 	
4500000	-1.23599	 	619.141	 	0.00335476	 	102.938	 	0.452268	 	485457885	 	8.79994	 	1.40168	 	
4510000	-1.23601	 	619.161	 	0.00393485	 	102.953	 	0.452301	 	486523486	 	8.80102	 	1.40189	 	
4520000	-1.23602	 	619.176	 	0.00397981	 	102.973	 	0.452361	 	487592592	 	8.80056	 	1.40188	 	
4530000	-1.23605	 	619.205	 	0.00418224	 	102.997	 	0.452425	 	488651987	 	8.80076	 	1.40211	 	
4540000	-1.23604	 	619.193	 	0.00456258	 	102.992	 	0.45241	 	489737825	 	8.80087	 	1.40199	 	
4550000	-1.23607	 	619.222	 	0.00480432	 	103.021	 	0.452501	 	490798053	 	8.79934	 	1.40206	 	
4560000	-1.23603	 	619.188	 	0.00472742	 	102.994	 	0.452414	 	491901066	 	8.8011	 	1.40203	 	
4570000	-1.23602	 	619.175	 	0.00456635	 	102.989	 	0.452405	 	492989140	 	8.80024	 	1.40195	 	
4580000	-1.23606	 	619.212	 	0.00486159	 	103.015	 	0.452475	 	494042838	 	8.80086	 	1.40207	 	
4590000	-1.23608	 	619.23	 	0.00463785	 	103.035	 	0.452537	 	495109692	 	8.79953	 	1.402	 	
4600000	-1.23607	 	619.218	 	0.00473102	 	103.023	 	0.452507	 	496196067	 	8.79923	 	1.40191	 	
4610000	-1.23607	 	619.224	 	0.00467352	 	103.033	 	0.452533	 	497268967	 	8.79938	 	1.4019	 	
4620000	-1.23605	 	619.203	 	0.00469331	 	103.023	 	0.452508	 	498363049	 	8.79891	 	1.40179	 	
4630000	-1.23602	 	619.171	 	0.00431771	 	102.991	 	0.452403	 	499464609	 	8.80132	 	1.40174	 	
4640000	-1.23599	 	619.143	 	0.00450113	 	102.961	 	0.452308	 	500563136	 	8.80344	 	1.40183	 	
4650000	-1.236	 	619.154	 	0.00415259	 	102.964	 	0.452307	 	501633495	 	8.80453	 	1.40189	 	
4660000	-1.23599	 	619.14	 	0.00423389	 	102.951	 	0.452276	 	502721711	 	8.80384	 	1.40178	 	
4670000	-1.23599	 	619.142	 	0.00404798	 	102.962	 	0.45232	 	503796939	 	8.80201	 	1.40175	 	
4680000	-1.23599	 	619.147	 	0.00377834	 	102.964	 	0.452319	 	504871137	 	8.80294	 	1.40182	 	
4690000	-1.23601	 	619.168	 	0.00410094	 	102.983	 	0.45237	 	505937390	 	8.80331	 	1.40194	 	
4700000	-1.23603	 	619.186	 	0.00412987	 	102.993	 	0.452399	 	507004126	 	8.80307	 	1.402	 	
4710000	-1.23605	 	619.208	 	0.00400328	 	103.006	 	0.452424	 	508068750	 	8.80436	 	1.40217	 	
4720000	-1.23607	 	619.222	 	0.00383855	 	103.025	 	0.452477	 	509137245	 	8.80454	 	1.40232	 	
4730000	-1.2361	 	619.259	 	0.00390224	 	103.052	 	0.452559	 	510190658	 	8.80358	 	1.40231	 	
4740000	-1.23607	 	619.227	 	0.00418439	 	103.035	 	0.452508	 	511292347	 	8.80382	 	1.4023	 	
4750000	-1.23608	 	619.234	 	0.00420158	 	103.041	 	0.452525	 	512366661	 	8.8039	 	1.40236	 	
4760000	-1.23608	 	619.236	 	0.00428272	 	103.045	 	0.452542	 	513443740	 	8.80306	 	1.40235	 	
4770000	-1.23611	 	619.261	 	0.00445684	 	103.062	 	0.452592	 	514503715	 	8.80257	 	1.40246	 	
4780000	-1.23608	 	619.241	 	0.00449969	 	103.047	 	0.452547	 	515598130	 	8.80322	 	1.40257	 	
4790000	-1.23609	 	619.25	 	0.00468951	 	103.063	 	0.452597	 	516667629	 	8.80202	 	1.40258	 	
4800000	-1.23611	 	619.271	 	0.00467648	 	103.077	 	0.452639	 	517732980	 	8.80179	 	1.40265	 	
4810000	-1.23616	 	619.316	 	0.00500608	 	103.115	 	0.452744	 	518776856	 	8.8019	 	1.4028	 	
4820000	-1.23616	 	619.316	 	0.00509526	 	103.114	 	0.452734	 	519857246	 	8.80279	 	1.40285	 	
4830000	-1.23617	 	619.332	 	0.00471163	 	103.125	 	0.452768	 	520923065	 	8.80221	 	1.40291	 	
4840000	-1.23613	 	619.285	 	0.00454107	 	103.09	 	0.452669	 	522035178	 	8.80273	 	1.40265	 	
4850000	-1.23613	 	619.285	 	0.0040105	 	103.095	 	0.452682	 	523115774	 	8.8028	 	1.40273	 	
4860000	-1.23609	 	619.249	 	0.00410082	 	103.067	 	0.452597	 	524217778	 	8.8038	 	1.40254	 	
4870000	-1.23613	 	619.285	 	0.00459698	 	103.093	 	0.452674	 	525272465	 	8.80288	 	1.40266	 	
4880000	-1.23614	 	619.296	 	0.00476115	 	103.103	 	0.45271	 	526344768	 	8.8017	 	1.4027	 	
4890000	-1.23613	 	619.287	 	0.00472325	 	103.092	 	0.452678	 	527429077	 	8.80228	 	1.40265	 	
4900000	-1.23607	 	619.223	 	0.00482071	 	103.04	 	0.452521	 	528555536	 	8.80387	 	1.40252	 	
4910000	-1.23604	 	619.199	 	0.00474117	 	103.022	 	0.452469	 	529650796	 	8.80447	 	1.40252	 	
4920000	-1.23607	 	619.222	 	0.00518317	 	103.044	 	0.452539	 	530711781	 	8.80312	 	1.40265	 	
4930000	-1.23606	 	619.218	 	0.00488028	 	103.04	 	0.452541	 	531792334	 	8.80092	 	1.40249	 	
4940000	-1.23605	 	619.21	 	0.00488934	 	103.036	 	0.452533	 	532877987	 	8.80089	 	1.40254	 	
4950000	-1.23605	 	619.209	 	0.00500426	 	103.035	 	0.452533	 	533958394	 	8.80027	 	1.40242	 	
4960000	-1.23608	 	619.237	 	0.00452181	 	103.058	 	0.452605	 	535017076	 	8.79913	 	1.40238	 	
4970000	-1.2361	 	619.252	 	0.00432777	 	103.067	 	0.452635	 	536084958	 	8.79838	 	1.40234	 	
4980000	-1.23605	 	619.209	 	0.00423776	 	103.029	 	0.452517	 	537195056	 	8.80031	 	1.40214	 	
4990000	-1.23606	 	619.213	 	0.00378145	 	103.037	 	0.452546	 	538270470	 	8.79924	 	1.4021	 	
5000000	-1.23607	 	619.219	 	0.00382974	 	103.045	 	0.452566	 	539344201	 	8.79957	 	1.40207	 	
5010000	-1.2361	 	619.251	 	0.00386781	 	103.062	 	0.452604	 	540398666	 	8.80077	 	1.40224	 	
5020000	-1.23608	 	619.239	 	0.00383885	 	103.054	 	0.452585	 	541487206	 	8.80028	 	1.40219	 	
5030000	-1.2361	 	619.257	 	0.00418519	 	103.071	 	0.452641	 	542552765	 	8.7987	 	1.40212	 	
5040000	-1.23614	 	619.292	 	0.00443872	 	103.095	 	0.4527	 	543606938	 	8.80029	 	1.40255	 	
5050000	-1.23612	 	619.272	 	0.0039775	 	103.082	 	0.452659	 	544701973	 	8.80067	 	1.40268	 	
5060000	-1.23611	 	619.264	 	0.00419755	 	103.078	 	0.452641	 	545788263	 	8.80179	 	1.40277	 	
5070000	-1.23614	 	619.296	 	0.00444216	 	103.104	 	0.452718	 	546841418	 	8.80095	 	1.40296	 	
5080000	-1.23614	 	619.3	 	0.00467075	 	103.107	 	0.452722	 	547919822	 	8.80159	 	1.4032	 	
5090000	-1.23614	 	619.297	 	0.00461763	 	103.106	 	0.452729	 	549001438	 	8.80024	 	1.40325	 	
5100000	-1.23615	 	619.314	 	0.00472844	 	103.116	 	0.45276	 	550067832	 	8.79957	 	1.4032	 	
5110000	-1.23619	 	619.345	 	0.00479343	 	103.14	 	0.452828	 	551122650	 	8.79968	 	1.40328	 	
5120000	-1.2362	 	619.356	 	0.00481956	 	103.146	 	0.45284	 	552193009	 	8.80019	 	1.40345	 	
5130000	-1.2362	 	619.36	 	0.00464225	 	103.151	 	0.452854	 	553267782	 	8.79998	 	1.40348	 	
5140000	-1.23619	 	619.346	 	0.00435216	 	103.14	 	0.452819	 	554358057	 	8.8007	 	1.40359	 	
5150000	-1.23616	 	619.323	 	0.00435517	 	103.124	 	0.45277	 	555451825	 	8.80149	 	1.40352	 	
5160000	-1.23617	 	619.326	 	0.00442206	 	103.128	 	0.452784	 	556527947	 	8.80114	 	1.40351	 	
5170000	-1.23614	 	619.298	 	0.00466106	 	103.11	 	0.452731	 	557625767	 	8.80169	 	1.40341	 	
5180000	-1.23615	 	619.308	 	0.00439946	 	103.116	 	0.452743	 	558696258	 	8.80208	 	1.40346	 	
5190000	-1.23614	 	619.307	 	0.00403962	 	103.112	 	0.452725	 	559776213	 	8.80348	 	1.40373	 	
5200000	-1.23615	 	619.31	 	0.00404883	 	103.112	 	0.45272	 	560852461	 	8.80398	 	1.40375	 	
5210000	-1.23614	 	619.301	 	0.00414033	 	103.104	 	0.452698	 	561936260	 	8.80394	 	1.40363	 	
5220000	-1.23615	 	619.313	 	0.00372112	 	103.113	 	0.452721	 	563006302	 	8.80414	 	1.40379	 	
5230000	-1.23616	 	619.319	 	0.00392474	 	103.113	 	0.452722	 	564079076	 	8.80426	 	1.40359	 	
5240000	-1.23618	 	619.34	 	0.00392936	 	103.131	 	0.45277	 	565141995	 	8.80449	 	1.40356	 	
5250000	-1.23618	 	619.34	 	0.00347948	 	103.132	 	0.45277	 	566222005	 	8.80492	 	1.40366	 	
5260000	-1.23617	 	619.333	 	0.00369815	 	103.134	 	0.452777	 	567305666	 	8.80446	 	1.40367	 	
5270000	-1.23615	 	619.307	 	0.00364263	 	103.11	 	0.452708	 	568405776	 	8.80521	 	1.40366	 	
5280000	-1.23614	 	619.305	 	0.00382986	 	103.112	 	0.452709	 	569485440	 	8.80576	 	1.40383	 	
5290000	-1.23616	 	619.328	 	0.00376302	 	103.124	 	0.452738	 	570545938	 	8.80637	 	1.40397	 	
5300000	-1.23617	 	619.336	 	0.00416468	 	103.134	 	0.452771	 	571616862	 	8.80535	 	1.40393	 	
5310000	-1.23617	 	619.329	 	0.00449955	 	103.125	 	0.452754	 	572699501	 	8.80451	 	1.40395	 	
5320000	-1.23613	 	619.298	 	0.00441546	 	103.103	 	0.45269	 	573803788	 	8.80493	 	1.40394	 	
5330000	-1.23616	 	619.32	 	0.00453249	 	103.124	 	0.452755	 	574864331	 	8.80378	 	1.40401	 	
5340000	-1.23614	 	619.304	 	0.00444654	 	103.107	 	0.452702	 	575955997	 	8.80471	 	1.40403	 	
5350000	-1.23615	 	619.316	 	0.00485161	 	103.117	 	0.45273	 	577026258	 	8.80472	 	1.40413	 	
5360000	-1.23617	 	619.334	 	0.00505885	 	103.13	 	0.452764	 	578092727	 	8.80506	 	1.40431	 	
5370000	-1.23615	 	619.319	 	0.00456842	 	103.115	 	0.452728	 	579184077	 	8.8043	 	1.40426	 	
5380000	-1.23614	 	619.306	 	0.00459141	 	103.112	 	0.452725	 	580273450	 	8.80356	 	1.40421	 	
5390000	-1.2361	 	619.268	 	0.00441145	 	103.086	 	0.452656	 	581381839	 	8.80297	 	1.4041	 	
5400000	-1.23612	 	619.288	 	0.00460572	 	103.094	 	0.452682	 	582445719	 	8.8024	 	1.40408	 	
5410000	-1.2361	 	619.263	 	0.00434956	 	103.067	 	0.452592	 	583543429	 	8.80461	 	1.40405	 	
5420000	-1.2361	 	619.267	 	0.00421919	 	103.063	 	0.452572	 	584617658	 	8.806	 	1.40409	 	
5430000	-1.23609	 	619.255	 	0.00419829	 	103.049	 	0.45253	 	585706207	 	8.80645	 	1.40396	 	
5440000	-1.2361	 	619.267	 	0.00397925	 	103.061	 	0.452567	 	586774878	 	8.80598	 	1.40408	 	
5450000	-1.23613	 	619.294	 	0.00406814	 	103.083	 	0.452626	 	587831593	 	8.80619	 	1.40424	 	
5460000	-1.23612	 	619.282	 	0.0039398	 	103.069	 	0.452579	 	588921661	 	8.80766	 	1.4044	 	
5470000	-1.23612	 	619.285	 	0.0042469	 	103.074	 	0.45259	 	589997521	 	8.8077	 	1.40442	 	
5480000	-1.23611	 	619.277	 	0.00456214	 	103.06	 	0.45255	 	591083844	 	8.80798	 	1.40431	 	
5490000	-1.23612	 	619.289	 	0.00452201	 	103.063	 	0.452554	 	592149762	 	8.80862	 	1.40449	 	
5500000	-1.23612	 	619.288	 	0.00461353	 	103.06	 	0.452545	 	593230033	 	8.80863	 	1.40459	 	
5510000	-1.23611	 	619.279	 	0.00454976	 	103.058	 	0.452542	 	594314966	 	8.80852	 	1.40459	 	
5520000	-1.23612	 	619.287	 	0.00486422	 	103.067	 	0.452566	 	595387510	 	8.80846	 	1.40456	 	
5530000	-1.23615	 	619.312	 	0.00514434	 	103.088	 	0.452636	 	596445692	 	8.80694	 	1.40456	 	
5540000	-1.23614	 	619.309	 	0.0052129	 	103.087	 	0.452632	 	597528506	 	8.80692	 	1.4045	 	
5550000	-1.23615	 	619.316	 	0.00559079	 	103.095	 	0.452655	 	598601911	 	8.80696	 	1.40446	 	
5560000	-1.23616	 	619.323	 	0.00552413	 	103.098	 	0.452674	 	599674705	 	8.80529	 	1.40437	 	
5570000	-1.23617	 	619.333	 	0.00557979	 	103.111	 	0.452718	 	600743502	 	8.80398	 	1.40435	 	
5580000	-1.2362	 	619.371	 	0.00554813	 	103.142	 	0.452807	 	601790788	 	8.80351	 	1.4045	 	
5590000	-1.23618	 	619.342	 	0.00546542	 	103.119	 	0.452734	 	602893701	 	8.80501	 	1.4045	 	
5600000	-1.23617	 	619.337	 	0.005364	 	103.115	 	0.452724	 	603977153	 	8.80484	 	1.40449	 	
5610000	-1.23616	 	619.322	 	0.0055746	 	103.11	 	0.452717	 	605067519	 	8.80392	 	1.40452	 	
5620000	-1.23616	 	619.324	 	0.00533929	 	103.11	 	0.452718	 	606143629	 	8.80369	 	1.40452	 	
5630000	-1.23618	 	619.348	 	0.00557427	 	103.133	 	0.452784	 	607200624	 	8.80316	 	1.40454	 	
5640000	-1.23617	 	619.334	 	0.00536151	 	103.125	 	0.452759	 	608291152	 	8.80337	 	1.4045	 	
5650000	-1.23619	 	619.358	 	0.00529354	 	103.138	 	0.4528	 	609349584	 	8.80286	 	1.40462	 	
5660000	-1.23617	 	619.337	 	0.00526086	 	103.121	 	0.452748	 	610446604	 	8.80354	 	1.40462	 	
5670000	-1.23617	 	619.333	 	0.00495634	 	103.121	 	0.452753	 	611529070	 	8.80271	 	1.40451	 	
5680000	-1.23618	 	619.344	 	0.00538096	 	103.129	 	0.452779	 	612594430	 	8.80208	 	1.40437	 	
5690000	-1.23617	 	619.334	 	0.00570937	 	103.12	 	0.452755	 	613681667	 	8.80226	 	1.40433	 	
5700000	-1.23618	 	619.349	 	0.00589521	 	103.133	 	0.45279	 	614749461	 	8.80235	 	1.4045	 	
5710000	-1.23621	 	619.381	 	0.00571763	 	103.154	 	0.452854	 	615799247	 	8.80165	 	1.40455	 	
5720000	-1.23619	 	619.361	 	0.0054311	 	103.144	 	0.452826	 	616893115	 	8.80152	 	1.40453	 	
5730000	-1.2362	 	619.369	 	0.00538983	 	103.147	 	0.45283	 	617965983	 	8.80233	 	1.40467	 	
5740000	-1.2362	 	619.371	 	0.0055799	 	103.15	 	0.452834	 	619042889	 	8.80253	 	1.40475	 	
5750000	-1.23618	 	619.351	 	0.0055515	 	103.132	 	0.452776	 	620139757	 	8.80377	 	1.40489	 	
5760000	-1.23617	 	619.334	 	0.00557714	 	103.122	 	0.452742	 	621230269	 	8.80502	 	1.40478	 	
5770000	-1.23612	 	619.285	 	0.00558633	 	103.08	 	0.45262	 	622351507	 	8.806	 	1.40465	 	
5780000	-1.23611	 	619.279	 	0.00556377	 	103.073	 	0.452601	 	623434338	 	8.80587	 	1.40458	 	
5790000	-1.23608	 	619.244	 	0.00565024	 	103.05	 	0.452532	 	624542642	 	8.80644	 	1.40444	 	
5800000	-1.23611	 	619.281	 	0.00560063	 	103.074	 	0.452604	 	625587144	 	8.80569	 	1.40459	 	
5810000	-1.23612	 	619.288	 	0.00559419	 	103.079	 	0.452617	 	626661142	 	8.80581	 	1.4048	 	
5820000	-1.2361	 	619.265	 	0.00561669	 	103.058	 	0.452552	 	627758943	 	8.80711	 	1.40474	 	
5830000	-1.23608	 	619.245	 	0.00517662	 	103.043	 	0.452495	 	628856546	 	8.80919	 	1.40486	 	
5840000	-1.23605	 	619.218	 	0.0052695	 	103.029	 	0.452454	 	629958344	 	8.80945	 	1.40488	 	
5850000	-1.23602	 	619.187	 	0.00538748	 	103.005	 	0.452382	 	631065573	 	8.8104	 	1.40479	 	
5860000	-1.23602	 	619.187	 	0.00549668	 	103.007	 	0.452385	 	632144219	 	8.81107	 	1.40491	 	
5870000	-1.23598	 	619.153	 	0.00547358	 	102.982	 	0.4523	 	633253693	 	8.81334	 	1.40498	 	
5880000	-1.23601	 	619.179	 	0.00549486	 	103.007	 	0.452367	 	634309790	 	8.81358	 	1.40519	 	
5890000	-1.23601	 	619.185	 	0.00535159	 	103.01	 	0.45238	 	635383178	 	8.81277	 	1.40524	 	
5900000	-1.23604	 	619.213	 	0.00527891	 	103.031	 	0.45244	 	636437081	 	8.81266	 	1.40526	 	
5910000	-1.23603	 	619.2	 	0.00524197	 	103.018	 	0.452396	 	637526454	 	8.81389	 	1.40515	 	
5920000	-1.23603	 	619.202	 	0.00510627	 	103.018	 	0.452397	 	638602569	 	8.81362	 	1.40508	 	
5930000	-1.23604	 	619.216	 	0.00505137	 	103.031	 	0.452436	 	639668193	 	8.81313	 	1.40517	 	
5940000	-1.23607	 	619.239	 	0.00508046	 	103.045	 	0.452476	 	640724825	 	8.81298	 	1.40517	 	
5950000	-1.23609	 	619.267	 	0.00505511	 	103.062	 	0.452521	 	641779466	 	8.81342	 	1.40538	 	
5960000	-1.23608	 	619.253	 	0.00539295	 	103.049	 	0.452475	 	642871818	 	8.81466	 	1.40536	 	
5970000	-1.23606	 	619.233	 	0.00541678	 	103.032	 	0.452419	 	643965634	 	8.81628	 	1.40532	 	
5980000	-1.23606	 	619.232	 	0.00548626	 	103.021	 	0.45239	 	645045874	 	8.81609	 	1.40516	 	
5990000	-1.23608	 	619.249	 	0.00547116	 	103.034	 	0.452421	 	646110942	 	8.81681	 	1.40532	 	
6000000	-1.23609	 	619.257	 	0.00530555	 	103.037	 	0.452429	 	647179758	 	8.81658	 	1.40528	 	
6010000	-1.23607	 	619.24	 	0.00519518	 	103.027	 	0.45241	 	648273564	 	8.81544	 	1.4052	 	
6020000	-1.23608	 	619.257	 	0.00511565	 	103.035	 	0.452423	 	649339571	 	8.81698	 	1.40545	 	
6030000	-1.23606	 	619.237	 	0.00507983	 	103.02	 	0.452381	 	650436321	 	8.81666	 	1.40529	 	
6040000	-1.23609	 	619.265	 	0.00532218	 	103.043	 	0.452448	 	651487724	 	8.81624	 	1.40531	 	
6050000	-1.23609	 	619.261	 	0.00522192	 	103.045	 	0.452459	 	652571298	 	8.81556	 	1.40531	 	
6060000	-1.23607	 	619.246	 	0.00535316	 	103.03	 	0.452408	 	653664300	 	8.81682	 	1.40528	 	
6070000	-1.23605	 	619.221	 	0.00522559	 	103.008	 	0.452336	 	654766485	 	8.8185	 	1.40526	 	
6080000	-1.23603	 	619.205	 	0.00532875	 	102.993	 	0.452295	 	655862488	 	8.81879	 	1.40525	 	
6090000	-1.23605	 	619.225	 	0.00541695	 	103.01	 	0.452334	 	656922044	 	8.81977	 	1.40532	 	
6100000	-1.23604	 	619.216	 	0.00564174	 	103.003	 	0.452313	 	658008722	 	8.82002	 	1.40541	 	
6110000	-1.23606	 	619.233	 	0.00532639	 	103.012	 	0.452342	 	659071850	 	8.81924	 	1.40533	 	
6120000	-1.23608	 	619.251	 	0.00525918	 	103.021	 	0.45237	 	660133399	 	8.81915	 	1.40539	 	
6130000	-1.23605	 	619.219	 	0.00541524	 	102.996	 	0.452299	 	661240304	 	8.81934	 	1.40524	 	
6140000	-1.23606	 	619.235	 	0.00553601	 	103.006	 	0.452323	 	662302992	 	8.81967	 	1.40533	 	
6150000	-1.23608	 	619.257	 	0.00553911	 	103.021	 	0.45237	 	663361371	 	8.81901	 	1.4054	 	
6160000	-1.23605	 	619.221	 	0.00537312	 	102.989	 	0.452278	 	664471620	 	8.81938	 	1.4052	 	
6170000	-1.23607	 	619.246	 	0.00559778	 	103.01	 	0.452335	 	665527614	 	8.81976	 	1.40525	 	
6180000	-1.23605	 	619.218	 	0.00555288	 	102.989	 	0.452278	 	666632647	 	8.81958	 	1.40514	 	
6190000	-1.23602	 	619.196	 	0.00532356	 	102.974	 	0.452236	 	667731811	 	8.81942	 	1.40512	 	
6200000	-1.23603	 	619.203	 	0.00505063	 	102.978	 	0.452246	 	668801720	 	8.8199	 	1.40506	 	
6210000	-1.23602	 	619.186	 	0.00480529	 	102.966	 	0.452213	 	669895852	 	8.81989	 	1.40503	 	
6220000	-1.23601	 	619.18	 	0.00518018	 	102.957	 	0.452186	 	670982087	 	8.81992	 	1.40494	 	
6230000	-1.23604	 	619.213	 	0.00509312	 	102.978	 	0.452244	 	672031298	 	8.82	 	1.40523	 	
6240000	-1.23603	 	619.202	 	0.00512552	 	102.97	 	0.452225	 	673120099	 	8.81969	 	1.40522	 	
6250000	-1.23602	 	619.194	 	0.00506857	 	102.959	 	0.452194	 	674204645	 	8.81958	 	1.40508	 	
6260000	-1.23604	 	619.21	 	0.00511208	 	102.968	 	0.452218	 	675266612	 	8.81988	 	1.40508	 	
6270000	-1.23601	 	619.178	 	0.00512311	 	102.946	 	0.452146	 	676377031	 	8.82139	 	1.40506	 	
6280000	-1.23599	 	619.16	 	0.00541711	 	102.939	 	0.45213	 	677473154	 	8.82098	 	1.40522	 	
6290000	-1.23599	 	619.16	 	0.00539776	 	102.937	 	0.452122	 	678555056	 	8.82151	 	1.40538	 	
6300000	-1.23598	 	619.156	 	0.00560842	 	102.938	 	0.45212	 	679638098	 	8.82186	 	1.40555	 	
6310000	-1.236	 	619.172	 	0.00563068	 	102.946	 	0.45214	 	680701123	 	8.82216	 	1.40568	 	
6320000	-1.23597	 	619.147	 	0.00577694	 	102.93	 	0.452096	 	681802060	 	8.82226	 	1.40552	 	
6330000	-1.236	 	619.17	 	0.00586035	 	102.946	 	0.452153	 	682859034	 	8.82044	 	1.40538	 	
6340000	-1.23601	 	619.181	 	0.00562514	 	102.955	 	0.452178	 	683928615	 	8.82029	 	1.40543	 	
6350000	-1.23599	 	619.165	 	0.00573904	 	102.944	 	0.452143	 	685021487	 	8.82096	 	1.40548	 	
6360000	-1.23599	 	619.161	 	0.0059461	 	102.941	 	0.45214	 	686103364	 	8.82012	 	1.40541	 	
6370000	-1.23596	 	619.133	 	0.00609623	 	102.916	 	0.45206	 	687208738	 	8.82205	 	1.40542	 	
6380000	-1.23593	 	619.106	 	0.00593905	 	102.9	 	0.452014	 	688313268	 	8.82232	 	1.40536	 	
6390000	-1.23591	 	619.085	 	0.00602402	 	102.876	 	0.451943	 	689410508	 	8.82296	 	1.40528	 	
6400000	-1.23591	 	619.087	 	0.00601093	 	102.872	 	0.451935	 	690484460	 	8.8226	 	1.40524	 	
6410000	-1.23588	 	619.058	 	0.00603088	 	102.851	 	0.451869	 	691592725	 	8.8237	 	1.40526	 	
6420000	-1.2359	 	619.079	 	0.0056722	 	102.866	 	0.45191	 	692651907	 	8.82372	 	1.40539	 	
6430000	-1.23595	 	619.125	 	0.00549807	 	102.897	 	0.452	 	693688435	 	8.82301	 	1.40556	 	
6440000	-1.23596	 	619.133	 	0.00539823	 	102.903	 	0.452027	 	694761098	 	8.8216	 	1.4055	 	
6450000	-1.23595	 	619.123	 	0.00549997	 	102.899	 	0.45202	 	695849522	 	8.82099	 	1.40537	 	
6460000	-1.23598	 	619.155	 	0.00519853	 	102.925	 	0.452095	 	696896932	 	8.82036	 	1.40555	 	
6470000	-1.236	 	619.177	 	0.00483494	 	102.943	 	0.452149	 	697956031	 	8.81989	 	1.40562	 	
6480000	-1.23601	 	619.182	 	0.00481351	 	102.947	 	0.452156	 	699028508	 	8.82046	 	1.40563	 	
6490000	-1.23599	 	619.16	 	0.00468941	 	102.933	 	0.452122	 	700128099	 	8.81975	 	1.40551	 	
6500000	-1.23599	 	619.169	 	0.00469509	 	102.941	 	0.45214	 	701198971	 	8.8201	 	1.40557	 	
6510000	-1.23603	 	619.203	 	0.00501504	 	102.965	 	0.452208	 	702245376	 	8.82011	 	1.4057	 	
6520000	-1.23604	 	619.21	 	0.00494768	 	102.97	 	0.452226	 	703315862	 	8.81957	 	1.40566	 	
6530000	-1.23603	 	619.207	 	0.00484869	 	102.968	 	0.452213	 	704397036	 	8.82059	 	1.40572	 	
6540000	-1.23604	 	619.214	 	0.00465246	 	102.974	 	0.452228	 	705468611	 	8.82061	 	1.40577	 	
6550000	-1.23606	 	619.234	 	0.00459838	 	102.993	 	0.452283	 	706525529	 	8.82042	 	1.40575	 	
6560000	-1.23605	 	619.228	 	0.00453732	 	102.993	 	0.452289	 	707611175	 	8.81972	 	1.40579	 	
6570000	-1.23604	 	619.214	 	0.0047054	 	102.984	 	0.452259	 	708702292	 	8.82014	 	1.4058	 	
6580000	-1.23604	 	619.219	 	0.00457865	 	102.986	 	0.452267	 	709777326	 	8.8198	 	1.40576	 	
6590000	-1.23603	 	619.205	 	0.00458359	 	102.975	 	0.452231	 	710871472	 	8.82067	 	1.40578	 	
6600000	-1.23606	 	619.237	 	0.0046301	 	102.996	 	0.452289	 	711919412	 	8.82079	 	1.4059	 	
6610000	-1.23606	 	619.233	 	0.00502184	 	102.993	 	0.452275	 	713002050	 	8.82158	 	1.40592	 	
6620000	-1.23604	 	619.213	 	0.00485914	 	102.979	 	0.452239	 	714101104	 	8.82119	 	1.40583	 	
6630000	-1.23605	 	619.221	 	0.00496761	 	102.986	 	0.45226	 	715172886	 	8.82081	 	1.40584	 	
6640000	-1.23602	 	619.192	 	0.0048617	 	102.964	 	0.452194	 	716279389	 	8.82153	 	1.40577	 	
6650000	-1.23603	 	619.202	 	0.00490138	 	102.974	 	0.452227	 	717346637	 	8.821	 	1.40572	 	
6660000	-1.23601	 	619.185	 	0.00480187	 	102.962	 	0.452187	 	718444164	 	8.82178	 	1.40573	 	
6670000	-1.23603	 	619.208	 	0.00483437	 	102.977	 	0.452234	 	719499043	 	8.82123	 	1.40572	 	
6680000	-1.236	 	619.173	 	0.00460505	 	102.952	 	0.452161	 	720610037	 	8.82186	 	1.40564	 	
6690000	-1.236	 	619.174	 	0.00453818	 	102.954	 	0.452169	 	721687460	 	8.82132	 	1.40559	 	
6700000	-1.23599	 	619.166	 	0.00464462	 	102.948	 	0.452146	 	722774693	 	8.82209	 	1.40556	 	
6710000	-1.236	 	619.171	 	0.00465556	 	102.955	 	0.452173	 	723850096	 	8.82102	 	1.40557	 	
6720000	-1.23599	 	619.168	 	0.00470313	 	102.956	 	0.452177	 	724930852	 	8.82117	 	1.40561	 	
6730000	-1.23602	 	619.191	 	0.00478622	 	102.974	 	0.452223	 	725985907	 	8.82152	 	1.40561	 	
6740000	-1.23601	 	619.188	 	0.0047679	 	102.968	 	0.452188	 	727068023	 	8.82407	 	1.40578	 	
6750000	-1.236	 	619.174	 	0.00504278	 	102.959	 	0.452164	 	728159513	 	8.8243	 	1.40572	 	
6760000	-1.23598	 	619.156	 	0.00487736	 	102.945	 	0.452124	 	729255670	 	8.82463	 	1.40567	 	
6770000	-1.236	 	619.177	 	0.00508952	 	102.966	 	0.452186	 	730315086	 	8.82398	 	1.40578	 	
6780000	-1.23605	 	619.229	 	0.00485644	 	103.006	 	0.452301	 	731341377	 	8.82299	 	1.40591	 	
6790000	-1.23604	 	619.216	 	0.00469993	 	103	 	0.452288	 	732433103	 	8.82264	 	1.40584	 	
6800000	-1.23604	 	619.213	 	0.00490594	 	102.998	 	0.45228	 	733515257	 	8.82314	 	1.40587	 	
6810000	-1.23605	 	619.23	 	0.00504752	 	103.009	 	0.452311	 	734577770	 	8.82272	 	1.40592	 	
6820000	-1.23609	 	619.267	 	0.00495247	 	103.038	 	0.452401	 	735618854	 	8.82148	 	1.40594	 	
6830000	-1.23608	 	619.259	 	0.00486472	 	103.032	 	0.452389	 	736704288	 	8.82091	 	1.40589	 	
6840000	-1.23608	 	619.251	 	0.00487888	 	103.026	 	0.452371	 	737791035	 	8.82104	 	1.40588	 	
6850000	-1.23609	 	619.265	 	0.00494846	 	103.036	 	0.452404	 	738854419	 	8.82013	 	1.40583	 	
6860000	-1.23609	 	619.262	 	0.00456541	 	103.034	 	0.452398	 	739936555	 	8.82001	 	1.40572	 	
6870000	-1.23609	 	619.262	 	0.00461629	 	103.035	 	0.452405	 	741014132	 	8.81951	 	1.40565	 	
6880000	-1.23609	 	619.264	 	0.0046701	 	103.033	 	0.452402	 	742089183	 	8.81941	 	1.40562	 	
6890000	-1.2361	 	619.273	 	0.00493925	 	103.042	 	0.452426	 	743156876	 	8.81913	 	1.40564	 	
6900000	-1.23609	 	619.267	 	0.00469393	 	103.04	 	0.452432	 	744239837	 	8.8177	 	1.40545	 	
6910000	-1.23609	 	619.262	 	0.00508064	 	103.034	 	0.452408	 	745324225	 	8.81848	 	1.40543	 	
6920000	-1.23609	 	619.26	 	0.00491389	 	103.027	 	0.452382	 	746405473	 	8.81954	 	1.4054	 	
6930000	-1.2361	 	619.268	 	0.00493625	 	103.025	 	0.452374	 	747477285	 	8.82011	 	1.40534	 	
6940000	-1.23609	 	619.266	 	0.00465571	 	103.026	 	0.452385	 	748558365	 	8.81884	 	1.4052	 	
6950000	-1.23607	 	619.244	 	0.00484893	 	103.015	 	0.45236	 	749659363	 	8.81812	 	1.4051	 	
6960000	-1.23607	 	619.236	 	0.00483365	 	103.009	 	0.452345	 	750747226	 	8.81761	 	1.40507	 	
6970000	-1.23604	 	619.209	 	0.00473232	 	102.989	 	0.452286	 	751855369	 	8.81843	 	1.40508	 	
6980000	-1.23603	 	619.203	 	0.00436545	 	102.986	 	0.452272	 	752938947	 	8.8191	 	1.405	 	
6990000	-1.23603	 	619.204	 	0.00454662	 	102.985	 	0.45227	 	754016195	 	8.81903	 	1.40498	 	
7000000	-1.23604	 	619.208	 	0.0043855	 	102.984	 	0.452268	 	755091352	 	8.81884	 	1.40495	 	
7010000	-1.23603	 	619.197	 	0.00442554	 	102.972	 	0.452236	 	756181831	 	8.81879	 	1.40486	 	
7020000	-1.236	 	619.168	 	0.00431674	 	102.953	 	0.452185	 	757288062	 	8.81865	 	1.40472	 	
7030000	-1.23602	 	619.189	 	0.00464641	 	102.968	 	0.452221	 	758344757	 	8.81936	 	1.40484	 	
7040000	-1.23604	 	619.213	 	0.0050004	 	102.985	 	0.452273	 	759397386	 	8.81842	 	1.40483	 	
7050000	-1.23604	 	619.214	 	0.0047355	 	102.988	 	0.452278	 	760472918	 	8.81909	 	1.40493	 	
7060000	-1.23604	 	619.21	 	0.00441208	 	102.987	 	0.452281	 	761555844	 	8.81828	 	1.40483	 	
7070000	-1.23605	 	619.216	 	0.00451279	 	102.993	 	0.452298	 	762627083	 	8.81832	 	1.4048	 	
7080000	-1.23605	 	619.216	 	0.0043414	 	102.994	 	0.452305	 	763704001	 	8.81746	 	1.40465	 	
7090000	-1.23604	 	619.212	 	0.0046779	 	102.988	 	0.452282	 	764787550	 	8.81837	 	1.40477	 	
7100000	-1.23603	 	619.199	 	0.00492805	 	102.978	 	0.45225	 	765882162	 	8.81927	 	1.4048	 	
7110000	-1.23605	 	619.219	 	0.00487243	 	102.996	 	0.452303	 	766937321	 	8.81861	 	1.40479	 	
7120000	-1.23606	 	619.226	 	0.00459175	 	102.998	 	0.452311	 	768009637	 	8.81852	 	1.40479	 	
7130000	-1.23607	 	619.238	 	0.00466786	 	103.009	 	0.45234	 	769073544	 	8.81836	 	1.40482	 	
7140000	-1.23606	 	619.23	 	0.00465316	 	103.004	 	0.452324	 	770161816	 	8.819	 	1.40483	 	
7150000	-1.23606	 	619.225	 	0.00466147	 	103.002	 	0.452318	 	771245768	 	8.81887	 	1.40484	 	
7160000	-1.23607	 	619.238	 	0.0046877	 	103.012	 	0.452345	 	772308965	 	8.81906	 	1.40493	 	
7170000	-1.23609	 	619.258	 	0.00481085	 	103.026	 	0.452384	 	773366646	 	8.81919	 	1.40502	 	
7180000	-1.23609	 	619.258	 	0.0045525	 	103.022	 	0.452366	 	774447386	 	8.82017	 	1.40513	 	
7190000	-1.23611	 	619.28	 	0.00462992	 	103.036	 	0.452401	 	775502638	 	8.82068	 	1.40521	 	
7200000	-1.23612	 	619.288	 	0.0047044	 	103.046	 	0.452433	 	776572475	 	8.82002	 	1.4053	 	
7210000	-1.23611	 	619.281	 	0.00451744	 	103.04	 	0.452419	 	777657192	 	8.81941	 	1.40523	 	
7220000	-1.2361	 	619.268	 	0.00470039	 	103.032	 	0.452397	 	778748803	 	8.81967	 	1.40516	 	
7230000	-1.2361	 	619.273	 	0.00462028	 	103.035	 	0.452399	 	779822809	 	8.82033	 	1.40525	 	
7240000	-1.23611	 	619.28	 	0.00467476	 	103.04	 	0.452417	 	780892929	 	8.81981	 	1.40522	 	
7250000	-1.23612	 	619.288	 	0.00442445	 	103.042	 	0.452428	 	781961709	 	8.81901	 	1.40508	 	
7260000	-1.23612	 	619.286	 	0.00458941	 	103.045	 	0.452437	 	783042409	 	8.81894	 	1.40502	 	
7270000	-1.23611	 	619.277	 	0.00476408	 	103.04	 	0.452426	 	784129496	 	8.81861	 	1.4049	 	
7280000	-1.23611	 	619.279	 	0.00465571	 	103.037	 	0.452414	 	785207378	 	8.81904	 	1.40489	 	
7290000	-1.2361	 	619.272	 	0.00445016	 	103.034	 	0.452407	 	786292379	 	8.81876	 	1.40482	 	
7300000	-1.23609	 	619.261	 	0.00465377	 	103.03	 	0.452401	 	787379667	 	8.81784	 	1.40471	 	
7310000	-1.2361	 	619.265	 	0.00481577	 	103.029	 	0.452391	 	788454240	 	8.81892	 	1.40474	 	
7320000	-1.23612	 	619.289	 	0.00455478	 	103.047	 	0.452444	 	789507566	 	8.81887	 	1.40489	 	
7330000	-1.23611	 	619.284	 	0.00483591	 	103.045	 	0.452433	 	790591843	 	8.81936	 	1.40493	 	
7340000	-1.23612	 	619.285	 	0.00496225	 	103.042	 	0.452427	 	791669254	 	8.8192	 	1.40488	 	
7350000	-1.23611	 	619.277	 	0.00524637	 	103.036	 	0.452408	 	792755053	 	8.81945	 	1.40488	 	
7360000	-1.2361	 	619.27	 	0.00502928	 	103.031	 	0.452393	 	793840964	 	8.81982	 	1.40487	 	
7370000	-1.23612	 	619.288	 	0.00526705	 	103.046	 	0.452429	 	794902272	 	8.82039	 	1.40511	 	
7380000	-1.23615	 	619.318	 	0.00522289	 	103.071	 	0.452505	 	795948956	 	8.81948	 	1.40516	 	
7390000	-1.23618	 	619.355	 	0.00530664	 	103.097	 	0.452576	 	796986416	 	8.8195	 	1.40533	 	
7400000	-1.23619	 	619.363	 	0.00511669	 	103.101	 	0.452592	 	798056965	 	8.81866	 	1.40535	 	
7410000	-1.23619	 	619.36	 	0.00521915	 	103.093	 	0.452566	 	799139998	 	8.81926	 	1.40538	 	
7420000	-1.23621	 	619.383	 	0.00541476	 	103.111	 	0.452617	 	800192880	 	8.81902	 	1.40538	 	
7430000	-1.23621	 	619.383	 	0.00541112	 	103.111	 	0.452629	 	801269365	 	8.81748	 	1.40524	 	
7440000	-1.23623	 	619.397	 	0.0054169	 	103.119	 	0.452648	 	802333218	 	8.81792	 	1.40536	 	
7450000	-1.23622	 	619.391	 	0.00547537	 	103.116	 	0.452638	 	803418667	 	8.81832	 	1.40551	 	
7460000	-1.23622	 	619.396	 	0.00573746	 	103.122	 	0.452661	 	804491394	 	8.81733	 	1.40551	 	
7470000	-1.23623	 	619.404	 	0.00547667	 	103.127	 	0.452677	 	805560390	 	8.81662	 	1.4055	 	
7480000	-1.23624	 	619.412	 	0.005444	 	103.131	 	0.452687	 	806628424	 	8.81688	 	1.40551	 	
7490000	-1.23623	 	619.403	 	0.00561858	 	103.127	 	0.452678	 	807717795	 	8.81694	 	1.4055	 	
7500000	-1.23622	 	619.39	 	0.00560652	 	103.116	 	0.452649	 	808809326	 	8.81662	 	1.40537	 	
7510000	-1.23622	 	619.387	 	0.00551624	 	103.115	 	0.452639	 	809889205	 	8.81737	 	1.40532	 	
7520000	-1.2362	 	619.37	 	0.00563723	 	103.101	 	0.452601	 	810987239	 	8.81765	 	1.40532	 	
7530000	-1.2362	 	619.372	 	0.00539893	 	103.104	 	0.452612	 	812062500	 	8.8172	 	1.40528	 	
7540000	-1.23621	 	619.384	 	0.00568992	 	103.114	 	0.452638	 	813130024	 	8.81749	 	1.40538	 	
7550000	-1.23621	 	619.383	 	0.00572176	 	103.11	 	0.45262	 	814213044	 	8.81852	 	1.40548	 	
7560000	-1.2362	 	619.369	 	0.00568542	 	103.096	 	0.452576	 	815308868	 	8.81909	 	1.40542	 	
7570000	-1.2362	 	619.373	 	0.00559114	 	103.101	 	0.452591	 	816382421	 	8.81905	 	1.40537	 	
7580000	-1.23618	 	619.35	 	0.00561938	 	103.089	 	0.452558	 	817486193	 	8.81888	 	1.40528	 	
7590000	-1.23617	 	619.34	 	0.00543063	 	103.081	 	0.452534	 	818576019	 	8.81918	 	1.4054	 	
7600000	-1.23617	 	619.34	 	0.00509713	 	103.08	 	0.452529	 	819653727	 	8.81963	 	1.40543	 	
7610000	-1.23619	 	619.363	 	0.0048841	 	103.102	 	0.452592	 	820704462	 	8.81901	 	1.40545	 	
7620000	-1.2362	 	619.367	 	0.00482592	 	103.106	 	0.452601	 	821780421	 	8.81944	 	1.40543	 	
7630000	-1.23618	 	619.35	 	0.0047179	 	103.094	 	0.452564	 	822877071	 	8.82013	 	1.40546	 	
7640000	-1.23617	 	619.345	 	0.00482972	 	103.092	 	0.45256	 	823959886	 	8.81981	 	1.40538	 	
7650000	-1.23619	 	619.359	 	0.00472361	 	103.106	 	0.452604	 	825022845	 	8.81904	 	1.40548	 	
7660000	-1.2362	 	619.376	 	0.00472368	 	103.114	 	0.452629	 	826083105	 	8.81869	 	1.4055	 	
7670000	-1.23622	 	619.392	 	0.00485337	 	103.127	 	0.452665	 	827144141	 	8.81881	 	1.40556	 	
7680000	-1.23622	 	619.396	 	0.00475952	 	103.129	 	0.452664	 	828218479	 	8.81946	 	1.40564	 	
7690000	-1.23624	 	619.414	 	0.00484733	 	103.144	 	0.452711	 	829276789	 	8.81896	 	1.40567	 	
7700000	-1.23623	 	619.399	 	0.00482714	 	103.132	 	0.452672	 	830371357	 	8.81954	 	1.40571	 	
7710000	-1.23625	 	619.423	 	0.00513804	 	103.15	 	0.452727	 	831424386	 	8.81878	 	1.40577	 	
7720000	-1.23627	 	619.438	 	0.00498353	 	103.162	 	0.452767	 	832484369	 	8.81798	 	1.40574	 	
7730000	-1.23627	 	619.439	 	0.00494145	 	103.161	 	0.452771	 	833561443	 	8.81699	 	1.40571	 	
7740000	-1.23626	 	619.429	 	0.00517006	 	103.159	 	0.45277	 	834649505	 	8.81614	 	1.40556	 	
7750000	-1.23626	 	619.434	 	0.00529047	 	103.161	 	0.452774	 	835723654	 	8.81629	 	1.40555	 	
7760000	-1.23627	 	619.443	 	0.00512314	 	103.169	 	0.452798	 	836790415	 	8.816	 	1.40545	 	
7770000	-1.23627	 	619.437	 	0.00513796	 	103.162	 	0.452781	 	837876398	 	8.81581	 	1.40541	 	
7780000	-1.23628	 	619.452	 	0.00504505	 	103.165	 	0.452786	 	838939726	 	8.81643	 	1.40538	 	
7790000	-1.23628	 	619.452	 	0.00498623	 	103.165	 	0.452777	 	840021106	 	8.81738	 	1.4055	 	
7800000	-1.2363	 	619.473	 	0.00515399	 	103.182	 	0.452828	 	841074486	 	8.81678	 	1.40566	 	
7810000	-1.2363	 	619.47	 	0.0052759	 	103.179	 	0.452824	 	842156467	 	8.8164	 	1.4056	 	
7820000	-1.2363	 	619.472	 	0.00537731	 	103.182	 	0.452838	 	843232982	 	8.81568	 	1.40553	 	
7830000	-1.2363	 	619.473	 	0.00559239	 	103.185	 	0.452845	 	844309130	 	8.81567	 	1.40554	 	
7840000	-1.23631	 	619.482	 	0.00575842	 	103.193	 	0.452871	 	845376944	 	8.81505	 	1.40557	 	
7850000	-1.23631	 	619.478	 	0.00591753	 	103.188	 	0.452855	 	846460638	 	8.81551	 	1.40562	 	
7860000	-1.23629	 	619.466	 	0.00598195	 	103.178	 	0.452825	 	847551085	 	8.81593	 	1.40567	 	
7870000	-1.2363	 	619.469	 	0.00606879	 	103.184	 	0.45284	 	848626915	 	8.81611	 	1.40576	 	
7880000	-1.23629	 	619.463	 	0.00624031	 	103.181	 	0.452829	 	849713446	 	8.81618	 	1.40581	 	
7890000	-1.2363	 	619.47	 	0.00614986	 	103.187	 	0.452849	 	850783980	 	8.81571	 	1.40581	 	
7900000	-1.2363	 	619.475	 	0.00644787	 	103.195	 	0.452875	 	851853579	 	8.81518	 	1.40586	 	
7910000	-1.23632	 	619.49	 	0.00644114	 	103.207	 	0.452912	 	852914923	 	8.81488	 	1.40586	 	
7920000	-1.23633	 	619.505	 	0.00660749	 	103.215	 	0.452929	 	853976043	 	8.81548	 	1.40596	 	
7930000	-1.23632	 	619.492	 	0.00663245	 	103.202	 	0.452893	 	855070849	 	8.81571	 	1.4059	 	
7940000	-1.23631	 	619.486	 	0.00665777	 	103.195	 	0.452872	 	856156292	 	8.81564	 	1.40572	 	
7950000	-1.23631	 	619.485	 	0.00666268	 	103.193	 	0.45287	 	857234717	 	8.81534	 	1.40565	 	
7960000	-1.23634	 	619.516	 	0.00650992	 	103.217	 	0.452937	 	858274160	 	8.81497	 	1.40576	 	
7970000	-1.23634	 	619.516	 	0.00652605	 	103.211	 	0.45292	 	859351811	 	8.81514	 	1.40572	 	
7980000	-1.23634	 	619.514	 	0.0064787	 	103.209	 	0.452922	 	860432349	 	8.81398	 	1.40562	 	
7990000	-1.23635	 	619.516	 	0.00653026	 	103.213	 	0.452934	 	861506529	 	8.81378	 	1.40559	 	
8000000	-1.23636	 	619.528	 	0.00661378	 	103.222	 	0.452957	 	862570965	 	8.81418	 	1.40558	 	
8010000	-1.23635	 	619.52	 	0.00677966	 	103.214	 	0.452935	 	863658617	 	8.81421	 	1.40551	 	
8020000	-1.23637	 	619.537	 	0.00648918	 	103.226	 	0.452966	 	864720134	 	8.81449	 	1.40564	 	
8030000	-1.23638	 	619.548	 	0.00658391	 	103.233	 	0.452979	 	865786950	 	8.81529	 	1.40577	 	
8040000	-1.23639	 	619.562	 	0.00674593	 	103.246	 	0.453011	 	866849263	 	8.81603	 	1.406	 	
8050000	-1.2364	 	619.575	 	0.00673511	 	103.252	 	0.453028	 	867914225	 	8.81613	 	1.40602	 	
8060000	-1.23641	 	619.579	 	0.00703116	 	103.255	 	0.453034	 	868988168	 	8.81627	 	1.40602	 	
8070000	-1.23641	 	619.58	 	0.00691031	 	103.263	 	0.453065	 	870065523	 	8.81487	 	1.40597	 	
8080000	-1.23638	 	619.556	 	0.00687233	 	103.241	 	0.453	 	871172322	 	8.81576	 	1.40593	 	
8090000	-1.23638	 	619.548	 	0.00676022	 	103.236	 	0.452986	 	872260267	 	8.81552	 	1.40586	 	
8100000	-1.2364	 	619.571	 	0.00669905	 	103.253	 	0.453033	 	873310188	 	8.81558	 	1.40592	 	
8110000	-1.23639	 	619.567	 	0.00682698	 	103.246	 	0.453009	 	874395493	 	8.81621	 	1.40594	 	
8120000	-1.23641	 	619.578	 	0.00694717	 	103.255	 	0.453038	 	875460571	 	8.81565	 	1.40592	 	
8130000	-1.23642	 	619.594	 	0.00672664	 	103.265	 	0.453068	 	876521116	 	8.81519	 	1.40602	 	
8140000	-1.23643	 	619.599	 	0.00678724	 	103.272	 	0.453095	 	877590342	 	8.81428	 	1.40594	 	
8150000	-1.23644	 	619.607	 	0.00659415	 	103.278	 	0.453109	 	878658860	 	8.81446	 	1.40604	 	
8160000	-1.23644	 	619.613	 	0.00651471	 	103.276	 	0.453097	 	879731430	 	8.81536	 	1.40606	 	
8170000	-1.23646	 	619.633	 	0.00662545	 	103.292	 	0.453144	 	880784422	 	8.81503	 	1.40613	 	
8180000	-1.23647	 	619.638	 	0.00662057	 	103.299	 	0.45317	 	881854541	 	8.81433	 	1.40615	 	
8190000	-1.23647	 	619.647	 	0.00650811	 	103.307	 	0.453188	 	882921785	 	8.81446	 	1.40629	 	
8200000	-1.23648	 	619.651	 	0.00667624	 	103.313	 	0.453204	 	883993534	 	8.81495	 	1.40644	 	
8210000	-1.23648	 	619.654	 	0.00664613	 	103.317	 	0.453219	 	885067847	 	8.81431	 	1.40641	 	
8220000	-1.23649	 	619.662	 	0.00669781	 	103.322	 	0.453236	 	886136197	 	8.81368	 	1.40637	 	
8230000	-1.2365	 	619.67	 	0.00658443	 	103.329	 	0.453258	 	887204996	 	8.81321	 	1.40639	 	
8240000	-1.23649	 	619.659	 	0.00680258	 	103.319	 	0.453235	 	888294338	 	8.81277	 	1.40625	 	
8250000	-1.23648	 	619.649	 	0.00665007	 	103.315	 	0.453224	 	889382344	 	8.81259	 	1.40628	 	
8260000	-1.2365	 	619.67	 	0.00676681	 	103.332	 	0.453274	 	890432982	 	8.81203	 	1.4063	 	
8270000	-1.23649	 	619.662	 	0.00661116	 	103.325	 	0.453256	 	891519612	 	8.81209	 	1.40625	 	
8280000	-1.23649	 	619.658	 	0.00665963	 	103.319	 	0.45324	 	892604738	 	8.81194	 	1.40619	 	
8290000	-1.23649	 	619.661	 	0.00691486	 	103.32	 	0.453239	 	893678533	 	8.81224	 	1.40626	 	
8300000	-1.23647	 	619.645	 	0.00680869	 	103.306	 	0.453198	 	894776319	 	8.81285	 	1.40625	 	
8310000	-1.23651	 	619.679	 	0.00671036	 	103.329	 	0.453256	 	895813677	 	8.81364	 	1.40647	 	
8320000	-1.23652	 	619.695	 	0.0065528	 	103.341	 	0.453286	 	896871404	 	8.81412	 	1.40654	 	
8330000	-1.2365	 	619.679	 	0.00686152	 	103.331	 	0.453259	 	897969563	 	8.81405	 	1.40649	 	
8340000	-1.23651	 	619.681	 	0.00683292	 	103.331	 	0.453257	 	899047698	 	8.81407	 	1.40661	 	
8350000	-1.23652	 	619.694	 	0.00680791	 	103.341	 	0.453285	 	900109472	 	8.81401	 	1.40663	 	
8360000	-1.23653	 	619.702	 	0.00686083	 	103.344	 	0.453293	 	901175729	 	8.81436	 	1.40663	 	
8370000	-1.2365	 	619.676	 	0.0066993	 	103.326	 	0.453238	 	902286227	 	8.8149	 	1.40658	 	
8380000	-1.23651	 	619.682	 	0.00657437	 	103.328	 	0.453248	 	903354787	 	8.81426	 	1.40654	 	
8390000	-1.23649	 	619.662	 	0.00646162	 	103.312	 	0.453207	 	904459077	 	8.8141	 	1.40643	 	
8400000	-1.23646	 	619.639	 	0.00660126	 	103.292	 	0.453139	 	905567706	 	8.81574	 	1.40646	 	
8410000	-1.23647	 	619.642	 	0.00644693	 	103.295	 	0.453145	 	906642764	 	8.8161	 	1.40646	 	
8420000	-1.23646	 	619.635	 	0.00654906	 	103.287	 	0.45312	 	907726870	 	8.81684	 	1.40648	 	
8430000	-1.23646	 	619.638	 	0.00653421	 	103.289	 	0.453125	 	908799110	 	8.81694	 	1.40641	 	
8440000	-1.23647	 	619.648	 	0.00669575	 	103.298	 	0.453145	 	909864594	 	8.81746	 	1.40653	 	
8450000	-1.23646	 	619.636	 	0.00673063	 	103.29	 	0.453125	 	910954913	 	8.8173	 	1.40641	 	
8460000	-1.23646	 	619.629	 	0.00680825	 	103.282	 	0.4531	 	912042631	 	8.81763	 	1.40643	 	
8470000	-1.23645	 	619.62	 	0.00688781	 	103.272	 	0.453067	 	913133323	 	8.8185	 	1.40644	 	
8480000	-1.23646	 	619.635	 	0.00668152	 	103.282	 	0.453088	 	914194602	 	8.81928	 	1.40661	 	
8490000	-1.23643	 	619.608	 	0.00681417	 	103.264	 	0.453036	 	915305956	 	8.81964	 	1.40653	 	
8500000	-1.23644	 	619.618	 	0.00700866	 	103.271	 	0.453055	 	916371594	 	8.81996	 	1.40663	 	
8510000	-1.23643	 	619.608	 	0.00705721	 	103.263	 	0.453035	 	917461760	 	8.81929	 	1.40651	 	
8520000	-1.23644	 	619.612	 	0.0069767	 	103.267	 	0.453053	 	918534220	 	8.81852	 	1.40653	 	
8530000	-1.23643	 	619.603	 	0.0070542	 	103.258	 	0.453025	 	919624899	 	8.81884	 	1.40651	 	
8540000	-1.23644	 	619.617	 	0.00710303	 	103.266	 	0.453046	 	920684712	 	8.81914	 	1.40664	 	
8550000	-1.23643	 	619.602	 	0.00729048	 	103.254	 	0.453005	 	921785391	 	8.82008	 	1.40674	 	
8560000	-1.23641	 	619.587	 	0.00730941	 	103.244	 	0.452975	 	922884268	 	8.82045	 	1.40677	 	
8570000	-1.2364	 	619.582	 	0.00729686	 	103.239	 	0.452954	 	923969020	 	8.82155	 	1.40684	 	
8580000	-1.23638	 	619.561	 	0.0073447	 	103.223	 	0.452905	 	925073147	 	8.82227	 	1.40675	 	
8590000	-1.23637	 	619.55	 	0.00729677	 	103.208	 	0.452864	 	926163987	 	8.82219	 	1.40654	 	
8600000	-1.23639	 	619.566	 	0.00743362	 	103.221	 	0.452902	 	927221698	 	8.82192	 	1.40648	 	
8610000	-1.23637	 	619.548	 	0.00742382	 	103.204	 	0.452854	 	928324224	 	8.82225	 	1.40638	 	
8620000	-1.23636	 	619.539	 	0.00755001	 	103.195	 	0.45282	 	929416207	 	8.82351	 	1.40645	 	
8630000	-1.23636	 	619.535	 	0.00747688	 	103.191	 	0.452806	 	930501613	 	8.82399	 	1.40657	 	
8640000	-1.23638	 	619.554	 	0.00745437	 	103.202	 	0.452835	 	931558781	 	8.82412	 	1.40665	 	
8650000	-1.23638	 	619.558	 	0.00765096	 	103.208	 	0.452848	 	932631633	 	8.82471	 	1.40673	 	
8660000	-1.23639	 	619.563	 	0.00746683	 	103.212	 	0.45286	 	933702525	 	8.82461	 	1.40678	 	
8670000	-1.23638	 	619.56	 	0.00733603	 	103.209	 	0.452852	 	934785727	 	8.82458	 	1.40685	 	
8680000	-1.2364	 	619.573	 	0.00696314	 	103.217	 	0.452875	 	935844734	 	8.82464	 	1.40685	 	
8690000	-1.2364	 	619.583	 	0.00683372	 	103.223	 	0.452886	 	936911625	 	8.82545	 	1.40704	 	
8700000	-1.23641	 	619.588	 	0.00673096	 	103.226	 	0.452892	 	937983678	 	8.8257	 	1.407	 	
8710000	-1.23641	 	619.589	 	0.00671052	 	103.228	 	0.452895	 	939059114	 	8.82597	 	1.40702	 	
8720000	-1.23642	 	619.601	 	0.00668018	 	103.234	 	0.452908	 	940121764	 	8.82672	 	1.40709	 	
8730000	-1.23641	 	619.589	 	0.00652689	 	103.229	 	0.452898	 	941214895	 	8.82581	 	1.40702	 	
8740000	-1.23643	 	619.611	 	0.00659917	 	103.245	 	0.45294	 	942266511	 	8.82616	 	1.40714	 	
8750000	-1.23642	 	619.596	 	0.00643912	 	103.234	 	0.452901	 	943365309	 	8.82757	 	1.40718	 	
8760000	-1.23643	 	619.61	 	0.00656	 	103.247	 	0.452938	 	944423565	 	8.82734	 	1.40724	 	
8770000	-1.23642	 	619.596	 	0.00667574	 	103.235	 	0.452905	 	945520730	 	8.82745	 	1.40714	 	
8780000	-1.23642	 	619.595	 	0.00670475	 	103.234	 	0.4529	 	946601575	 	8.82759	 	1.40718	 	
8790000	-1.23644	 	619.615	 	0.00684685	 	103.25	 	0.452942	 	947653575	 	8.82786	 	1.40731	 	
8800000	-1.23643	 	619.609	 	0.00674043	 	103.245	 	0.452934	 	948737578	 	8.82743	 	1.40725	 	
8810000	-1.23643	 	619.614	 	0.00669599	 	103.247	 	0.452942	 	949808288	 	8.82682	 	1.40721	 	
8820000	-1.23642	 	619.6	 	0.00657085	 	103.236	 	0.452908	 	950903218	 	8.82725	 	1.40721	 	
8830000	-1.23642	 	619.598	 	0.00643501	 	103.236	 	0.452905	 	951985458	 	8.82763	 	1.40728	 	
8840000	-1.23641	 	619.589	 	0.0064797	 	103.228	 	0.452886	 	953076022	 	8.82744	 	1.40722	 	
8850000	-1.23641	 	619.588	 	0.00662377	 	103.22	 	0.452859	 	954155137	 	8.82808	 	1.40715	 	
8860000	-1.23641	 	619.588	 	0.00671681	 	103.224	 	0.452871	 	955232438	 	8.8279	 	1.40717	 	
8870000	-1.23641	 	619.591	 	0.00691026	 	103.226	 	0.452879	 	956308820	 	8.82778	 	1.4072	 	
8880000	-1.2364	 	619.58	 	0.00706087	 	103.214	 	0.452843	 	957402957	 	8.82823	 	1.40716	 	
8890000	-1.23642	 	619.595	 	0.00709463	 	103.224	 	0.452869	 	958460655	 	8.8285	 	1.40727	 	
8900000	-1.23643	 	619.613	 	0.00722907	 	103.235	 	0.452899	 	959516289	 	8.82812	 	1.40733	 	
8910000	-1.23644	 	619.621	 	0.00722292	 	103.245	 	0.452936	 	960583345	 	8.82703	 	1.40727	 	
8920000	-1.23645	 	619.626	 	0.00733757	 	103.246	 	0.452936	 	961655594	 	8.82727	 	1.4072	 	
8930000	-1.23645	 	619.632	 	0.00725296	 	103.25	 	0.452947	 	962725822	 	8.82741	 	1.40721	 	
8940000	-1.23646	 	619.638	 	0.00700147	 	103.256	 	0.452963	 	963797562	 	8.82748	 	1.40726	 	
8950000	-1.23647	 	619.653	 	0.00697859	 	103.264	 	0.452986	 	964854659	 	8.82717	 	1.40729	 	
8960000	-1.23647	 	619.646	 	0.00687063	 	103.254	 	0.452953	 	965943645	 	8.8281	 	1.40731	 	
8970000	-1.23647	 	619.653	 	0.00680808	 	103.26	 	0.452971	 	967011365	 	8.82785	 	1.40723	 	
8980000	-1.23647	 	619.646	 	0.00692225	 	103.254	 	0.452952	 	968097524	 	8.82806	 	1.40719	 	
8990000	-1.23646	 	619.635	 	0.00711243	 	103.246	 	0.452931	 	969190394	 	8.82787	 	1.40717	 	
9000000	-1.23647	 	619.649	 	0.00707072	 	103.256	 	0.452964	 	970250843	 	8.82716	 	1.40719	 	
9010000	-1.23647	 	619.648	 	0.00714107	 	103.253	 	0.452951	 	971330465	 	8.82814	 	1.40725	 	
9020000	-1.23649	 	619.664	 	0.0070318	 	103.269	 	0.452999	 	972386575	 	8.82745	 	1.40726	 	
9030000	-1.23649	 	619.664	 	0.00718307	 	103.273	 	0.453015	 	973465368	 	8.82642	 	1.40721	 	
9040000	-1.23648	 	619.663	 	0.00732787	 	103.271	 	0.453013	 	974545705	 	8.82615	 	1.40723	 	
9050000	-1.23648	 	619.664	 	0.00726379	 	103.267	 	0.452995	 	975623844	 	8.82729	 	1.40739	 	
9060000	-1.23648	 	619.663	 	0.00728979	 	103.269	 	0.453007	 	976702062	 	8.82635	 	1.40735	 	
9070000	-1.2365	 	619.679	 	0.0072499	 	103.282	 	0.453038	 	977759380	 	8.82684	 	1.40742	 	
9080000	-1.23652	 	619.696	 	0.00718064	 	103.29	 	0.453056	 	978815951	 	8.82746	 	1.4075	 	
9090000	-1.23653	 	619.711	 	0.00730841	 	103.303	 	0.453098	 	979872905	 	8.82674	 	1.4075	 	
9100000	-1.23655	 	619.735	 	0.00714075	 	103.32	 	0.45314	 	980917644	 	8.82729	 	1.40765	 	
9110000	-1.23654	 	619.723	 	0.00708298	 	103.312	 	0.453116	 	982011821	 	8.82751	 	1.40764	 	
9120000	-1.23653	 	619.707	 	0.00704507	 	103.302	 	0.453083	 	983112615	 	8.82824	 	1.4077	 	
9130000	-1.23653	 	619.706	 	0.00678459	 	103.296	 	0.453065	 	984192365	 	8.82845	 	1.4076	 	
9140000	-1.23653	 	619.707	 	0.00676418	 	103.297	 	0.45307	 	985270208	 	8.82841	 	1.40759	 	
9150000	-1.23654	 	619.724	 	0.00701115	 	103.309	 	0.453108	 	986324006	 	8.82775	 	1.40759	 	
9160000	-1.23654	 	619.721	 	0.0069716	 	103.308	 	0.453102	 	987406458	 	8.82798	 	1.40756	 	
9170000	-1.23654	 	619.717	 	0.00693571	 	103.305	 	0.453086	 	988490654	 	8.8292	 	1.40761	 	
9180000	-1.23654	 	619.72	 	0.00693898	 	103.309	 	0.453104	 	989561791	 	8.82823	 	1.4075	 	
9190000	-1.23655	 	619.732	 	0.0069152	 	103.318	 	0.453127	 	990622059	 	8.82844	 	1.40753	 	
9200000	-1.23656	 	619.741	 	0.0067927	 	103.325	 	0.45315	 	991687670	 	8.8277	 	1.40747	 	
9210000	-1.23658	 	619.755	 	0.00669336	 	103.335	 	0.45318	 	992746453	 	8.82746	 	1.40754	 	
9220000	-1.23654	 	619.722	 	0.00677359	 	103.313	 	0.453116	 	993870450	 	8.82786	 	1.40746	 	
9230000	-1.23654	 	619.718	 	0.00658145	 	103.309	 	0.453108	 	994954552	 	8.82769	 	1.40745	 	
9240000	-1.23652	 	619.7	 	0.00659723	 	103.297	 	0.453074	 	996058789	 	8.8276	 	1.40736	 	
9250000	-1.23651	 	619.685	 	0.0067616	 	103.29	 	0.453058	 	997158112	 	8.82742	 	1.40738	 	
9260000	-1.2365	 	619.674	 	0.00697115	 	103.284	 	0.453042	 	998251725	 	8.82725	 	1.40726	 	
9270000	-1.2365	 	619.681	 	0.00707071	 	103.294	 	0.453072	 	999319558	 	8.82668	 	1.40724	 	
9280000	-1.23651	 	619.691	 	0.00690473	 	103.304	 	0.453106	 	1000382025	 	8.82575	 	1.40716	 	
9290000	-1.23651	 	619.684	 	0.00695103	 	103.3	 	0.453097	 	1001469140	 	8.82557	 	1.40717	 	
9300000	-1.2365	 	619.678	 	0.00717523	 	103.297	 	0.45309	 	1002555712	 	8.82527	 	1.40714	 	
9310000	-1.2365	 	619.676	 	0.0071229	 	103.295	 	0.453078	 	1003635683	 	8.82606	 	1.40717	 	
9320000	-1.2365	 	619.675	 	0.00711771	 	103.294	 	0.45308	 	1004715182	 	8.82543	 	1.4071	 	
9330000	-1.2365	 	619.677	 	0.00698087	 	103.294	 	0.453078	 	1005789353	 	8.82593	 	1.40718	 	
9340000	-1.2365	 	619.673	 	0.00690204	 	103.289	 	0.453066	 	1006874356	 	8.8254	 	1.40709	 	
9350000	-1.23649	 	619.667	 	0.00675829	 	103.281	 	0.453049	 	1007960536	 	8.82499	 	1.40695	 	
9360000	-1.2365	 	619.675	 	0.00655524	 	103.289	 	0.453077	 	1009024297	 	8.82407	 	1.40687	 	
9370000	-1.23649	 	619.67	 	0.00660171	 	103.285	 	0.453069	 	1010109994	 	8.82343	 	1.40684	 	
9380000	-1.23649	 	619.667	 	0.00667807	 	103.283	 	0.453069	 	1011187667	 	8.82267	 	1.40669	 	
9390000	-1.2365	 	619.674	 	0.00674102	 	103.286	 	0.453075	 	1012255805	 	8.82284	 	1.40674	 	
9400000	-1.2365	 	619.677	 	0.00678429	 	103.293	 	0.453097	 	1013328676	 	8.82242	 	1.40678	 	
9410000	-1.23652	 	619.695	 	0.0067408	 	103.304	 	0.453125	 	1014382591	 	8.82276	 	1.40691	 	
9420000	-1.23652	 	619.697	 	0.00701497	 	103.302	 	0.453116	 	1015458757	 	8.82346	 	1.40694	 	
9430000	-1.23652	 	619.692	 	0.00709622	 	103.297	 	0.453106	 	1016541586	 	8.82309	 	1.4068	 	
9440000	-1.23654	 	619.714	 	0.00703494	 	103.314	 	0.453154	 	1017588405	 	8.82284	 	1.40681	 	
9450000	-1.23652	 	619.696	 	0.00707905	 	103.302	 	0.453124	 	1018693704	 	8.82221	 	1.40678	 	
9460000	-1.23653	 	619.703	 	0.00723759	 	103.308	 	0.453139	 	1019761670	 	8.82243	 	1.40686	 	
9470000	-1.23654	 	619.717	 	0.00717847	 	103.317	 	0.453163	 	1020821412	 	8.82258	 	1.40693	 	
9480000	-1.23654	 	619.712	 	0.00720186	 	103.315	 	0.453156	 	1021904290	 	8.82273	 	1.40687	 	
9490000	-1.23655	 	619.724	 	0.0073597	 	103.325	 	0.453188	 	1022963756	 	8.8222	 	1.40692	 	
9500000	-1.23654	 	619.718	 	0.0073589	 	103.317	 	0.453161	 	1024050565	 	8.82289	 	1.40688	 	
9510000	-1.23655	 	619.726	 	0.00716079	 	103.32	 	0.453173	 	1025118328	 	8.82237	 	1.40688	 	
9520000	-1.23654	 	619.716	 	0.00712316	 	103.312	 	0.453151	 	1026210660	 	8.82249	 	1.40687	 	
9530000	-1.23655	 	619.732	 	0.00709486	 	103.322	 	0.453171	 	1027266549	 	8.82353	 	1.40706	 	
9540000	-1.23655	 	619.725	 	0.00706652	 	103.312	 	0.453145	 	1028352535	 	8.82326	 	1.40696	 	
9550000	-1.23655	 	619.726	 	0.00721588	 	103.313	 	0.453154	 	1029429656	 	8.82249	 	1.40688	 	
9560000	-1.23655	 	619.725	 	0.00701472	 	103.315	 	0.453158	 	1030508098	 	8.82238	 	1.40684	 	
9570000	-1.23654	 	619.717	 	0.00712716	 	103.31	 	0.453146	 	1031598053	 	8.82217	 	1.40675	 	
9580000	-1.23655	 	619.729	 	0.00726184	 	103.318	 	0.45317	 	1032660218	 	8.82209	 	1.40688	 	
9590000	-1.23655	 	619.73	 	0.00720136	 	103.319	 	0.45317	 	1033737938	 	8.82231	 	1.40687	 	
9600000	-1.23658	 	619.757	 	0.00710382	 	103.337	 	0.453224	 	1034777508	 	8.82178	 	1.40696	 	
9610000	-1.23658	 	619.761	 	0.0069761	 	103.345	 	0.453251	 	1035848300	 	8.82118	 	1.40694	 	
9620000	-1.23659	 	619.767	 	0.00685255	 	103.35	 	0.453263	 	1036916134	 	8.82143	 	1.40702	 	
9630000	-1.23659	 	619.768	 	0.00673795	 	103.352	 	0.45327	 	1037994317	 	8.82106	 	1.40696	 	
9640000	-1.23659	 	619.767	 	0.006575	 	103.35	 	0.453269	 	1039075642	 	8.82037	 	1.40691	 	
9650000	-1.23658	 	619.76	 	0.00679481	 	103.346	 	0.453259	 	1040164593	 	8.82036	 	1.40686	 	
9660000	-1.23657	 	619.744	 	0.00694898	 	103.335	 	0.453222	 	1041263650	 	8.82105	 	1.40681	 	
9670000	-1.23656	 	619.735	 	0.00690373	 	103.329	 	0.453208	 	1042356670	 	8.82089	 	1.40687	 	
9680000	-1.23656	 	619.735	 	0.00682166	 	103.329	 	0.453208	 	1043433375	 	8.82096	 	1.40682	 	
9690000	-1.23655	 	619.727	 	0.00679073	 	103.322	 	0.453188	 	1044525247	 	8.82108	 	1.40682	 	
9700000	-1.23657	 	619.748	 	0.00681685	 	103.339	 	0.45324	 	1045575167	 	8.82029	 	1.40685	 	
9710000	-1.23659	 	619.77	 	0.00696073	 	103.355	 	0.453279	 	1046621908	 	8.82091	 	1.40699	 	
9720000	-1.2366	 	619.773	 	0.0069139	 	103.36	 	0.453291	 	1047696668	 	8.82102	 	1.40711	 	
9730000	-1.23659	 	619.768	 	0.00698341	 	103.355	 	0.453274	 	1048781438	 	8.82171	 	1.40717	 	
9740000	-1.23657	 	619.747	 	0.00694125	 	103.339	 	0.453223	 	1049889294	 	8.82275	 	1.40714	 	
9750000	-1.23658	 	619.758	 	0.00710526	 	103.342	 	0.45322	 	1050951229	 	8.82443	 	1.40732	 	
9760000	-1.23659	 	619.764	 	0.00733341	 	103.35	 	0.453248	 	1052020517	 	8.82333	 	1.4073	 	
9770000	-1.23658	 	619.762	 	0.0072908	 	103.349	 	0.453242	 	1053101180	 	8.82397	 	1.40736	 	
9780000	-1.23658	 	619.758	 	0.00745125	 	103.346	 	0.453229	 	1054184970	 	8.8247	 	1.40736	 	
9790000	-1.23659	 	619.772	 	0.00740592	 	103.357	 	0.453259	 	1055240325	 	8.82466	 	1.40744	 	
9800000	-1.2366	 	619.779	 	0.00740764	 	103.359	 	0.453265	 	1056310288	 	8.82475	 	1.40747	 	
9810000	-1.23659	 	619.772	 	0.0073374	 	103.352	 	0.453247	 	1057399629	 	8.82467	 	1.40742	 	
9820000	-1.2366	 	619.774	 	0.00728724	 	103.355	 	0.453256	 	1058471718	 	8.8244	 	1.40733	 	
9830000	-1.23659	 	619.767	 	0.00701523	 	103.349	 	0.45324	 	1059557528	 	8.8242	 	1.40722	 	
9840000	-1.2366	 	619.781	 	0.00696747	 	103.359	 	0.453265	 	1060615794	 	8.82481	 	1.40736	 	
9850000	-1.23661	 	619.786	 	0.00682247	 	103.365	 	0.45328	 	1061685528	 	8.82477	 	1.40734	 	
9860000	-1.23661	 	619.792	 	0.00682244	 	103.369	 	0.453288	 	1062755694	 	8.82546	 	1.40744	 	
9870000	-1.23661	 	619.793	 	0.00684232	 	103.371	 	0.453295	 	1063830798	 	8.82517	 	1.40741	 	
9880000	-1.2366	 	619.779	 	0.00693137	 	103.365	 	0.453277	 	1064927130	 	8.82534	 	1.40739	 	
9890000	-1.2366	 	619.782	 	0.00678933	 	103.365	 	0.453276	 	1066002060	 	8.82563	 	1.40742	 	
9900000	-1.2366	 	619.774	 	0.00665243	 	103.362	 	0.453271	 	1067088959	 	8.82505	 	1.40736	 	
9910000	-1.23658	 	619.761	 	0.00673873	 	103.352	 	0.453245	 	1068185405	 	8.82498	 	1.40728	 	
9920000	-1.23659	 	619.764	 	0.00687745	 	103.353	 	0.453246	 	1069258216	 	8.8251	 	1.40731	 	
9930000	-1.2366	 	619.775	 	0.0067762	 	103.364	 	0.45328	 	1070318688	 	8.82473	 	1.40735	 	
9940000	-1.23659	 	619.768	 	0.0068073	 	103.36	 	0.45327	 	1071405721	 	8.82459	 	1.40733	 	
9950000	-1.23658	 	619.757	 	0.00675461	 	103.351	 	0.453242	 	1072499594	 	8.82494	 	1.40725	 	
9960000	-1.23659	 	619.764	 	0.00684028	 	103.353	 	0.453247	 	1073565879	 	8.82493	 	1.40722	 	
9970000	-1.23659	 	619.773	 	0.00692768	 	103.36	 	0.453267	 	1074630353	 	8.82488	 	1.40728	 	
9980000	-1.23659	 	619.767	 	0.00688599	 	103.354	 	0.453245	 	1075717915	 	8.82554	 	1.40729	 	
9990000	-1.23659	 	619.771	 	0.00684466	 	103.354	 	0.453244	 	1076790036	 	8.82588	 	1.40735	 	
