MCcycles: 10000000	 L = 20	 T = 1	 Randomstart = 0
MCcycles 	 E 		 E2 		 M 		 M2 		 Mabs 		 accepted		 X 		 Cv
1	-2	 	1600	 	1	 	400	 	1	 	0	 	0	 	0	 	
10000	-1.99714	 	1595.45	 	0.999262	 	399.411	 	0.999262	 	2962	 	0.00179085	 	0.0239762	 	
20000	-1.99721	 	1595.57	 	0.999281	 	399.426	 	0.999281	 	5888	 	0.00174293	 	0.0234188	 	
30000	-1.99721	 	1595.57	 	0.999284	 	399.429	 	0.999284	 	8772	 	0.00166051	 	0.0231015	 	
40000	-1.99719	 	1595.53	 	0.999279	 	399.425	 	0.999279	 	11762	 	0.00165021	 	0.0232047	 	
50000	-1.99719	 	1595.53	 	0.99928	 	399.426	 	0.99928	 	14734	 	0.00162812	 	0.0231959	 	
60000	-1.99719	 	1595.53	 	0.999281	 	399.426	 	0.999281	 	17642	 	0.00161491	 	0.0231601	 	
70000	-1.99715	 	1595.47	 	0.999271	 	399.418	 	0.999271	 	20850	 	0.00163679	 	0.0235907	 	
80000	-1.99715	 	1595.47	 	0.999271	 	399.418	 	0.999271	 	23642	 	0.00164254	 	0.0236031	 	
90000	-1.99715	 	1595.47	 	0.99927	 	399.418	 	0.99927	 	26610	 	0.0016363	 	0.0235779	 	
100000	-1.99715	 	1595.46	 	0.999269	 	399.417	 	0.999269	 	29516	 	0.00163201	 	0.0235466	 	
110000	-1.99714	 	1595.45	 	0.999268	 	399.416	 	0.999268	 	32280	 	0.00162978	 	0.0235882	 	
120000	-1.99714	 	1595.45	 	0.999268	 	399.417	 	0.999268	 	35302	 	0.00162287	 	0.0235495	 	
130000	-1.99714	 	1595.45	 	0.999267	 	399.416	 	0.999267	 	38302	 	0.00162372	 	0.0236084	 	
140000	-1.99714	 	1595.45	 	0.999268	 	399.416	 	0.999268	 	41220	 	0.00162049	 	0.0235831	 	
150000	-1.99714	 	1595.46	 	0.99927	 	399.417	 	0.99927	 	44064	 	0.00161381	 	0.0235213	 	
160000	-1.99714	 	1595.45	 	0.999268	 	399.416	 	0.999268	 	47060	 	0.00161958	 	0.0236172	 	
170000	-1.99714	 	1595.45	 	0.999268	 	399.416	 	0.999268	 	49941	 	0.00161793	 	0.0236203	 	
180000	-1.99714	 	1595.45	 	0.999269	 	399.417	 	0.999269	 	52874	 	0.00161581	 	0.0236246	 	
190000	-1.99714	 	1595.45	 	0.999268	 	399.416	 	0.999268	 	55832	 	0.00161509	 	0.0236288	 	
200000	-1.99714	 	1595.45	 	0.999269	 	399.417	 	0.999269	 	58810	 	0.00161199	 	0.0235974	 	
210000	-1.99713	 	1595.44	 	0.999267	 	399.415	 	0.999267	 	61872	 	0.00161601	 	0.0236768	 	
220000	-1.99714	 	1595.45	 	0.999269	 	399.417	 	0.999269	 	64762	 	0.00161178	 	0.0236227	 	
230000	-1.99714	 	1595.45	 	0.999269	 	399.417	 	0.999269	 	67740	 	0.00160755	 	0.0235858	 	
240000	-1.99714	 	1595.46	 	0.99927	 	399.418	 	0.99927	 	70588	 	0.00160446	 	0.0235669	 	
250000	-1.99714	 	1595.46	 	0.99927	 	399.418	 	0.99927	 	73490	 	0.00160459	 	0.0235452	 	
260000	-1.99714	 	1595.46	 	0.99927	 	399.418	 	0.99927	 	76375	 	0.00160519	 	0.0235593	 	
270000	-1.99715	 	1595.47	 	0.999272	 	399.419	 	0.999272	 	79224	 	0.00160081	 	0.0235087	 	
280000	-1.99715	 	1595.46	 	0.999271	 	399.418	 	0.999271	 	82240	 	0.00160067	 	0.0235263	 	
290000	-1.99715	 	1595.46	 	0.999271	 	399.419	 	0.999271	 	85078	 	0.0015979	 	0.0234919	 	
300000	-1.99716	 	1595.47	 	0.999273	 	399.42	 	0.999273	 	87900	 	0.00159221	 	0.0234168	 	
310000	-1.99716	 	1595.48	 	0.999275	 	399.421	 	0.999275	 	90712	 	0.0015874	 	0.0233629	 	
320000	-1.99716	 	1595.48	 	0.999274	 	399.421	 	0.999274	 	93548	 	0.00158778	 	0.0233706	 	
330000	-1.99716	 	1595.48	 	0.999274	 	399.421	 	0.999274	 	96501	 	0.001587	 	0.0233666	 	
340000	-1.99716	 	1595.48	 	0.999274	 	399.421	 	0.999274	 	99460	 	0.0015875	 	0.0233812	 	
350000	-1.99716	 	1595.48	 	0.999274	 	399.421	 	0.999274	 	102298	 	0.00158679	 	0.0233698	 	
360000	-1.99716	 	1595.48	 	0.999274	 	399.421	 	0.999274	 	105196	 	0.0015879	 	0.023389	 	
370000	-1.99716	 	1595.48	 	0.999274	 	399.421	 	0.999274	 	108034	 	0.00158592	 	0.0233709	 	
380000	-1.99716	 	1595.48	 	0.999275	 	399.421	 	0.999275	 	110932	 	0.00158464	 	0.0233656	 	
390000	-1.99716	 	1595.49	 	0.999275	 	399.422	 	0.999275	 	113736	 	0.00158292	 	0.0233511	 	
400000	-1.99716	 	1595.48	 	0.999275	 	399.422	 	0.999275	 	116778	 	0.00158338	 	0.0233643	 	
410000	-1.99716	 	1595.49	 	0.999275	 	399.422	 	0.999275	 	119642	 	0.00158167	 	0.0233532	 	
420000	-1.99716	 	1595.48	 	0.999275	 	399.421	 	0.999275	 	122574	 	0.00158399	 	0.0233732	 	
430000	-1.99716	 	1595.48	 	0.999275	 	399.422	 	0.999275	 	125506	 	0.00158436	 	0.0233729	 	
440000	-1.99716	 	1595.49	 	0.999275	 	399.422	 	0.999275	 	128407	 	0.00158314	 	0.0233615	 	
450000	-1.99716	 	1595.49	 	0.999275	 	399.422	 	0.999275	 	131176	 	0.0015828	 	0.0233578	 	
460000	-1.99716	 	1595.48	 	0.999275	 	399.422	 	0.999275	 	134106	 	0.0015834	 	0.0233767	 	
470000	-1.99716	 	1595.49	 	0.999275	 	399.422	 	0.999275	 	136910	 	0.00158221	 	0.0233544	 	
480000	-1.99716	 	1595.49	 	0.999275	 	399.422	 	0.999275	 	139750	 	0.00158225	 	0.0233506	 	
490000	-1.99716	 	1595.49	 	0.999276	 	399.422	 	0.999276	 	142562	 	0.00158094	 	0.0233404	 	
500000	-1.99716	 	1595.49	 	0.999275	 	399.422	 	0.999275	 	145516	 	0.00158128	 	0.0233534	 	
510000	-1.99716	 	1595.49	 	0.999275	 	399.422	 	0.999275	 	148306	 	0.0015813	 	0.023355	 	
520000	-1.99716	 	1595.49	 	0.999275	 	399.422	 	0.999275	 	151214	 	0.00158137	 	0.023356	 	
530000	-1.99716	 	1595.48	 	0.999274	 	399.421	 	0.999274	 	154143	 	0.00158339	 	0.0233814	 	
540000	-1.99716	 	1595.48	 	0.999274	 	399.421	 	0.999274	 	157096	 	0.00158422	 	0.023394	 	
550000	-1.99716	 	1595.48	 	0.999275	 	399.421	 	0.999275	 	159984	 	0.00158269	 	0.0233782	 	
560000	-1.99716	 	1595.49	 	0.999275	 	399.422	 	0.999275	 	162728	 	0.00158064	 	0.0233529	 	
570000	-1.99716	 	1595.48	 	0.999275	 	399.422	 	0.999275	 	165670	 	0.00158162	 	0.0233642	 	
580000	-1.99716	 	1595.48	 	0.999274	 	399.421	 	0.999274	 	168658	 	0.00158105	 	0.0233617	 	
590000	-1.99716	 	1595.48	 	0.999275	 	399.422	 	0.999275	 	171504	 	0.00158052	 	0.0233592	 	
600000	-1.99716	 	1595.48	 	0.999275	 	399.421	 	0.999275	 	174302	 	0.00157959	 	0.0233523	 	
610000	-1.99716	 	1595.48	 	0.999275	 	399.422	 	0.999275	 	177053	 	0.0015783	 	0.0233399	 	
620000	-1.99716	 	1595.49	 	0.999275	 	399.422	 	0.999275	 	179897	 	0.00157785	 	0.0233426	 	
630000	-1.99716	 	1595.49	 	0.999276	 	399.423	 	0.999276	 	182722	 	0.00157587	 	0.0233226	 	
640000	-1.99717	 	1595.49	 	0.999277	 	399.423	 	0.999277	 	185564	 	0.00157498	 	0.0233079	 	
650000	-1.99717	 	1595.5	 	0.999277	 	399.423	 	0.999277	 	188394	 	0.0015742	 	0.0233074	 	
660000	-1.99717	 	1595.49	 	0.999277	 	399.423	 	0.999277	 	191367	 	0.00157591	 	0.0233188	 	
670000	-1.99717	 	1595.49	 	0.999277	 	399.423	 	0.999277	 	194270	 	0.0015761	 	0.0233276	 	
680000	-1.99716	 	1595.49	 	0.999276	 	399.423	 	0.999276	 	197230	 	0.00157737	 	0.0233414	 	
690000	-1.99716	 	1595.49	 	0.999275	 	399.422	 	0.999275	 	200210	 	0.001579	 	0.0233673	 	
700000	-1.99716	 	1595.48	 	0.999275	 	399.422	 	0.999275	 	203075	 	0.00157989	 	0.0233897	 	
710000	-1.99716	 	1595.48	 	0.999275	 	399.422	 	0.999275	 	206013	 	0.00157963	 	0.0233913	 	
720000	-1.99716	 	1595.48	 	0.999274	 	399.421	 	0.999274	 	209102	 	0.00158117	 	0.0234126	 	
730000	-1.99716	 	1595.48	 	0.999274	 	399.421	 	0.999274	 	211974	 	0.00158072	 	0.0234104	 	
740000	-1.99716	 	1595.48	 	0.999274	 	399.421	 	0.999274	 	214904	 	0.00158178	 	0.0234311	 	
750000	-1.99716	 	1595.48	 	0.999275	 	399.422	 	0.999275	 	217620	 	0.00157971	 	0.0234025	 	
760000	-1.99716	 	1595.48	 	0.999274	 	399.421	 	0.999274	 	220524	 	0.00158204	 	0.0234285	 	
770000	-1.99716	 	1595.48	 	0.999274	 	399.421	 	0.999274	 	223384	 	0.00158191	 	0.0234252	 	
780000	-1.99716	 	1595.48	 	0.999274	 	399.421	 	0.999274	 	226260	 	0.00158116	 	0.023418	 	
790000	-1.99716	 	1595.48	 	0.999274	 	399.421	 	0.999274	 	229096	 	0.00158128	 	0.0234221	 	
800000	-1.99715	 	1595.47	 	0.999273	 	399.42	 	0.999273	 	232090	 	0.00158258	 	0.0234378	 	
810000	-1.99715	 	1595.47	 	0.999273	 	399.42	 	0.999273	 	235000	 	0.00158165	 	0.0234272	 	
820000	-1.99715	 	1595.47	 	0.999273	 	399.42	 	0.999273	 	237830	 	0.00158148	 	0.0234265	 	
830000	-1.99715	 	1595.47	 	0.999274	 	399.421	 	0.999274	 	240688	 	0.00158151	 	0.0234235	 	
840000	-1.99715	 	1595.47	 	0.999274	 	399.421	 	0.999274	 	243542	 	0.00158184	 	0.0234219	 	
850000	-1.99715	 	1595.47	 	0.999273	 	399.42	 	0.999273	 	246517	 	0.00158186	 	0.0234259	 	
860000	-1.99715	 	1595.47	 	0.999273	 	399.421	 	0.999273	 	249366	 	0.00158179	 	0.023423	 	
870000	-1.99715	 	1595.47	 	0.999274	 	399.421	 	0.999274	 	252328	 	0.00158084	 	0.0234166	 	
880000	-1.99716	 	1595.48	 	0.999274	 	399.421	 	0.999274	 	255232	 	0.00157947	 	0.023399	 	
890000	-1.99716	 	1595.48	 	0.999274	 	399.421	 	0.999274	 	258264	 	0.00158012	 	0.0234083	 	
900000	-1.99716	 	1595.48	 	0.999274	 	399.421	 	0.999274	 	261104	 	0.00157983	 	0.0234077	 	
910000	-1.99716	 	1595.48	 	0.999274	 	399.421	 	0.999274	 	263966	 	0.00158032	 	0.0234146	 	
920000	-1.99716	 	1595.47	 	0.999274	 	399.421	 	0.999274	 	266937	 	0.00158128	 	0.0234274	 	
930000	-1.99715	 	1595.47	 	0.999274	 	399.421	 	0.999274	 	269780	 	0.00158141	 	0.0234341	 	
940000	-1.99716	 	1595.48	 	0.999274	 	399.421	 	0.999274	 	272660	 	0.00158036	 	0.0234261	 	
950000	-1.99715	 	1595.47	 	0.999274	 	399.421	 	0.999274	 	275540	 	0.00158144	 	0.0234382	 	
960000	-1.99715	 	1595.47	 	0.999274	 	399.421	 	0.999274	 	278478	 	0.00158213	 	0.0234462	 	
970000	-1.99715	 	1595.47	 	0.999273	 	399.42	 	0.999273	 	281456	 	0.00158343	 	0.0234666	 	
980000	-1.99715	 	1595.47	 	0.999273	 	399.42	 	0.999273	 	284408	 	0.00158337	 	0.0234646	 	
990000	-1.99715	 	1595.47	 	0.999273	 	399.42	 	0.999273	 	287309	 	0.00158273	 	0.0234612	 	
1000000	-1.99715	 	1595.47	 	0.999273	 	399.42	 	0.999273	 	290272	 	0.00158275	 	0.0234611	 	
1010000	-1.99715	 	1595.47	 	0.999273	 	399.421	 	0.999273	 	293090	 	0.00158211	 	0.0234557	 	
1020000	-1.99715	 	1595.47	 	0.999274	 	399.421	 	0.999274	 	295902	 	0.00158083	 	0.0234398	 	
1030000	-1.99716	 	1595.48	 	0.999274	 	399.421	 	0.999274	 	298652	 	0.00157984	 	0.0234261	 	
1040000	-1.99715	 	1595.47	 	0.999274	 	399.421	 	0.999274	 	301662	 	0.0015811	 	0.0234433	 	
1050000	-1.99715	 	1595.47	 	0.999273	 	399.42	 	0.999273	 	304648	 	0.00158183	 	0.0234537	 	
1060000	-1.99715	 	1595.47	 	0.999273	 	399.421	 	0.999273	 	307630	 	0.001582	 	0.0234546	 	
1070000	-1.99715	 	1595.47	 	0.999273	 	399.42	 	0.999273	 	310566	 	0.00158293	 	0.0234667	 	
1080000	-1.99715	 	1595.47	 	0.999274	 	399.421	 	0.999274	 	313290	 	0.00158179	 	0.0234531	 	
1090000	-1.99715	 	1595.47	 	0.999274	 	399.421	 	0.999274	 	316160	 	0.0015812	 	0.0234469	 	
1100000	-1.99715	 	1595.47	 	0.999273	 	399.421	 	0.999273	 	319150	 	0.00158185	 	0.0234558	 	
1110000	-1.99715	 	1595.47	 	0.999273	 	399.42	 	0.999273	 	322062	 	0.00158261	 	0.0234574	 	
1120000	-1.99715	 	1595.47	 	0.999273	 	399.42	 	0.999273	 	324947	 	0.00158359	 	0.0234657	 	
1130000	-1.99715	 	1595.47	 	0.999273	 	399.42	 	0.999273	 	327924	 	0.00158465	 	0.0234848	 	
1140000	-1.99715	 	1595.47	 	0.999272	 	399.42	 	0.999272	 	330864	 	0.00158521	 	0.0234956	 	
1150000	-1.99715	 	1595.46	 	0.999272	 	399.419	 	0.999272	 	333850	 	0.00158687	 	0.0235174	 	
1160000	-1.99715	 	1595.46	 	0.999272	 	399.419	 	0.999272	 	336658	 	0.00158725	 	0.0235251	 	
1170000	-1.99715	 	1595.46	 	0.999272	 	399.419	 	0.999272	 	339466	 	0.00158659	 	0.0235159	 	
1180000	-1.99715	 	1595.46	 	0.999272	 	399.419	 	0.999272	 	342410	 	0.00158659	 	0.023517	 	
1190000	-1.99715	 	1595.46	 	0.999272	 	399.419	 	0.999272	 	345356	 	0.00158697	 	0.0235243	 	
1200000	-1.99715	 	1595.46	 	0.999272	 	399.419	 	0.999272	 	348096	 	0.00158581	 	0.0235101	 	
1210000	-1.99715	 	1595.46	 	0.999272	 	399.419	 	0.999272	 	351118	 	0.00158601	 	0.0235182	 	
1220000	-1.99715	 	1595.46	 	0.999272	 	399.419	 	0.999272	 	354180	 	0.00158649	 	0.0235229	 	
1230000	-1.99715	 	1595.46	 	0.999272	 	399.419	 	0.999272	 	357050	 	0.00158596	 	0.0235176	 	
1240000	-1.99715	 	1595.46	 	0.999271	 	399.419	 	0.999271	 	359976	 	0.00158613	 	0.0235233	 	
1250000	-1.99715	 	1595.46	 	0.999272	 	399.419	 	0.999272	 	362832	 	0.00158484	 	0.0235063	 	
1260000	-1.99715	 	1595.46	 	0.999272	 	399.42	 	0.999272	 	365670	 	0.00158416	 	0.0234969	 	
1270000	-1.99715	 	1595.46	 	0.999272	 	399.419	 	0.999272	 	368596	 	0.00158445	 	0.0234995	 	
1280000	-1.99715	 	1595.46	 	0.999272	 	399.42	 	0.999272	 	371410	 	0.00158353	 	0.023486	 	
1290000	-1.99715	 	1595.46	 	0.999272	 	399.42	 	0.999272	 	374429	 	0.00158375	 	0.0234906	 	
1300000	-1.99715	 	1595.46	 	0.999272	 	399.42	 	0.999272	 	377374	 	0.00158373	 	0.0234928	 	
1310000	-1.99715	 	1595.46	 	0.999272	 	399.419	 	0.999272	 	380354	 	0.0015844	 	0.0234991	 	
1320000	-1.99715	 	1595.46	 	0.999272	 	399.419	 	0.999272	 	383309	 	0.00158434	 	0.0235002	 	
1330000	-1.99715	 	1595.46	 	0.999272	 	399.419	 	0.999272	 	386088	 	0.00158427	 	0.0234976	 	
1340000	-1.99715	 	1595.46	 	0.999272	 	399.419	 	0.999272	 	389096	 	0.00158458	 	0.0235039	 	
1350000	-1.99715	 	1595.46	 	0.999272	 	399.42	 	0.999272	 	391928	 	0.00158376	 	0.0234937	 	
1360000	-1.99715	 	1595.47	 	0.999273	 	399.42	 	0.999273	 	394826	 	0.00158294	 	0.023485	 	
1370000	-1.99715	 	1595.47	 	0.999273	 	399.42	 	0.999273	 	397794	 	0.00158241	 	0.0234783	 	
1380000	-1.99715	 	1595.47	 	0.999273	 	399.42	 	0.999273	 	400688	 	0.00158239	 	0.0234777	 	
1390000	-1.99715	 	1595.47	 	0.999273	 	399.42	 	0.999273	 	403680	 	0.00158217	 	0.0234753	 	
1400000	-1.99715	 	1595.47	 	0.999273	 	399.42	 	0.999273	 	406472	 	0.001582	 	0.023474	 	
1410000	-1.99715	 	1595.47	 	0.999273	 	399.42	 	0.999273	 	409354	 	0.00158203	 	0.0234776	 	
1420000	-1.99715	 	1595.46	 	0.999272	 	399.42	 	0.999272	 	412360	 	0.00158238	 	0.0234803	 	
1430000	-1.99715	 	1595.46	 	0.999272	 	399.42	 	0.999272	 	415286	 	0.00158239	 	0.0234799	 	
1440000	-1.99715	 	1595.46	 	0.999272	 	399.42	 	0.999272	 	418276	 	0.00158291	 	0.0234868	 	
1450000	-1.99715	 	1595.46	 	0.999272	 	399.42	 	0.999272	 	421108	 	0.00158285	 	0.0234869	 	
1460000	-1.99715	 	1595.46	 	0.999272	 	399.419	 	0.999272	 	423958	 	0.00158319	 	0.0234921	 	
1470000	-1.99715	 	1595.46	 	0.999272	 	399.419	 	0.999272	 	426830	 	0.00158303	 	0.0234928	 	
1480000	-1.99715	 	1595.46	 	0.999272	 	399.42	 	0.999272	 	429714	 	0.00158291	 	0.0234935	 	
1490000	-1.99715	 	1595.46	 	0.999272	 	399.42	 	0.999272	 	432696	 	0.00158261	 	0.0234909	 	
1500000	-1.99715	 	1595.46	 	0.999272	 	399.419	 	0.999272	 	435622	 	0.00158259	 	0.0234887	 	
1510000	-1.99715	 	1595.46	 	0.999272	 	399.42	 	0.999272	 	438426	 	0.00158223	 	0.0234864	 	
1520000	-1.99715	 	1595.46	 	0.999272	 	399.42	 	0.999272	 	441314	 	0.00158219	 	0.0234881	 	
1530000	-1.99715	 	1595.46	 	0.999272	 	399.42	 	0.999272	 	444172	 	0.00158198	 	0.0234866	 	
1540000	-1.99715	 	1595.46	 	0.999272	 	399.42	 	0.999272	 	447020	 	0.00158188	 	0.0234822	 	
1550000	-1.99715	 	1595.46	 	0.999272	 	399.42	 	0.999272	 	450007	 	0.00158234	 	0.0234871	 	
1560000	-1.99715	 	1595.47	 	0.999273	 	399.42	 	0.999273	 	452860	 	0.00158179	 	0.0234788	 	
1570000	-1.99715	 	1595.46	 	0.999272	 	399.42	 	0.999272	 	455870	 	0.00158254	 	0.0234886	 	
1580000	-1.99715	 	1595.46	 	0.999272	 	399.419	 	0.999272	 	458944	 	0.00158305	 	0.023496	 	
1590000	-1.99715	 	1595.46	 	0.999272	 	399.419	 	0.999272	 	461856	 	0.00158298	 	0.0234965	 	
1600000	-1.99715	 	1595.46	 	0.999272	 	399.42	 	0.999272	 	464608	 	0.00158225	 	0.0234885	 	
1610000	-1.99715	 	1595.46	 	0.999272	 	399.42	 	0.999272	 	467470	 	0.00158209	 	0.0234879	 	
1620000	-1.99715	 	1595.46	 	0.999272	 	399.42	 	0.999272	 	470420	 	0.00158197	 	0.0234883	 	
1630000	-1.99715	 	1595.46	 	0.999272	 	399.419	 	0.999272	 	473407	 	0.00158318	 	0.0235038	 	
1640000	-1.99715	 	1595.46	 	0.999272	 	399.419	 	0.999272	 	476359	 	0.00158377	 	0.0235124	 	
1650000	-1.99715	 	1595.46	 	0.999272	 	399.419	 	0.999272	 	479167	 	0.00158302	 	0.0235029	 	
1660000	-1.99715	 	1595.46	 	0.999272	 	399.419	 	0.999272	 	482099	 	0.00158266	 	0.0234968	 	
1670000	-1.99715	 	1595.46	 	0.999272	 	399.419	 	0.999272	 	485052	 	0.00158272	 	0.0234979	 	
1680000	-1.99715	 	1595.46	 	0.999272	 	399.419	 	0.999272	 	487918	 	0.00158259	 	0.0234921	 	
1690000	-1.99715	 	1595.46	 	0.999272	 	399.42	 	0.999272	 	490866	 	0.00158246	 	0.0234926	 	
1700000	-1.99715	 	1595.46	 	0.999272	 	399.419	 	0.999272	 	493812	 	0.00158256	 	0.0234943	 	
1710000	-1.99715	 	1595.46	 	0.999272	 	399.419	 	0.999272	 	496680	 	0.00158236	 	0.023491	 	
1720000	-1.99715	 	1595.46	 	0.999272	 	399.42	 	0.999272	 	499548	 	0.00158195	 	0.0234849	 	
1730000	-1.99715	 	1595.46	 	0.999272	 	399.42	 	0.999272	 	502406	 	0.00158183	 	0.0234822	 	
1740000	-1.99715	 	1595.46	 	0.999272	 	399.42	 	0.999272	 	505420	 	0.00158194	 	0.0234852	 	
1750000	-1.99715	 	1595.47	 	0.999273	 	399.42	 	0.999273	 	508320	 	0.00158129	 	0.0234773	 	
1760000	-1.99715	 	1595.46	 	0.999272	 	399.42	 	0.999272	 	511402	 	0.00158191	 	0.0234854	 	
1770000	-1.99715	 	1595.46	 	0.999272	 	399.42	 	0.999272	 	514346	 	0.00158162	 	0.0234827	 	
1780000	-1.99715	 	1595.46	 	0.999272	 	399.42	 	0.999272	 	517216	 	0.00158165	 	0.0234822	 	
1790000	-1.99715	 	1595.46	 	0.999272	 	399.42	 	0.999272	 	520268	 	0.00158212	 	0.0234889	 	
1800000	-1.99715	 	1595.46	 	0.999273	 	399.42	 	0.999273	 	523054	 	0.00158099	 	0.0234761	 	
1810000	-1.99715	 	1595.47	 	0.999273	 	399.42	 	0.999273	 	525892	 	0.00158047	 	0.0234706	 	
1820000	-1.99715	 	1595.47	 	0.999273	 	399.42	 	0.999273	 	528884	 	0.00158049	 	0.0234731	 	
1830000	-1.99715	 	1595.47	 	0.999273	 	399.42	 	0.999273	 	531932	 	0.00158078	 	0.0234777	 	
1840000	-1.99715	 	1595.46	 	0.999272	 	399.42	 	0.999272	 	535048	 	0.00158156	 	0.0234877	 	
1850000	-1.99715	 	1595.46	 	0.999272	 	399.42	 	0.999272	 	537988	 	0.00158206	 	0.0234951	 	
1860000	-1.99715	 	1595.46	 	0.999272	 	399.42	 	0.999272	 	540814	 	0.0015817	 	0.0234906	 	
1870000	-1.99715	 	1595.46	 	0.999272	 	399.42	 	0.999272	 	543716	 	0.00158174	 	0.0234915	 	
1880000	-1.99715	 	1595.46	 	0.999272	 	399.42	 	0.999272	 	546582	 	0.00158154	 	0.0234892	 	
1890000	-1.99715	 	1595.46	 	0.999272	 	399.42	 	0.999272	 	549478	 	0.0015816	 	0.0234903	 	
1900000	-1.99715	 	1595.46	 	0.999272	 	399.42	 	0.999272	 	552414	 	0.00158143	 	0.0234885	 	
1910000	-1.99715	 	1595.46	 	0.999272	 	399.42	 	0.999272	 	555330	 	0.00158128	 	0.0234873	 	
1920000	-1.99715	 	1595.46	 	0.999272	 	399.42	 	0.999272	 	558260	 	0.0015813	 	0.0234865	 	
1930000	-1.99715	 	1595.46	 	0.999272	 	399.419	 	0.999272	 	561208	 	0.00158164	 	0.0234933	 	
1940000	-1.99715	 	1595.46	 	0.999272	 	399.419	 	0.999272	 	564132	 	0.001581	 	0.0234869	 	
1950000	-1.99715	 	1595.46	 	0.999272	 	399.42	 	0.999272	 	567000	 	0.00158054	 	0.0234811	 	
1960000	-1.99715	 	1595.46	 	0.999272	 	399.42	 	0.999272	 	569812	 	0.00158082	 	0.0234796	 	
1970000	-1.99715	 	1595.46	 	0.999272	 	399.42	 	0.999272	 	572680	 	0.00158067	 	0.0234757	 	
1980000	-1.99715	 	1595.46	 	0.999272	 	399.42	 	0.999272	 	575655	 	0.00158136	 	0.0234834	 	
1990000	-1.99715	 	1595.46	 	0.999272	 	399.42	 	0.999272	 	578579	 	0.00158135	 	0.0234814	 	
2000000	-1.99715	 	1595.46	 	0.999272	 	399.42	 	0.999272	 	581506	 	0.00158195	 	0.0234885	 	
2010000	-1.99715	 	1595.46	 	0.999272	 	399.42	 	0.999272	 	584430	 	0.00158191	 	0.0234892	 	
2020000	-1.99715	 	1595.46	 	0.999272	 	399.42	 	0.999272	 	587382	 	0.00158216	 	0.0234929	 	
2030000	-1.99715	 	1595.46	 	0.999272	 	399.42	 	0.999272	 	590264	 	0.00158259	 	0.0234998	 	
2040000	-1.99715	 	1595.46	 	0.999272	 	399.42	 	0.999272	 	593140	 	0.00158232	 	0.0234964	 	
2050000	-1.99715	 	1595.47	 	0.999273	 	399.42	 	0.999273	 	595914	 	0.00158166	 	0.0234873	 	
2060000	-1.99715	 	1595.47	 	0.999273	 	399.42	 	0.999273	 	598774	 	0.00158124	 	0.0234818	 	
2070000	-1.99715	 	1595.47	 	0.999273	 	399.42	 	0.999273	 	601600	 	0.00158096	 	0.0234799	 	
2080000	-1.99715	 	1595.47	 	0.999273	 	399.42	 	0.999273	 	604652	 	0.00158087	 	0.0234805	 	
2090000	-1.99715	 	1595.47	 	0.999273	 	399.42	 	0.999273	 	607514	 	0.001581	 	0.0234797	 	
2100000	-1.99715	 	1595.47	 	0.999273	 	399.42	 	0.999273	 	610372	 	0.00158084	 	0.0234785	 	
2110000	-1.99715	 	1595.47	 	0.999273	 	399.42	 	0.999273	 	613486	 	0.0015815	 	0.0234874	 	
2120000	-1.99715	 	1595.47	 	0.999273	 	399.42	 	0.999273	 	616272	 	0.0015812	 	0.0234851	 	
2130000	-1.99715	 	1595.47	 	0.999273	 	399.42	 	0.999273	 	619126	 	0.00158155	 	0.0234885	 	
2140000	-1.99715	 	1595.46	 	0.999272	 	399.42	 	0.999272	 	622046	 	0.00158195	 	0.0234961	 	
2150000	-1.99715	 	1595.46	 	0.999272	 	399.42	 	0.999272	 	625002	 	0.00158212	 	0.0234988	 	
2160000	-1.99715	 	1595.46	 	0.999272	 	399.42	 	0.999272	 	627980	 	0.00158277	 	0.023504	 	
2170000	-1.99715	 	1595.46	 	0.999272	 	399.42	 	0.999272	 	630910	 	0.00158301	 	0.0235064	 	
2180000	-1.99715	 	1595.46	 	0.999272	 	399.419	 	0.999272	 	633858	 	0.00158319	 	0.0235088	 	
2190000	-1.99715	 	1595.46	 	0.999272	 	399.419	 	0.999272	 	636746	 	0.00158332	 	0.0235098	 	
2200000	-1.99715	 	1595.46	 	0.999272	 	399.419	 	0.999272	 	639672	 	0.00158325	 	0.0235095	 	
2210000	-1.99715	 	1595.46	 	0.999272	 	399.419	 	0.999272	 	642632	 	0.00158369	 	0.0235165	 	
2220000	-1.99715	 	1595.46	 	0.999272	 	399.419	 	0.999272	 	645500	 	0.00158322	 	0.0235107	 	
2230000	-1.99715	 	1595.46	 	0.999272	 	399.419	 	0.999272	 	648418	 	0.00158323	 	0.0235118	 	
2240000	-1.99715	 	1595.46	 	0.999272	 	399.419	 	0.999272	 	651325	 	0.00158335	 	0.0235127	 	
2250000	-1.99715	 	1595.46	 	0.999272	 	399.419	 	0.999272	 	654244	 	0.00158317	 	0.0235114	 	
2260000	-1.99715	 	1595.46	 	0.999272	 	399.419	 	0.999272	 	657286	 	0.00158358	 	0.0235156	 	
2270000	-1.99715	 	1595.46	 	0.999272	 	399.419	 	0.999272	 	660076	 	0.00158323	 	0.0235117	 	
2280000	-1.99715	 	1595.46	 	0.999272	 	399.419	 	0.999272	 	663038	 	0.00158325	 	0.0235123	 	
2290000	-1.99715	 	1595.46	 	0.999272	 	399.419	 	0.999272	 	665976	 	0.00158347	 	0.0235168	 	
2300000	-1.99715	 	1595.46	 	0.999272	 	399.419	 	0.999272	 	668880	 	0.00158326	 	0.0235155	 	
2310000	-1.99715	 	1595.46	 	0.999272	 	399.419	 	0.999272	 	671780	 	0.00158316	 	0.023513	 	
2320000	-1.99715	 	1595.46	 	0.999272	 	399.419	 	0.999272	 	674592	 	0.00158324	 	0.0235127	 	
2330000	-1.99715	 	1595.46	 	0.999272	 	399.419	 	0.999272	 	677444	 	0.00158287	 	0.0235077	 	
2340000	-1.99715	 	1595.46	 	0.999272	 	399.419	 	0.999272	 	680358	 	0.00158309	 	0.0235114	 	
2350000	-1.99715	 	1595.46	 	0.999272	 	399.419	 	0.999272	 	683290	 	0.00158321	 	0.023516	 	
2360000	-1.99715	 	1595.46	 	0.999272	 	399.419	 	0.999272	 	686178	 	0.00158285	 	0.0235127	 	
2370000	-1.99715	 	1595.46	 	0.999272	 	399.419	 	0.999272	 	689035	 	0.00158271	 	0.0235114	 	
2380000	-1.99715	 	1595.46	 	0.999272	 	399.419	 	0.999272	 	691998	 	0.00158302	 	0.0235159	 	
2390000	-1.99715	 	1595.46	 	0.999272	 	399.419	 	0.999272	 	694988	 	0.00158308	 	0.0235162	 	
2400000	-1.99715	 	1595.46	 	0.999272	 	399.419	 	0.999272	 	697881	 	0.00158343	 	0.0235198	 	
2410000	-1.99715	 	1595.46	 	0.999272	 	399.419	 	0.999272	 	700784	 	0.00158328	 	0.0235182	 	
2420000	-1.99715	 	1595.46	 	0.999272	 	399.419	 	0.999272	 	703623	 	0.00158303	 	0.0235142	 	
2430000	-1.99715	 	1595.46	 	0.999272	 	399.419	 	0.999272	 	706378	 	0.00158249	 	0.0235072	 	
2440000	-1.99715	 	1595.46	 	0.999272	 	399.419	 	0.999272	 	709296	 	0.00158228	 	0.0235042	 	
2450000	-1.99715	 	1595.46	 	0.999272	 	399.42	 	0.999272	 	712274	 	0.00158214	 	0.0235034	 	
2460000	-1.99715	 	1595.46	 	0.999272	 	399.42	 	0.999272	 	715131	 	0.00158202	 	0.0235011	 	
2470000	-1.99715	 	1595.46	 	0.999272	 	399.419	 	0.999272	 	718106	 	0.00158229	 	0.0235061	 	
2480000	-1.99715	 	1595.46	 	0.999272	 	399.42	 	0.999272	 	720870	 	0.00158216	 	0.0235029	 	
2490000	-1.99715	 	1595.46	 	0.999272	 	399.42	 	0.999272	 	723760	 	0.00158216	 	0.0235018	 	
2500000	-1.99715	 	1595.46	 	0.999272	 	399.42	 	0.999272	 	726632	 	0.00158203	 	0.023501	 	
2510000	-1.99715	 	1595.46	 	0.999272	 	399.42	 	0.999272	 	729614	 	0.00158203	 	0.0235026	 	
2520000	-1.99715	 	1595.46	 	0.999272	 	399.42	 	0.999272	 	732500	 	0.00158205	 	0.0235037	 	
2530000	-1.99715	 	1595.46	 	0.999272	 	399.42	 	0.999272	 	735398	 	0.00158237	 	0.0235076	 	
2540000	-1.99715	 	1595.46	 	0.999272	 	399.42	 	0.999272	 	738270	 	0.00158232	 	0.0235068	 	
2550000	-1.99715	 	1595.46	 	0.999272	 	399.42	 	0.999272	 	741050	 	0.00158209	 	0.0235036	 	
2560000	-1.99715	 	1595.46	 	0.999272	 	399.42	 	0.999272	 	743838	 	0.00158227	 	0.0235057	 	
2570000	-1.99715	 	1595.47	 	0.999273	 	399.42	 	0.999273	 	746526	 	0.00158151	 	0.0234964	 	
2580000	-1.99715	 	1595.46	 	0.999272	 	399.42	 	0.999272	 	749470	 	0.00158153	 	0.0234983	 	
2590000	-1.99715	 	1595.47	 	0.999273	 	399.42	 	0.999273	 	752336	 	0.00158119	 	0.0234944	 	
2600000	-1.99715	 	1595.47	 	0.999273	 	399.42	 	0.999273	 	755178	 	0.00158056	 	0.0234872	 	
2610000	-1.99715	 	1595.47	 	0.999273	 	399.42	 	0.999273	 	758146	 	0.00158083	 	0.023493	 	
2620000	-1.99715	 	1595.47	 	0.999273	 	399.42	 	0.999273	 	760934	 	0.0015806	 	0.0234882	 	
2630000	-1.99715	 	1595.47	 	0.999273	 	399.42	 	0.999273	 	763710	 	0.00158058	 	0.0234868	 	
2640000	-1.99715	 	1595.47	 	0.999273	 	399.42	 	0.999273	 	766522	 	0.00158042	 	0.0234854	 	
2650000	-1.99715	 	1595.47	 	0.999273	 	399.42	 	0.999273	 	769386	 	0.00157995	 	0.0234789	 	
2660000	-1.99715	 	1595.47	 	0.999273	 	399.42	 	0.999273	 	772194	 	0.00157951	 	0.0234713	 	
2670000	-1.99715	 	1595.47	 	0.999273	 	399.42	 	0.999273	 	774957	 	0.0015792	 	0.0234681	 	
2680000	-1.99715	 	1595.47	 	0.999273	 	399.42	 	0.999273	 	777880	 	0.00157996	 	0.0234761	 	
2690000	-1.99715	 	1595.47	 	0.999273	 	399.42	 	0.999273	 	780786	 	0.00157994	 	0.0234766	 	
2700000	-1.99715	 	1595.47	 	0.999273	 	399.42	 	0.999273	 	783670	 	0.00157988	 	0.0234769	 	
2710000	-1.99715	 	1595.47	 	0.999273	 	399.42	 	0.999273	 	786618	 	0.00158003	 	0.0234789	 	
2720000	-1.99715	 	1595.47	 	0.999273	 	399.42	 	0.999273	 	789446	 	0.00157987	 	0.0234764	 	
2730000	-1.99715	 	1595.47	 	0.999273	 	399.42	 	0.999273	 	792340	 	0.00158028	 	0.0234808	 	
2740000	-1.99715	 	1595.47	 	0.999273	 	399.42	 	0.999273	 	795240	 	0.00158022	 	0.0234806	 	
2750000	-1.99715	 	1595.47	 	0.999273	 	399.42	 	0.999273	 	798174	 	0.00158023	 	0.0234814	 	
2760000	-1.99715	 	1595.47	 	0.999273	 	399.42	 	0.999273	 	801042	 	0.00158025	 	0.0234818	 	
2770000	-1.99715	 	1595.47	 	0.999273	 	399.42	 	0.999273	 	803892	 	0.00157975	 	0.0234768	 	
2780000	-1.99715	 	1595.47	 	0.999273	 	399.42	 	0.999273	 	806928	 	0.00158003	 	0.0234824	 	
2790000	-1.99715	 	1595.47	 	0.999273	 	399.42	 	0.999273	 	809860	 	0.00158026	 	0.0234874	 	
2800000	-1.99715	 	1595.47	 	0.999273	 	399.42	 	0.999273	 	812564	 	0.00157979	 	0.0234809	 	
2810000	-1.99715	 	1595.47	 	0.999273	 	399.42	 	0.999273	 	815546	 	0.00157994	 	0.0234835	 	
2820000	-1.99715	 	1595.47	 	0.999273	 	399.42	 	0.999273	 	818517	 	0.00158006	 	0.0234863	 	
2830000	-1.99715	 	1595.47	 	0.999273	 	399.42	 	0.999273	 	821326	 	0.00157994	 	0.0234847	 	
2840000	-1.99715	 	1595.47	 	0.999273	 	399.42	 	0.999273	 	824166	 	0.00157994	 	0.0234856	 	
2850000	-1.99715	 	1595.47	 	0.999273	 	399.42	 	0.999273	 	827170	 	0.00158007	 	0.0234883	 	
2860000	-1.99715	 	1595.47	 	0.999273	 	399.42	 	0.999273	 	830098	 	0.00158008	 	0.0234892	 	
2870000	-1.99715	 	1595.47	 	0.999273	 	399.42	 	0.999273	 	832982	 	0.00157991	 	0.0234888	 	
2880000	-1.99715	 	1595.47	 	0.999273	 	399.42	 	0.999273	 	835858	 	0.00157964	 	0.023485	 	
2890000	-1.99715	 	1595.47	 	0.999273	 	399.42	 	0.999273	 	838858	 	0.00157973	 	0.0234855	 	
2900000	-1.99715	 	1595.47	 	0.999273	 	399.42	 	0.999273	 	841767	 	0.00157977	 	0.0234878	 	
2910000	-1.99715	 	1595.47	 	0.999273	 	399.42	 	0.999273	 	844634	 	0.00157983	 	0.0234878	 	
2920000	-1.99715	 	1595.47	 	0.999273	 	399.42	 	0.999273	 	847454	 	0.00157959	 	0.0234838	 	
2930000	-1.99715	 	1595.47	 	0.999273	 	399.42	 	0.999273	 	850338	 	0.0015794	 	0.0234813	 	
2940000	-1.99715	 	1595.47	 	0.999273	 	399.42	 	0.999273	 	853180	 	0.00157957	 	0.0234843	 	
2950000	-1.99715	 	1595.47	 	0.999273	 	399.42	 	0.999273	 	856100	 	0.00157951	 	0.023484	 	
2960000	-1.99715	 	1595.47	 	0.999273	 	399.42	 	0.999273	 	858988	 	0.00158004	 	0.0234818	 	
2970000	-1.99715	 	1595.47	 	0.999273	 	399.42	 	0.999273	 	862068	 	0.00158033	 	0.0234873	 	
2980000	-1.99715	 	1595.47	 	0.999273	 	399.42	 	0.999273	 	865096	 	0.00158015	 	0.0234855	 	
2990000	-1.99715	 	1595.47	 	0.999273	 	399.42	 	0.999273	 	868070	 	0.00158045	 	0.02349	 	
3000000	-1.99715	 	1595.47	 	0.999273	 	399.42	 	0.999273	 	870918	 	0.00158027	 	0.0234874	 	
3010000	-1.99715	 	1595.47	 	0.999273	 	399.42	 	0.999273	 	873656	 	0.00158039	 	0.0234835	 	
3020000	-1.99715	 	1595.47	 	0.999273	 	399.42	 	0.999273	 	876596	 	0.00158048	 	0.0234841	 	
3030000	-1.99715	 	1595.47	 	0.999273	 	399.42	 	0.999273	 	879500	 	0.00158071	 	0.0234864	 	
3040000	-1.99715	 	1595.47	 	0.999273	 	399.42	 	0.999273	 	882462	 	0.00158141	 	0.0234934	 	
3050000	-1.99715	 	1595.47	 	0.999273	 	399.42	 	0.999273	 	885491	 	0.00158165	 	0.0234968	 	
3060000	-1.99715	 	1595.47	 	0.999273	 	399.42	 	0.999273	 	888340	 	0.00158133	 	0.0234928	 	
3070000	-1.99715	 	1595.47	 	0.999273	 	399.42	 	0.999273	 	891084	 	0.00158099	 	0.0234879	 	
3080000	-1.99715	 	1595.47	 	0.999273	 	399.42	 	0.999273	 	893952	 	0.00158056	 	0.0234826	 	
3090000	-1.99715	 	1595.47	 	0.999273	 	399.42	 	0.999273	 	896838	 	0.00158076	 	0.0234852	 	
3100000	-1.99715	 	1595.47	 	0.999273	 	399.42	 	0.999273	 	899622	 	0.00158056	 	0.0234813	 	
3110000	-1.99715	 	1595.47	 	0.999273	 	399.42	 	0.999273	 	902436	 	0.00158064	 	0.0234817	 	
3120000	-1.99715	 	1595.47	 	0.999274	 	399.421	 	0.999274	 	905080	 	0.00157993	 	0.0234708	 	
3130000	-1.99715	 	1595.47	 	0.999274	 	399.421	 	0.999274	 	907934	 	0.00157971	 	0.0234685	 	
3140000	-1.99715	 	1595.47	 	0.999274	 	399.421	 	0.999274	 	910821	 	0.00157943	 	0.0234639	 	
3150000	-1.99715	 	1595.47	 	0.999274	 	399.421	 	0.999274	 	913714	 	0.00157913	 	0.0234617	 	
3160000	-1.99715	 	1595.47	 	0.999274	 	399.421	 	0.999274	 	916619	 	0.0015793	 	0.0234624	 	
3170000	-1.99715	 	1595.47	 	0.999274	 	399.421	 	0.999274	 	919399	 	0.00157903	 	0.0234597	 	
3180000	-1.99715	 	1595.47	 	0.999274	 	399.421	 	0.999274	 	922264	 	0.00157889	 	0.0234573	 	
3190000	-1.99715	 	1595.47	 	0.999274	 	399.421	 	0.999274	 	925222	 	0.00157904	 	0.0234606	 	
3200000	-1.99715	 	1595.47	 	0.999274	 	399.421	 	0.999274	 	928210	 	0.00157904	 	0.0234601	 	
3210000	-1.99715	 	1595.47	 	0.999274	 	399.421	 	0.999274	 	931218	 	0.00157941	 	0.0234641	 	
3220000	-1.99715	 	1595.47	 	0.999274	 	399.421	 	0.999274	 	934050	 	0.0015794	 	0.0234657	 	
3230000	-1.99715	 	1595.47	 	0.999274	 	399.421	 	0.999274	 	937022	 	0.00157994	 	0.0234732	 	
3240000	-1.99715	 	1595.47	 	0.999274	 	399.421	 	0.999274	 	939994	 	0.0015798	 	0.0234709	 	
3250000	-1.99715	 	1595.47	 	0.999274	 	399.421	 	0.999274	 	942812	 	0.00157956	 	0.0234673	 	
3260000	-1.99715	 	1595.47	 	0.999274	 	399.421	 	0.999274	 	945631	 	0.00157965	 	0.0234692	 	
3270000	-1.99715	 	1595.47	 	0.999274	 	399.421	 	0.999274	 	948644	 	0.00157967	 	0.0234701	 	
3280000	-1.99715	 	1595.47	 	0.999274	 	399.421	 	0.999274	 	951579	 	0.00157974	 	0.0234713	 	
3290000	-1.99715	 	1595.47	 	0.999274	 	399.421	 	0.999274	 	954309	 	0.00157941	 	0.0234664	 	
3300000	-1.99715	 	1595.47	 	0.999274	 	399.421	 	0.999274	 	957162	 	0.00157923	 	0.0234654	 	
3310000	-1.99715	 	1595.47	 	0.999274	 	399.421	 	0.999274	 	959990	 	0.00157904	 	0.023462	 	
3320000	-1.99715	 	1595.47	 	0.999274	 	399.421	 	0.999274	 	962984	 	0.00157897	 	0.0234627	 	
3330000	-1.99715	 	1595.47	 	0.999274	 	399.421	 	0.999274	 	965960	 	0.00157923	 	0.0234669	 	
3340000	-1.99715	 	1595.47	 	0.999274	 	399.421	 	0.999274	 	968742	 	0.00157885	 	0.0234616	 	
3350000	-1.99715	 	1595.47	 	0.999274	 	399.421	 	0.999274	 	971572	 	0.00157847	 	0.0234558	 	
3360000	-1.99715	 	1595.47	 	0.999274	 	399.421	 	0.999274	 	974462	 	0.00157858	 	0.0234577	 	
3370000	-1.99716	 	1595.48	 	0.999274	 	399.421	 	0.999274	 	977234	 	0.00157831	 	0.0234544	 	
3380000	-1.99716	 	1595.47	 	0.999274	 	399.421	 	0.999274	 	980133	 	0.00157842	 	0.0234559	 	
3390000	-1.99716	 	1595.47	 	0.999274	 	399.421	 	0.999274	 	983024	 	0.00157821	 	0.0234542	 	
3400000	-1.99716	 	1595.48	 	0.999274	 	399.421	 	0.999274	 	985966	 	0.00157816	 	0.0234539	 	
3410000	-1.99716	 	1595.48	 	0.999274	 	399.421	 	0.999274	 	988804	 	0.00157809	 	0.0234526	 	
3420000	-1.99716	 	1595.48	 	0.999274	 	399.421	 	0.999274	 	991814	 	0.00157814	 	0.0234529	 	
3430000	-1.99715	 	1595.47	 	0.999274	 	399.421	 	0.999274	 	994780	 	0.00157834	 	0.0234569	 	
3440000	-1.99716	 	1595.48	 	0.999274	 	399.421	 	0.999274	 	997702	 	0.00157844	 	0.0234572	 	
3450000	-1.99716	 	1595.48	 	0.999274	 	399.421	 	0.999274	 	1000630	 	0.00157798	 	0.0234512	 	
3460000	-1.99716	 	1595.48	 	0.999274	 	399.421	 	0.999274	 	1003410	 	0.00157766	 	0.023447	 	
3470000	-1.99716	 	1595.48	 	0.999274	 	399.421	 	0.999274	 	1006278	 	0.00157777	 	0.0234496	 	
3480000	-1.99716	 	1595.48	 	0.999274	 	399.421	 	0.999274	 	1009265	 	0.00157792	 	0.0234527	 	
3490000	-1.99716	 	1595.48	 	0.999274	 	399.421	 	0.999274	 	1012170	 	0.00157764	 	0.0234497	 	
3500000	-1.99716	 	1595.48	 	0.999274	 	399.421	 	0.999274	 	1015012	 	0.00157778	 	0.0234517	 	
3510000	-1.99716	 	1595.48	 	0.999274	 	399.421	 	0.999274	 	1017960	 	0.00157783	 	0.0234517	 	
3520000	-1.99716	 	1595.48	 	0.999274	 	399.421	 	0.999274	 	1020796	 	0.00157769	 	0.0234504	 	
3530000	-1.99716	 	1595.48	 	0.999274	 	399.421	 	0.999274	 	1023750	 	0.00157789	 	0.0234539	 	
3540000	-1.99716	 	1595.48	 	0.999274	 	399.421	 	0.999274	 	1026571	 	0.00157805	 	0.0234559	 	
3550000	-1.99716	 	1595.48	 	0.999274	 	399.421	 	0.999274	 	1029518	 	0.00157804	 	0.0234544	 	
3560000	-1.99716	 	1595.48	 	0.999274	 	399.421	 	0.999274	 	1032436	 	0.001578	 	0.0234536	 	
3570000	-1.99716	 	1595.47	 	0.999274	 	399.421	 	0.999274	 	1035472	 	0.0015781	 	0.023455	 	
3580000	-1.99716	 	1595.48	 	0.999274	 	399.421	 	0.999274	 	1038378	 	0.001578	 	0.0234532	 	
3590000	-1.99715	 	1595.47	 	0.999274	 	399.421	 	0.999274	 	1041468	 	0.00157841	 	0.0234587	 	
3600000	-1.99715	 	1595.47	 	0.999274	 	399.421	 	0.999274	 	1044446	 	0.00157872	 	0.023461	 	
3610000	-1.99715	 	1595.47	 	0.999274	 	399.421	 	0.999274	 	1047314	 	0.00157857	 	0.0234579	 	
3620000	-1.99715	 	1595.47	 	0.999274	 	399.421	 	0.999274	 	1050148	 	0.00157832	 	0.0234555	 	
3630000	-1.99715	 	1595.47	 	0.999274	 	399.421	 	0.999274	 	1053070	 	0.00157827	 	0.0234538	 	
3640000	-1.99716	 	1595.47	 	0.999274	 	399.421	 	0.999274	 	1055818	 	0.00157796	 	0.0234497	 	
3650000	-1.99715	 	1595.47	 	0.999274	 	399.421	 	0.999274	 	1058834	 	0.00157811	 	0.0234511	 	
3660000	-1.99715	 	1595.47	 	0.999274	 	399.421	 	0.999274	 	1061718	 	0.00157802	 	0.0234499	 	
3670000	-1.99716	 	1595.47	 	0.999274	 	399.421	 	0.999274	 	1064650	 	0.00157782	 	0.0234488	 	
3680000	-1.99715	 	1595.47	 	0.999274	 	399.421	 	0.999274	 	1067566	 	0.00157808	 	0.0234514	 	
3690000	-1.99715	 	1595.47	 	0.999274	 	399.421	 	0.999274	 	1070544	 	0.0015779	 	0.0234501	 	
3700000	-1.99716	 	1595.47	 	0.999274	 	399.421	 	0.999274	 	1073484	 	0.0015778	 	0.0234479	 	
3710000	-1.99716	 	1595.48	 	0.999274	 	399.421	 	0.999274	 	1076382	 	0.00157778	 	0.023448	 	
3720000	-1.99716	 	1595.48	 	0.999274	 	399.421	 	0.999274	 	1079204	 	0.00157769	 	0.0234468	 	
3730000	-1.99716	 	1595.48	 	0.999274	 	399.421	 	0.999274	 	1082088	 	0.00157767	 	0.0234467	 	
3740000	-1.99716	 	1595.47	 	0.999274	 	399.421	 	0.999274	 	1084968	 	0.00157799	 	0.0234514	 	
3750000	-1.99715	 	1595.47	 	0.999274	 	399.421	 	0.999274	 	1088018	 	0.00157839	 	0.0234551	 	
3760000	-1.99715	 	1595.47	 	0.999274	 	399.421	 	0.999274	 	1090910	 	0.00157807	 	0.023451	 	
3770000	-1.99716	 	1595.48	 	0.999274	 	399.421	 	0.999274	 	1093824	 	0.00157797	 	0.023449	 	
3780000	-1.99716	 	1595.48	 	0.999274	 	399.421	 	0.999274	 	1096686	 	0.00157798	 	0.0234473	 	
3790000	-1.99716	 	1595.48	 	0.999274	 	399.421	 	0.999274	 	1099622	 	0.00157787	 	0.0234473	 	
3800000	-1.99716	 	1595.48	 	0.999274	 	399.421	 	0.999274	 	1102356	 	0.00157753	 	0.0234432	 	
3810000	-1.99716	 	1595.48	 	0.999275	 	399.421	 	0.999275	 	1105228	 	0.00157722	 	0.0234404	 	
3820000	-1.99716	 	1595.48	 	0.999275	 	399.421	 	0.999275	 	1108002	 	0.001577	 	0.023438	 	
3830000	-1.99716	 	1595.48	 	0.999275	 	399.421	 	0.999275	 	1110868	 	0.00157695	 	0.0234374	 	
3840000	-1.99716	 	1595.48	 	0.999275	 	399.421	 	0.999275	 	1113848	 	0.00157704	 	0.0234389	 	
3850000	-1.99716	 	1595.48	 	0.999274	 	399.421	 	0.999274	 	1116854	 	0.00157721	 	0.0234412	 	
3860000	-1.99716	 	1595.48	 	0.999275	 	399.421	 	0.999275	 	1119780	 	0.00157703	 	0.0234396	 	
3870000	-1.99716	 	1595.48	 	0.999275	 	399.421	 	0.999275	 	1122690	 	0.00157697	 	0.0234389	 	
3880000	-1.99716	 	1595.48	 	0.999275	 	399.422	 	0.999275	 	1125560	 	0.00157656	 	0.0234332	 	
3890000	-1.99716	 	1595.48	 	0.999275	 	399.422	 	0.999275	 	1128357	 	0.00157633	 	0.0234305	 	
3900000	-1.99716	 	1595.48	 	0.999275	 	399.422	 	0.999275	 	1131308	 	0.00157633	 	0.0234319	 	
3910000	-1.99716	 	1595.48	 	0.999275	 	399.422	 	0.999275	 	1134190	 	0.00157622	 	0.0234303	 	
3920000	-1.99716	 	1595.48	 	0.999275	 	399.422	 	0.999275	 	1137194	 	0.00157619	 	0.02343	 	
3930000	-1.99716	 	1595.48	 	0.999275	 	399.422	 	0.999275	 	1140062	 	0.00157586	 	0.0234249	 	
3940000	-1.99716	 	1595.48	 	0.999275	 	399.422	 	0.999275	 	1142932	 	0.0015759	 	0.0234255	 	
3950000	-1.99716	 	1595.48	 	0.999275	 	399.422	 	0.999275	 	1145686	 	0.0015755	 	0.0234205	 	
3960000	-1.99716	 	1595.48	 	0.999275	 	399.422	 	0.999275	 	1148590	 	0.00157533	 	0.0234187	 	
3970000	-1.99716	 	1595.48	 	0.999275	 	399.422	 	0.999275	 	1151583	 	0.00157554	 	0.0234229	 	
3980000	-1.99716	 	1595.48	 	0.999275	 	399.422	 	0.999275	 	1154466	 	0.00157557	 	0.0234242	 	
3990000	-1.99716	 	1595.48	 	0.999275	 	399.422	 	0.999275	 	1157308	 	0.00157546	 	0.0234215	 	
4000000	-1.99716	 	1595.48	 	0.999275	 	399.422	 	0.999275	 	1160134	 	0.00157539	 	0.0234201	 	
4010000	-1.99716	 	1595.48	 	0.999275	 	399.422	 	0.999275	 	1163156	 	0.0015755	 	0.0234211	 	
4020000	-1.99716	 	1595.48	 	0.999275	 	399.422	 	0.999275	 	1166010	 	0.00157536	 	0.0234191	 	
4030000	-1.99716	 	1595.48	 	0.999275	 	399.422	 	0.999275	 	1168976	 	0.00157525	 	0.0234182	 	
4040000	-1.99716	 	1595.48	 	0.999275	 	399.422	 	0.999275	 	1171930	 	0.00157514	 	0.0234172	 	
4050000	-1.99716	 	1595.48	 	0.999275	 	399.422	 	0.999275	 	1174776	 	0.00157483	 	0.0234133	 	
4060000	-1.99716	 	1595.48	 	0.999275	 	399.422	 	0.999275	 	1177522	 	0.00157505	 	0.0234147	 	
4070000	-1.99716	 	1595.48	 	0.999275	 	399.422	 	0.999275	 	1180412	 	0.0015749	 	0.0234125	 	
4080000	-1.99716	 	1595.48	 	0.999275	 	399.422	 	0.999275	 	1183334	 	0.0015749	 	0.0234132	 	
4090000	-1.99716	 	1595.48	 	0.999275	 	399.422	 	0.999275	 	1186222	 	0.00157495	 	0.0234144	 	
4100000	-1.99716	 	1595.48	 	0.999275	 	399.422	 	0.999275	 	1189034	 	0.00157477	 	0.0234128	 	
4110000	-1.99716	 	1595.48	 	0.999275	 	399.422	 	0.999275	 	1191942	 	0.00157474	 	0.023413	 	
4120000	-1.99716	 	1595.48	 	0.999275	 	399.422	 	0.999275	 	1194852	 	0.00157458	 	0.0234108	 	
4130000	-1.99716	 	1595.48	 	0.999275	 	399.422	 	0.999275	 	1197716	 	0.00157445	 	0.0234091	 	
4140000	-1.99716	 	1595.48	 	0.999275	 	399.422	 	0.999275	 	1200570	 	0.00157443	 	0.0234075	 	
4150000	-1.99716	 	1595.48	 	0.999275	 	399.422	 	0.999275	 	1203494	 	0.00157445	 	0.0234088	 	
4160000	-1.99716	 	1595.48	 	0.999275	 	399.422	 	0.999275	 	1206386	 	0.00157445	 	0.0234092	 	
4170000	-1.99716	 	1595.48	 	0.999275	 	399.422	 	0.999275	 	1209216	 	0.00157433	 	0.0234073	 	
4180000	-1.99716	 	1595.48	 	0.999275	 	399.422	 	0.999275	 	1212248	 	0.00157473	 	0.0234127	 	
4190000	-1.99716	 	1595.48	 	0.999275	 	399.422	 	0.999275	 	1215292	 	0.0015747	 	0.0234129	 	
4200000	-1.99716	 	1595.48	 	0.999275	 	399.422	 	0.999275	 	1218319	 	0.00157479	 	0.0234138	 	
4210000	-1.99716	 	1595.48	 	0.999275	 	399.422	 	0.999275	 	1221298	 	0.00157471	 	0.0234137	 	
4220000	-1.99716	 	1595.48	 	0.999275	 	399.422	 	0.999275	 	1224288	 	0.00157483	 	0.0234156	 	
4230000	-1.99716	 	1595.48	 	0.999275	 	399.422	 	0.999275	 	1227214	 	0.00157501	 	0.0234188	 	
4240000	-1.99716	 	1595.48	 	0.999275	 	399.422	 	0.999275	 	1230204	 	0.00157513	 	0.0234193	 	
4250000	-1.99716	 	1595.48	 	0.999275	 	399.422	 	0.999275	 	1233223	 	0.00157524	 	0.0234224	 	
4260000	-1.99716	 	1595.48	 	0.999275	 	399.422	 	0.999275	 	1236034	 	0.00157499	 	0.0234194	 	
4270000	-1.99716	 	1595.48	 	0.999275	 	399.422	 	0.999275	 	1239124	 	0.00157552	 	0.0234262	 	
4280000	-1.99716	 	1595.48	 	0.999275	 	399.422	 	0.999275	 	1242051	 	0.00157558	 	0.0234274	 	
4290000	-1.99716	 	1595.48	 	0.999275	 	399.421	 	0.999275	 	1245042	 	0.0015757	 	0.0234293	 	
4300000	-1.99716	 	1595.48	 	0.999275	 	399.421	 	0.999275	 	1247954	 	0.00157571	 	0.0234289	 	
4310000	-1.99716	 	1595.48	 	0.999275	 	399.422	 	0.999275	 	1250858	 	0.00157549	 	0.0234266	 	
4320000	-1.99716	 	1595.48	 	0.999275	 	399.421	 	0.999275	 	1253793	 	0.00157561	 	0.0234286	 	
4330000	-1.99716	 	1595.48	 	0.999274	 	399.421	 	0.999274	 	1256752	 	0.00157582	 	0.0234321	 	
4340000	-1.99716	 	1595.48	 	0.999274	 	399.421	 	0.999274	 	1259590	 	0.0015759	 	0.0234336	 	
4350000	-1.99716	 	1595.48	 	0.999274	 	399.421	 	0.999274	 	1262412	 	0.00157599	 	0.0234332	 	
4360000	-1.99716	 	1595.48	 	0.999275	 	399.421	 	0.999275	 	1265214	 	0.00157584	 	0.0234314	 	
4370000	-1.99716	 	1595.48	 	0.999274	 	399.421	 	0.999274	 	1268160	 	0.00157583	 	0.023432	 	
4380000	-1.99716	 	1595.48	 	0.999274	 	399.421	 	0.999274	 	1271082	 	0.00157586	 	0.0234321	 	
4390000	-1.99716	 	1595.48	 	0.999274	 	399.421	 	0.999274	 	1273986	 	0.00157584	 	0.0234324	 	
4400000	-1.99716	 	1595.48	 	0.999274	 	399.421	 	0.999274	 	1276970	 	0.00157605	 	0.0234347	 	
4410000	-1.99716	 	1595.48	 	0.999274	 	399.421	 	0.999274	 	1279820	 	0.00157606	 	0.0234348	 	
4420000	-1.99716	 	1595.48	 	0.999274	 	399.421	 	0.999274	 	1282720	 	0.00157616	 	0.0234367	 	
4430000	-1.99716	 	1595.48	 	0.999274	 	399.421	 	0.999274	 	1285647	 	0.00157628	 	0.023439	 	
4440000	-1.99716	 	1595.48	 	0.999274	 	399.421	 	0.999274	 	1288430	 	0.00157609	 	0.023436	 	
4450000	-1.99716	 	1595.48	 	0.999274	 	399.421	 	0.999274	 	1291343	 	0.00157596	 	0.0234343	 	
4460000	-1.99716	 	1595.48	 	0.999274	 	399.421	 	0.999274	 	1294344	 	0.00157629	 	0.0234369	 	
4470000	-1.99716	 	1595.48	 	0.999274	 	399.421	 	0.999274	 	1297152	 	0.00157604	 	0.0234344	 	
4480000	-1.99716	 	1595.48	 	0.999274	 	399.421	 	0.999274	 	1299960	 	0.00157593	 	0.0234329	 	
4490000	-1.99716	 	1595.48	 	0.999274	 	399.421	 	0.999274	 	1302850	 	0.00157599	 	0.0234329	 	
4500000	-1.99716	 	1595.48	 	0.999274	 	399.421	 	0.999274	 	1305738	 	0.00157616	 	0.0234343	 	
4510000	-1.99716	 	1595.48	 	0.999274	 	399.421	 	0.999274	 	1308698	 	0.00157611	 	0.0234335	 	
4520000	-1.99716	 	1595.48	 	0.999274	 	399.421	 	0.999274	 	1311628	 	0.00157639	 	0.0234369	 	
4530000	-1.99716	 	1595.47	 	0.999274	 	399.421	 	0.999274	 	1314624	 	0.00157661	 	0.0234408	 	
4540000	-1.99716	 	1595.48	 	0.999274	 	399.421	 	0.999274	 	1317407	 	0.00157644	 	0.023438	 	
4550000	-1.99716	 	1595.48	 	0.999274	 	399.421	 	0.999274	 	1320263	 	0.00157639	 	0.0234385	 	
4560000	-1.99716	 	1595.48	 	0.999274	 	399.421	 	0.999274	 	1323221	 	0.00157637	 	0.0234385	 	
4570000	-1.99716	 	1595.48	 	0.999274	 	399.421	 	0.999274	 	1326045	 	0.00157625	 	0.023436	 	
4580000	-1.99716	 	1595.48	 	0.999275	 	399.421	 	0.999275	 	1328872	 	0.00157602	 	0.0234331	 	
4590000	-1.99716	 	1595.48	 	0.999275	 	399.421	 	0.999275	 	1331724	 	0.00157573	 	0.0234298	 	
4600000	-1.99716	 	1595.48	 	0.999275	 	399.422	 	0.999275	 	1334564	 	0.00157557	 	0.0234273	 	
4610000	-1.99716	 	1595.48	 	0.999275	 	399.422	 	0.999275	 	1337408	 	0.00157543	 	0.0234255	 	
4620000	-1.99716	 	1595.48	 	0.999275	 	399.422	 	0.999275	 	1340292	 	0.00157546	 	0.0234267	 	
4630000	-1.99716	 	1595.48	 	0.999275	 	399.422	 	0.999275	 	1343112	 	0.00157526	 	0.0234239	 	
4640000	-1.99716	 	1595.48	 	0.999275	 	399.422	 	0.999275	 	1345939	 	0.00157514	 	0.0234228	 	
4650000	-1.99716	 	1595.48	 	0.999275	 	399.422	 	0.999275	 	1348963	 	0.00157519	 	0.0234245	 	
4660000	-1.99716	 	1595.48	 	0.999275	 	399.422	 	0.999275	 	1351862	 	0.00157501	 	0.0234223	 	
4670000	-1.99716	 	1595.48	 	0.999275	 	399.422	 	0.999275	 	1354778	 	0.00157518	 	0.0234248	 	
4680000	-1.99716	 	1595.48	 	0.999275	 	399.422	 	0.999275	 	1357670	 	0.00157512	 	0.0234239	 	
4690000	-1.99716	 	1595.48	 	0.999275	 	399.422	 	0.999275	 	1360514	 	0.00157508	 	0.0234231	 	
4700000	-1.99716	 	1595.48	 	0.999275	 	399.422	 	0.999275	 	1363346	 	0.00157511	 	0.0234232	 	
4710000	-1.99716	 	1595.48	 	0.999275	 	399.422	 	0.999275	 	1366222	 	0.00157521	 	0.0234242	 	
4720000	-1.99716	 	1595.48	 	0.999275	 	399.422	 	0.999275	 	1369188	 	0.00157513	 	0.0234231	 	
4730000	-1.99716	 	1595.48	 	0.999275	 	399.422	 	0.999275	 	1372115	 	0.00157521	 	0.023424	 	
4740000	-1.99716	 	1595.48	 	0.999275	 	399.422	 	0.999275	 	1375042	 	0.00157507	 	0.0234228	 	
4750000	-1.99716	 	1595.48	 	0.999275	 	399.422	 	0.999275	 	1377846	 	0.00157481	 	0.0234196	 	
4760000	-1.99716	 	1595.48	 	0.999275	 	399.422	 	0.999275	 	1380744	 	0.00157483	 	0.0234191	 	
4770000	-1.99716	 	1595.48	 	0.999275	 	399.422	 	0.999275	 	1383762	 	0.00157488	 	0.023421	 	
4780000	-1.99716	 	1595.48	 	0.999275	 	399.422	 	0.999275	 	1386690	 	0.00157486	 	0.023421	 	
4790000	-1.99716	 	1595.48	 	0.999275	 	399.422	 	0.999275	 	1389554	 	0.00157462	 	0.0234179	 	
4800000	-1.99716	 	1595.48	 	0.999275	 	399.422	 	0.999275	 	1392486	 	0.00157492	 	0.0234222	 	
4810000	-1.99716	 	1595.48	 	0.999275	 	399.422	 	0.999275	 	1395310	 	0.00157467	 	0.0234182	 	
4820000	-1.99716	 	1595.48	 	0.999275	 	399.422	 	0.999275	 	1398132	 	0.00157476	 	0.02342	 	
4830000	-1.99716	 	1595.48	 	0.999275	 	399.422	 	0.999275	 	1401052	 	0.0015748	 	0.0234197	 	
4840000	-1.99716	 	1595.48	 	0.999275	 	399.422	 	0.999275	 	1404086	 	0.00157487	 	0.0234209	 	
4850000	-1.99716	 	1595.48	 	0.999275	 	399.422	 	0.999275	 	1406864	 	0.00157456	 	0.0234168	 	
4860000	-1.99716	 	1595.48	 	0.999275	 	399.422	 	0.999275	 	1409692	 	0.00157462	 	0.0234179	 	
4870000	-1.99716	 	1595.48	 	0.999275	 	399.422	 	0.999275	 	1412636	 	0.00157477	 	0.0234194	 	
4880000	-1.99716	 	1595.48	 	0.999275	 	399.422	 	0.999275	 	1415598	 	0.00157485	 	0.0234201	 	
4890000	-1.99716	 	1595.48	 	0.999275	 	399.422	 	0.999275	 	1418419	 	0.00157488	 	0.0234204	 	
4900000	-1.99716	 	1595.48	 	0.999275	 	399.422	 	0.999275	 	1421300	 	0.00157487	 	0.023421	 	
4910000	-1.99716	 	1595.48	 	0.999275	 	399.422	 	0.999275	 	1424120	 	0.00157465	 	0.0234184	 	
4920000	-1.99716	 	1595.48	 	0.999275	 	399.422	 	0.999275	 	1427048	 	0.00157466	 	0.0234189	 	
4930000	-1.99716	 	1595.48	 	0.999275	 	399.422	 	0.999275	 	1429916	 	0.00157462	 	0.0234187	 	
4940000	-1.99716	 	1595.48	 	0.999275	 	399.422	 	0.999275	 	1432786	 	0.00157458	 	0.0234185	 	
4950000	-1.99716	 	1595.48	 	0.999275	 	399.422	 	0.999275	 	1435618	 	0.0015745	 	0.0234166	 	
4960000	-1.99716	 	1595.48	 	0.999275	 	399.422	 	0.999275	 	1438670	 	0.00157462	 	0.0234187	 	
4970000	-1.99716	 	1595.48	 	0.999275	 	399.422	 	0.999275	 	1441442	 	0.00157432	 	0.023415	 	
4980000	-1.99716	 	1595.48	 	0.999275	 	399.422	 	0.999275	 	1444446	 	0.00157451	 	0.0234174	 	
4990000	-1.99716	 	1595.48	 	0.999275	 	399.422	 	0.999275	 	1447434	 	0.00157441	 	0.0234166	 	
5000000	-1.99716	 	1595.48	 	0.999275	 	399.422	 	0.999275	 	1450535	 	0.0015748	 	0.0234226	 	
5010000	-1.99716	 	1595.48	 	0.999275	 	399.422	 	0.999275	 	1453480	 	0.00157487	 	0.0234233	 	
5020000	-1.99716	 	1595.48	 	0.999275	 	399.422	 	0.999275	 	1456312	 	0.00157467	 	0.0234205	 	
5030000	-1.99716	 	1595.48	 	0.999275	 	399.422	 	0.999275	 	1459191	 	0.00157456	 	0.023419	 	
5040000	-1.99716	 	1595.48	 	0.999275	 	399.422	 	0.999275	 	1462063	 	0.00157433	 	0.0234162	 	
5050000	-1.99716	 	1595.48	 	0.999275	 	399.422	 	0.999275	 	1464869	 	0.00157412	 	0.0234124	 	
5060000	-1.99716	 	1595.48	 	0.999275	 	399.422	 	0.999275	 	1467692	 	0.00157397	 	0.0234115	 	
5070000	-1.99716	 	1595.48	 	0.999275	 	399.422	 	0.999275	 	1470424	 	0.00157371	 	0.0234079	 	
5080000	-1.99716	 	1595.48	 	0.999275	 	399.422	 	0.999275	 	1473300	 	0.00157364	 	0.0234067	 	
5090000	-1.99716	 	1595.48	 	0.999275	 	399.422	 	0.999275	 	1476198	 	0.00157347	 	0.0234045	 	
5100000	-1.99716	 	1595.48	 	0.999275	 	399.422	 	0.999275	 	1478920	 	0.00157324	 	0.0234019	 	
5110000	-1.99716	 	1595.48	 	0.999275	 	399.422	 	0.999275	 	1481886	 	0.00157334	 	0.0234041	 	
5120000	-1.99716	 	1595.48	 	0.999275	 	399.422	 	0.999275	 	1484764	 	0.00157314	 	0.0234018	 	
5130000	-1.99716	 	1595.48	 	0.999275	 	399.422	 	0.999275	 	1487686	 	0.00157321	 	0.023402	 	
5140000	-1.99716	 	1595.48	 	0.999275	 	399.422	 	0.999275	 	1490593	 	0.00157289	 	0.0233982	 	
5150000	-1.99716	 	1595.48	 	0.999275	 	399.422	 	0.999275	 	1493479	 	0.00157272	 	0.0233958	 	
5160000	-1.99716	 	1595.48	 	0.999275	 	399.422	 	0.999275	 	1496410	 	0.00157285	 	0.0233976	 	
5170000	-1.99716	 	1595.48	 	0.999275	 	399.422	 	0.999275	 	1499398	 	0.00157281	 	0.0233977	 	
5180000	-1.99716	 	1595.48	 	0.999275	 	399.422	 	0.999275	 	1502382	 	0.00157293	 	0.0233997	 	
5190000	-1.99716	 	1595.48	 	0.999275	 	399.422	 	0.999275	 	1505302	 	0.00157276	 	0.0233979	 	
5200000	-1.99716	 	1595.48	 	0.999275	 	399.422	 	0.999275	 	1508116	 	0.00157263	 	0.0233958	 	
5210000	-1.99716	 	1595.48	 	0.999275	 	399.422	 	0.999275	 	1511072	 	0.00157278	 	0.0233982	 	
5220000	-1.99716	 	1595.48	 	0.999275	 	399.422	 	0.999275	 	1514000	 	0.0015728	 	0.0233984	 	
5230000	-1.99716	 	1595.48	 	0.999275	 	399.422	 	0.999275	 	1516828	 	0.00157255	 	0.0233953	 	
5240000	-1.99716	 	1595.48	 	0.999275	 	399.422	 	0.999275	 	1519602	 	0.00157241	 	0.0233936	 	
5250000	-1.99716	 	1595.48	 	0.999276	 	399.422	 	0.999276	 	1522454	 	0.00157232	 	0.0233926	 	
5260000	-1.99716	 	1595.48	 	0.999276	 	399.422	 	0.999276	 	1525282	 	0.00157216	 	0.0233912	 	
5270000	-1.99716	 	1595.48	 	0.999275	 	399.422	 	0.999275	 	1528265	 	0.0015723	 	0.0233927	 	
5280000	-1.99716	 	1595.48	 	0.999275	 	399.422	 	0.999275	 	1531162	 	0.00157227	 	0.0233921	 	
5290000	-1.99716	 	1595.48	 	0.999276	 	399.422	 	0.999276	 	1534028	 	0.00157219	 	0.0233908	 	
5300000	-1.99716	 	1595.48	 	0.999276	 	399.422	 	0.999276	 	1536793	 	0.00157213	 	0.0233905	 	
5310000	-1.99716	 	1595.48	 	0.999276	 	399.422	 	0.999276	 	1539608	 	0.00157191	 	0.0233872	 	
5320000	-1.99716	 	1595.48	 	0.999276	 	399.422	 	0.999276	 	1542612	 	0.00157203	 	0.0233886	 	
5330000	-1.99716	 	1595.48	 	0.999276	 	399.422	 	0.999276	 	1545668	 	0.00157237	 	0.0233934	 	
5340000	-1.99716	 	1595.48	 	0.999276	 	399.422	 	0.999276	 	1548674	 	0.00157228	 	0.0233921	 	
5350000	-1.99716	 	1595.48	 	0.999276	 	399.422	 	0.999276	 	1551631	 	0.00157229	 	0.0233913	 	
5360000	-1.99716	 	1595.48	 	0.999276	 	399.422	 	0.999276	 	1554566	 	0.00157231	 	0.0233917	 	
5370000	-1.99716	 	1595.48	 	0.999276	 	399.422	 	0.999276	 	1557477	 	0.00157246	 	0.0233945	 	
5380000	-1.99716	 	1595.48	 	0.999276	 	399.422	 	0.999276	 	1560302	 	0.00157227	 	0.0233927	 	
5390000	-1.99716	 	1595.48	 	0.999276	 	399.422	 	0.999276	 	1563164	 	0.00157224	 	0.0233933	 	
5400000	-1.99716	 	1595.48	 	0.999276	 	399.422	 	0.999276	 	1566068	 	0.00157223	 	0.0233931	 	
5410000	-1.99716	 	1595.48	 	0.999276	 	399.422	 	0.999276	 	1568930	 	0.00157237	 	0.0233952	 	
5420000	-1.99716	 	1595.48	 	0.999276	 	399.422	 	0.999276	 	1571846	 	0.00157245	 	0.023396	 	
5430000	-1.99716	 	1595.48	 	0.999276	 	399.422	 	0.999276	 	1574678	 	0.00157225	 	0.0233933	 	
5440000	-1.99716	 	1595.48	 	0.999276	 	399.422	 	0.999276	 	1577424	 	0.00157222	 	0.0233919	 	
5450000	-1.99716	 	1595.48	 	0.999276	 	399.422	 	0.999276	 	1580141	 	0.00157195	 	0.0233884	 	
5460000	-1.99716	 	1595.48	 	0.999276	 	399.422	 	0.999276	 	1583028	 	0.00157206	 	0.0233894	 	
5470000	-1.99716	 	1595.48	 	0.999276	 	399.422	 	0.999276	 	1585912	 	0.00157182	 	0.0233869	 	
5480000	-1.99716	 	1595.48	 	0.999276	 	399.422	 	0.999276	 	1588800	 	0.00157187	 	0.0233887	 	
5490000	-1.99716	 	1595.48	 	0.999276	 	399.422	 	0.999276	 	1591804	 	0.00157195	 	0.0233902	 	
5500000	-1.99716	 	1595.48	 	0.999276	 	399.422	 	0.999276	 	1594682	 	0.00157172	 	0.0233869	 	
5510000	-1.99716	 	1595.48	 	0.999276	 	399.422	 	0.999276	 	1597538	 	0.00157166	 	0.0233854	 	
5520000	-1.99716	 	1595.48	 	0.999276	 	399.422	 	0.999276	 	1600476	 	0.00157173	 	0.0233864	 	
5530000	-1.99716	 	1595.48	 	0.999276	 	399.422	 	0.999276	 	1603454	 	0.00157165	 	0.0233852	 	
5540000	-1.99716	 	1595.48	 	0.999276	 	399.422	 	0.999276	 	1606378	 	0.00157154	 	0.0233843	 	
5550000	-1.99716	 	1595.48	 	0.999276	 	399.422	 	0.999276	 	1609241	 	0.00157165	 	0.0233858	 	
5560000	-1.99716	 	1595.48	 	0.999276	 	399.422	 	0.999276	 	1612004	 	0.00157154	 	0.0233847	 	
5570000	-1.99716	 	1595.48	 	0.999276	 	399.422	 	0.999276	 	1614920	 	0.00157148	 	0.0233839	 	
5580000	-1.99716	 	1595.48	 	0.999276	 	399.422	 	0.999276	 	1617860	 	0.00157167	 	0.0233864	 	
5590000	-1.99716	 	1595.48	 	0.999276	 	399.422	 	0.999276	 	1620766	 	0.00157166	 	0.0233862	 	
5600000	-1.99716	 	1595.48	 	0.999276	 	399.422	 	0.999276	 	1623576	 	0.00157154	 	0.0233839	 	
5610000	-1.99716	 	1595.48	 	0.999276	 	399.422	 	0.999276	 	1626398	 	0.00157131	 	0.0233816	 	
5620000	-1.99716	 	1595.48	 	0.999276	 	399.422	 	0.999276	 	1629298	 	0.00157138	 	0.0233822	 	
5630000	-1.99716	 	1595.48	 	0.999276	 	399.422	 	0.999276	 	1632327	 	0.0015718	 	0.0233877	 	
5640000	-1.99716	 	1595.48	 	0.999276	 	399.422	 	0.999276	 	1635168	 	0.00157168	 	0.0233863	 	
5650000	-1.99716	 	1595.48	 	0.999276	 	399.422	 	0.999276	 	1638057	 	0.00157145	 	0.0233835	 	
5660000	-1.99716	 	1595.48	 	0.999276	 	399.422	 	0.999276	 	1640986	 	0.00157155	 	0.0233845	 	
5670000	-1.99716	 	1595.48	 	0.999276	 	399.422	 	0.999276	 	1643836	 	0.00157133	 	0.0233819	 	
5680000	-1.99716	 	1595.48	 	0.999276	 	399.422	 	0.999276	 	1646746	 	0.00157128	 	0.0233815	 	
5690000	-1.99716	 	1595.48	 	0.999276	 	399.422	 	0.999276	 	1649610	 	0.00157118	 	0.02338	 	
5700000	-1.99716	 	1595.48	 	0.999276	 	399.422	 	0.999276	 	1652464	 	0.00157111	 	0.0233788	 	
5710000	-1.99716	 	1595.48	 	0.999276	 	399.423	 	0.999276	 	1655306	 	0.00157093	 	0.0233769	 	
5720000	-1.99716	 	1595.48	 	0.999276	 	399.422	 	0.999276	 	1658368	 	0.00157119	 	0.0233806	 	
5730000	-1.99716	 	1595.48	 	0.999276	 	399.422	 	0.999276	 	1661340	 	0.00157155	 	0.0233847	 	
5740000	-1.99716	 	1595.48	 	0.999276	 	399.422	 	0.999276	 	1664400	 	0.00157201	 	0.0233904	 	
5750000	-1.99716	 	1595.48	 	0.999276	 	399.422	 	0.999276	 	1667296	 	0.00157192	 	0.0233894	 	
5760000	-1.99716	 	1595.48	 	0.999275	 	399.422	 	0.999275	 	1670270	 	0.00157204	 	0.0233912	 	
5770000	-1.99716	 	1595.48	 	0.999276	 	399.422	 	0.999276	 	1673246	 	0.00157197	 	0.023391	 	
5780000	-1.99716	 	1595.48	 	0.999276	 	399.422	 	0.999276	 	1676238	 	0.00157186	 	0.0233898	 	
5790000	-1.99716	 	1595.48	 	0.999276	 	399.422	 	0.999276	 	1679180	 	0.00157172	 	0.0233883	 	
5800000	-1.99716	 	1595.48	 	0.999276	 	399.422	 	0.999276	 	1681934	 	0.00157154	 	0.0233862	 	
5810000	-1.99716	 	1595.48	 	0.999276	 	399.422	 	0.999276	 	1684750	 	0.00157138	 	0.0233841	 	
5820000	-1.99716	 	1595.48	 	0.999276	 	399.422	 	0.999276	 	1687542	 	0.00157133	 	0.0233837	 	
5830000	-1.99716	 	1595.48	 	0.999276	 	399.422	 	0.999276	 	1690464	 	0.00157133	 	0.0233842	 	
5840000	-1.99716	 	1595.48	 	0.999276	 	399.422	 	0.999276	 	1693418	 	0.00157142	 	0.0233853	 	
5850000	-1.99716	 	1595.48	 	0.999276	 	399.422	 	0.999276	 	1696158	 	0.00157128	 	0.0233834	 	
5860000	-1.99716	 	1595.48	 	0.999276	 	399.422	 	0.999276	 	1699067	 	0.00157117	 	0.0233815	 	
5870000	-1.99716	 	1595.48	 	0.999276	 	399.422	 	0.999276	 	1701966	 	0.00157123	 	0.0233819	 	
5880000	-1.99716	 	1595.48	 	0.999276	 	399.422	 	0.999276	 	1704814	 	0.00157128	 	0.0233832	 	
5890000	-1.99716	 	1595.48	 	0.999276	 	399.422	 	0.999276	 	1707820	 	0.00157156	 	0.0233873	 	
5900000	-1.99716	 	1595.48	 	0.999276	 	399.422	 	0.999276	 	1710666	 	0.00157135	 	0.0233844	 	
5910000	-1.99716	 	1595.48	 	0.999276	 	399.422	 	0.999276	 	1713660	 	0.00157169	 	0.0233893	 	
5920000	-1.99716	 	1595.48	 	0.999276	 	399.422	 	0.999276	 	1716612	 	0.00157176	 	0.0233894	 	
5930000	-1.99716	 	1595.48	 	0.999275	 	399.422	 	0.999275	 	1719576	 	0.00157205	 	0.0233937	 	
5940000	-1.99716	 	1595.48	 	0.999275	 	399.422	 	0.999275	 	1722574	 	0.0015721	 	0.0233945	 	
5950000	-1.99716	 	1595.48	 	0.999275	 	399.422	 	0.999275	 	1725530	 	0.00157214	 	0.0233948	 	
5960000	-1.99716	 	1595.48	 	0.999275	 	399.422	 	0.999275	 	1728536	 	0.00157227	 	0.0233967	 	
5970000	-1.99716	 	1595.48	 	0.999275	 	399.422	 	0.999275	 	1731350	 	0.0015721	 	0.0233943	 	
5980000	-1.99716	 	1595.48	 	0.999275	 	399.422	 	0.999275	 	1734306	 	0.00157234	 	0.0233983	 	
5990000	-1.99716	 	1595.48	 	0.999275	 	399.422	 	0.999275	 	1737366	 	0.00157236	 	0.0233986	 	
6000000	-1.99716	 	1595.48	 	0.999275	 	399.422	 	0.999275	 	1740318	 	0.00157249	 	0.0234006	 	
6010000	-1.99716	 	1595.48	 	0.999275	 	399.422	 	0.999275	 	1743324	 	0.00157261	 	0.0234025	 	
6020000	-1.99716	 	1595.48	 	0.999275	 	399.422	 	0.999275	 	1746270	 	0.00157268	 	0.0234031	 	
6030000	-1.99716	 	1595.48	 	0.999275	 	399.422	 	0.999275	 	1749220	 	0.00157262	 	0.0234028	 	
6040000	-1.99716	 	1595.48	 	0.999275	 	399.422	 	0.999275	 	1752016	 	0.0015726	 	0.0234032	 	
6050000	-1.99716	 	1595.48	 	0.999275	 	399.422	 	0.999275	 	1754820	 	0.00157257	 	0.0234022	 	
6060000	-1.99716	 	1595.48	 	0.999275	 	399.422	 	0.999275	 	1757622	 	0.00157227	 	0.0233986	 	
6070000	-1.99716	 	1595.48	 	0.999275	 	399.422	 	0.999275	 	1760588	 	0.00157237	 	0.0233998	 	
6080000	-1.99716	 	1595.48	 	0.999275	 	399.422	 	0.999275	 	1763484	 	0.00157235	 	0.0233998	 	
6090000	-1.99716	 	1595.48	 	0.999275	 	399.422	 	0.999275	 	1766314	 	0.00157239	 	0.023401	 	
6100000	-1.99716	 	1595.48	 	0.999275	 	399.422	 	0.999275	 	1769060	 	0.00157226	 	0.0233998	 	
6110000	-1.99716	 	1595.48	 	0.999275	 	399.422	 	0.999275	 	1771954	 	0.00157223	 	0.0233992	 	
6120000	-1.99716	 	1595.48	 	0.999275	 	399.422	 	0.999275	 	1774892	 	0.00157221	 	0.023399	 	
6130000	-1.99716	 	1595.48	 	0.999275	 	399.422	 	0.999275	 	1777782	 	0.00157231	 	0.0234	 	
6140000	-1.99716	 	1595.48	 	0.999275	 	399.422	 	0.999275	 	1780708	 	0.00157216	 	0.0233971	 	
6150000	-1.99716	 	1595.48	 	0.999275	 	399.422	 	0.999275	 	1783749	 	0.00157235	 	0.0234003	 	
6160000	-1.99716	 	1595.48	 	0.999275	 	399.422	 	0.999275	 	1786624	 	0.00157231	 	0.0233998	 	
6170000	-1.99716	 	1595.48	 	0.999275	 	399.422	 	0.999275	 	1789436	 	0.00157221	 	0.0233987	 	
6180000	-1.99716	 	1595.48	 	0.999275	 	399.422	 	0.999275	 	1792396	 	0.0015723	 	0.0233998	 	
6190000	-1.99716	 	1595.48	 	0.999275	 	399.422	 	0.999275	 	1795304	 	0.00157241	 	0.0233997	 	
6200000	-1.99716	 	1595.48	 	0.999275	 	399.422	 	0.999275	 	1798300	 	0.00157252	 	0.023401	 	
6210000	-1.99716	 	1595.48	 	0.999275	 	399.422	 	0.999275	 	1801100	 	0.00157243	 	0.0234001	 	
6220000	-1.99716	 	1595.48	 	0.999275	 	399.422	 	0.999275	 	1803756	 	0.00157221	 	0.0233969	 	
6230000	-1.99716	 	1595.48	 	0.999276	 	399.422	 	0.999276	 	1806500	 	0.00157198	 	0.0233932	 	
6240000	-1.99716	 	1595.48	 	0.999276	 	399.422	 	0.999276	 	1809352	 	0.00157185	 	0.0233913	 	
6250000	-1.99716	 	1595.48	 	0.999276	 	399.422	 	0.999276	 	1812280	 	0.00157192	 	0.0233912	 	
6260000	-1.99716	 	1595.48	 	0.999276	 	399.422	 	0.999276	 	1815334	 	0.00157198	 	0.0233927	 	
6270000	-1.99716	 	1595.48	 	0.999276	 	399.422	 	0.999276	 	1818104	 	0.00157166	 	0.0233889	 	
6280000	-1.99716	 	1595.48	 	0.999276	 	399.422	 	0.999276	 	1821110	 	0.00157183	 	0.0233919	 	
6290000	-1.99716	 	1595.48	 	0.999276	 	399.422	 	0.999276	 	1824018	 	0.00157184	 	0.0233918	 	
6300000	-1.99716	 	1595.48	 	0.999276	 	399.422	 	0.999276	 	1826966	 	0.00157195	 	0.0233934	 	
6310000	-1.99716	 	1595.48	 	0.999276	 	399.422	 	0.999276	 	1829752	 	0.0015719	 	0.0233928	 	
6320000	-1.99716	 	1595.48	 	0.999276	 	399.422	 	0.999276	 	1832704	 	0.00157196	 	0.0233934	 	
6330000	-1.99716	 	1595.48	 	0.999276	 	399.422	 	0.999276	 	1835608	 	0.00157183	 	0.0233917	 	
6340000	-1.99716	 	1595.48	 	0.999276	 	399.422	 	0.999276	 	1838632	 	0.00157192	 	0.0233927	 	
6350000	-1.99716	 	1595.48	 	0.999276	 	399.422	 	0.999276	 	1841512	 	0.00157177	 	0.0233917	 	
6360000	-1.99716	 	1595.48	 	0.999276	 	399.422	 	0.999276	 	1844382	 	0.00157182	 	0.0233921	 	
6370000	-1.99716	 	1595.48	 	0.999276	 	399.422	 	0.999276	 	1847171	 	0.00157158	 	0.0233892	 	
6380000	-1.99716	 	1595.48	 	0.999276	 	399.422	 	0.999276	 	1850164	 	0.00157176	 	0.0233915	 	
6390000	-1.99716	 	1595.48	 	0.999276	 	399.422	 	0.999276	 	1853154	 	0.00157186	 	0.0233933	 	
6400000	-1.99716	 	1595.48	 	0.999276	 	399.422	 	0.999276	 	1856086	 	0.00157194	 	0.0233945	 	
6410000	-1.99716	 	1595.48	 	0.999275	 	399.422	 	0.999275	 	1859140	 	0.0015723	 	0.0233983	 	
6420000	-1.99716	 	1595.48	 	0.999276	 	399.422	 	0.999276	 	1861902	 	0.00157212	 	0.0233958	 	
6430000	-1.99716	 	1595.48	 	0.999276	 	399.422	 	0.999276	 	1864784	 	0.00157204	 	0.0233952	 	
6440000	-1.99716	 	1595.48	 	0.999276	 	399.422	 	0.999276	 	1867780	 	0.0015721	 	0.0233961	 	
6450000	-1.99716	 	1595.48	 	0.999276	 	399.422	 	0.999276	 	1870670	 	0.00157221	 	0.0233965	 	
6460000	-1.99716	 	1595.48	 	0.999276	 	399.422	 	0.999276	 	1873610	 	0.00157212	 	0.0233956	 	
6470000	-1.99716	 	1595.48	 	0.999275	 	399.422	 	0.999275	 	1876616	 	0.00157239	 	0.0233993	 	
6480000	-1.99716	 	1595.48	 	0.999275	 	399.422	 	0.999275	 	1879438	 	0.00157225	 	0.0233973	 	
6490000	-1.99716	 	1595.48	 	0.999275	 	399.422	 	0.999275	 	1882474	 	0.00157244	 	0.023399	 	
6500000	-1.99716	 	1595.48	 	0.999276	 	399.422	 	0.999276	 	1885294	 	0.00157228	 	0.0233971	 	
6510000	-1.99716	 	1595.48	 	0.999276	 	399.422	 	0.999276	 	1888190	 	0.00157227	 	0.0233972	 	
6520000	-1.99716	 	1595.48	 	0.999276	 	399.422	 	0.999276	 	1891074	 	0.00157205	 	0.0233946	 	
6530000	-1.99716	 	1595.48	 	0.999276	 	399.422	 	0.999276	 	1893966	 	0.00157201	 	0.0233939	 	
6540000	-1.99716	 	1595.48	 	0.999276	 	399.422	 	0.999276	 	1896826	 	0.00157193	 	0.0233933	 	
6550000	-1.99716	 	1595.48	 	0.999276	 	399.422	 	0.999276	 	1899808	 	0.00157183	 	0.0233924	 	
6560000	-1.99716	 	1595.48	 	0.999276	 	399.422	 	0.999276	 	1902782	 	0.00157181	 	0.0233921	 	
6570000	-1.99716	 	1595.48	 	0.999276	 	399.422	 	0.999276	 	1905830	 	0.00157199	 	0.0233943	 	
6580000	-1.99716	 	1595.48	 	0.999276	 	399.422	 	0.999276	 	1908842	 	0.00157204	 	0.0233952	 	
6590000	-1.99716	 	1595.48	 	0.999275	 	399.422	 	0.999275	 	1911790	 	0.00157213	 	0.023397	 	
6600000	-1.99716	 	1595.48	 	0.999276	 	399.422	 	0.999276	 	1914546	 	0.00157199	 	0.0233956	 	
6610000	-1.99716	 	1595.48	 	0.999275	 	399.422	 	0.999275	 	1917374	 	0.00157195	 	0.0233953	 	
6620000	-1.99716	 	1595.48	 	0.999275	 	399.422	 	0.999275	 	1920326	 	0.00157197	 	0.0233961	 	
6630000	-1.99716	 	1595.48	 	0.999275	 	399.422	 	0.999275	 	1923323	 	0.00157212	 	0.0233974	 	
6640000	-1.99716	 	1595.48	 	0.999275	 	399.422	 	0.999275	 	1926222	 	0.0015721	 	0.023397	 	
6650000	-1.99716	 	1595.48	 	0.999276	 	399.422	 	0.999276	 	1929100	 	0.00157193	 	0.0233948	 	
6660000	-1.99716	 	1595.48	 	0.999276	 	399.422	 	0.999276	 	1932122	 	0.0015718	 	0.0233939	 	
6670000	-1.99716	 	1595.48	 	0.999276	 	399.422	 	0.999276	 	1935072	 	0.0015717	 	0.0233933	 	
6680000	-1.99716	 	1595.48	 	0.999275	 	399.422	 	0.999275	 	1937963	 	0.00157185	 	0.0233946	 	
6690000	-1.99716	 	1595.48	 	0.999275	 	399.422	 	0.999275	 	1940758	 	0.00157173	 	0.0233934	 	
6700000	-1.99716	 	1595.48	 	0.999276	 	399.422	 	0.999276	 	1943542	 	0.0015717	 	0.0233927	 	
6710000	-1.99716	 	1595.48	 	0.999276	 	399.422	 	0.999276	 	1946368	 	0.00157147	 	0.0233902	 	
6720000	-1.99716	 	1595.48	 	0.999276	 	399.422	 	0.999276	 	1949264	 	0.00157145	 	0.0233897	 	
6730000	-1.99716	 	1595.48	 	0.999276	 	399.422	 	0.999276	 	1952176	 	0.00157145	 	0.0233894	 	
6740000	-1.99716	 	1595.48	 	0.999276	 	399.422	 	0.999276	 	1955284	 	0.00157169	 	0.0233918	 	
6750000	-1.99716	 	1595.48	 	0.999275	 	399.422	 	0.999275	 	1958203	 	0.00157175	 	0.0233929	 	
6760000	-1.99716	 	1595.48	 	0.999275	 	399.422	 	0.999275	 	1961142	 	0.00157177	 	0.0233934	 	
6770000	-1.99716	 	1595.48	 	0.999275	 	399.422	 	0.999275	 	1964026	 	0.00157173	 	0.0233934	 	
6780000	-1.99716	 	1595.48	 	0.999275	 	399.422	 	0.999275	 	1966889	 	0.00157165	 	0.0233928	 	
6790000	-1.99716	 	1595.48	 	0.999275	 	399.422	 	0.999275	 	1969834	 	0.00157172	 	0.0233936	 	
6800000	-1.99716	 	1595.48	 	0.999275	 	399.422	 	0.999275	 	1972714	 	0.00157182	 	0.0233951	 	
6810000	-1.99716	 	1595.48	 	0.999275	 	399.422	 	0.999275	 	1975610	 	0.0015719	 	0.0233963	 	
6820000	-1.99716	 	1595.48	 	0.999275	 	399.422	 	0.999275	 	1978539	 	0.00157203	 	0.0233968	 	
6830000	-1.99716	 	1595.48	 	0.999275	 	399.422	 	0.999275	 	1981643	 	0.00157219	 	0.0233992	 	
6840000	-1.99716	 	1595.48	 	0.999275	 	399.422	 	0.999275	 	1984484	 	0.00157224	 	0.0233995	 	
6850000	-1.99716	 	1595.48	 	0.999275	 	399.422	 	0.999275	 	1987438	 	0.00157228	 	0.0234001	 	
6860000	-1.99716	 	1595.48	 	0.999275	 	399.422	 	0.999275	 	1990294	 	0.00157214	 	0.0233986	 	
6870000	-1.99716	 	1595.48	 	0.999275	 	399.422	 	0.999275	 	1993264	 	0.00157216	 	0.0233989	 	
6880000	-1.99716	 	1595.48	 	0.999275	 	399.422	 	0.999275	 	1996031	 	0.00157204	 	0.0233975	 	
6890000	-1.99716	 	1595.48	 	0.999275	 	399.422	 	0.999275	 	1998830	 	0.00157199	 	0.0233968	 	
6900000	-1.99716	 	1595.48	 	0.999275	 	399.422	 	0.999275	 	2001650	 	0.00157187	 	0.0233952	 	
6910000	-1.99716	 	1595.48	 	0.999275	 	399.422	 	0.999275	 	2004550	 	0.00157193	 	0.0233959	 	
6920000	-1.99716	 	1595.48	 	0.999275	 	399.422	 	0.999275	 	2007457	 	0.00157202	 	0.0233972	 	
6930000	-1.99716	 	1595.48	 	0.999275	 	399.422	 	0.999275	 	2010298	 	0.00157202	 	0.0233975	 	
6940000	-1.99716	 	1595.48	 	0.999275	 	399.422	 	0.999275	 	2013078	 	0.00157198	 	0.0233973	 	
6950000	-1.99716	 	1595.48	 	0.999275	 	399.422	 	0.999275	 	2015972	 	0.00157198	 	0.0233975	 	
6960000	-1.99716	 	1595.48	 	0.999275	 	399.422	 	0.999275	 	2018776	 	0.00157189	 	0.0233967	 	
6970000	-1.99716	 	1595.48	 	0.999275	 	399.422	 	0.999275	 	2021542	 	0.00157189	 	0.0233971	 	
6980000	-1.99716	 	1595.48	 	0.999275	 	399.422	 	0.999275	 	2024368	 	0.00157181	 	0.0233961	 	
6990000	-1.99716	 	1595.48	 	0.999275	 	399.422	 	0.999275	 	2027228	 	0.00157166	 	0.0233944	 	
7000000	-1.99716	 	1595.48	 	0.999275	 	399.422	 	0.999275	 	2030132	 	0.00157167	 	0.0233945	 	
7010000	-1.99716	 	1595.48	 	0.999275	 	399.422	 	0.999275	 	2033194	 	0.00157184	 	0.0233966	 	
7020000	-1.99716	 	1595.48	 	0.999275	 	399.422	 	0.999275	 	2035996	 	0.00157179	 	0.0233964	 	
7030000	-1.99716	 	1595.48	 	0.999275	 	399.422	 	0.999275	 	2038736	 	0.00157174	 	0.023396	 	
7040000	-1.99716	 	1595.48	 	0.999275	 	399.422	 	0.999275	 	2041536	 	0.0015716	 	0.023394	 	
7050000	-1.99716	 	1595.48	 	0.999275	 	399.422	 	0.999275	 	2044472	 	0.00157165	 	0.0233952	 	
7060000	-1.99716	 	1595.48	 	0.999275	 	399.422	 	0.999275	 	2047385	 	0.0015716	 	0.0233948	 	
7070000	-1.99716	 	1595.48	 	0.999275	 	399.422	 	0.999275	 	2050229	 	0.00157149	 	0.0233938	 	
7080000	-1.99716	 	1595.48	 	0.999275	 	399.422	 	0.999275	 	2053196	 	0.00157153	 	0.0233946	 	
7090000	-1.99716	 	1595.48	 	0.999275	 	399.422	 	0.999275	 	2056068	 	0.00157144	 	0.0233936	 	
7100000	-1.99716	 	1595.48	 	0.999275	 	399.422	 	0.999275	 	2058890	 	0.00157139	 	0.0233921	 	
7110000	-1.99716	 	1595.48	 	0.999276	 	399.422	 	0.999276	 	2061610	 	0.00157137	 	0.0233911	 	
7120000	-1.99716	 	1595.48	 	0.999275	 	399.422	 	0.999275	 	2064634	 	0.00157161	 	0.0233934	 	
7130000	-1.99716	 	1595.48	 	0.999275	 	399.422	 	0.999275	 	2067362	 	0.00157165	 	0.0233936	 	
7140000	-1.99716	 	1595.48	 	0.999275	 	399.422	 	0.999275	 	2070286	 	0.00157147	 	0.0233918	 	
7150000	-1.99716	 	1595.48	 	0.999275	 	399.422	 	0.999275	 	2073310	 	0.00157157	 	0.0233938	 	
7160000	-1.99716	 	1595.48	 	0.999275	 	399.422	 	0.999275	 	2076138	 	0.00157153	 	0.0233936	 	
7170000	-1.99716	 	1595.48	 	0.999275	 	399.422	 	0.999275	 	2079236	 	0.00157183	 	0.0233965	 	
7180000	-1.99716	 	1595.48	 	0.999275	 	399.422	 	0.999275	 	2082188	 	0.00157179	 	0.0233962	 	
7190000	-1.99716	 	1595.48	 	0.999275	 	399.422	 	0.999275	 	2085150	 	0.00157193	 	0.0233981	 	
7200000	-1.99716	 	1595.48	 	0.999275	 	399.422	 	0.999275	 	2087984	 	0.0015719	 	0.0233972	 	
7210000	-1.99716	 	1595.48	 	0.999275	 	399.422	 	0.999275	 	2090902	 	0.0015719	 	0.0233977	 	
7220000	-1.99716	 	1595.48	 	0.999275	 	399.422	 	0.999275	 	2093660	 	0.00157186	 	0.0233977	 	
7230000	-1.99716	 	1595.48	 	0.999275	 	399.422	 	0.999275	 	2096768	 	0.00157191	 	0.0233982	 	
7240000	-1.99716	 	1595.48	 	0.999275	 	399.422	 	0.999275	 	2099622	 	0.00157175	 	0.0233966	 	
7250000	-1.99716	 	1595.48	 	0.999275	 	399.422	 	0.999275	 	2102512	 	0.00157171	 	0.0233958	 	
7260000	-1.99716	 	1595.48	 	0.999275	 	399.422	 	0.999275	 	2105344	 	0.00157161	 	0.0233945	 	
7270000	-1.99716	 	1595.48	 	0.999275	 	399.422	 	0.999275	 	2108268	 	0.00157166	 	0.0233959	 	
7280000	-1.99716	 	1595.48	 	0.999275	 	399.422	 	0.999275	 	2111132	 	0.00157175	 	0.0233972	 	
7290000	-1.99716	 	1595.48	 	0.999275	 	399.422	 	0.999275	 	2114044	 	0.00157176	 	0.0233977	 	
7300000	-1.99716	 	1595.48	 	0.999275	 	399.422	 	0.999275	 	2116952	 	0.00157179	 	0.0233979	 	
7310000	-1.99716	 	1595.48	 	0.999275	 	399.422	 	0.999275	 	2119836	 	0.0015718	 	0.0233978	 	
7320000	-1.99716	 	1595.48	 	0.999275	 	399.422	 	0.999275	 	2122681	 	0.00157177	 	0.0233978	 	
7330000	-1.99716	 	1595.48	 	0.999275	 	399.422	 	0.999275	 	2125636	 	0.00157181	 	0.0233982	 	
7340000	-1.99716	 	1595.48	 	0.999275	 	399.422	 	0.999275	 	2128534	 	0.00157208	 	0.0233997	 	
7350000	-1.99716	 	1595.48	 	0.999275	 	399.422	 	0.999275	 	2131460	 	0.00157225	 	0.0234013	 	
7360000	-1.99716	 	1595.48	 	0.999275	 	399.422	 	0.999275	 	2134406	 	0.00157225	 	0.0234018	 	
7370000	-1.99716	 	1595.48	 	0.999275	 	399.422	 	0.999275	 	2137212	 	0.00157234	 	0.023403	 	
7380000	-1.99716	 	1595.48	 	0.999275	 	399.422	 	0.999275	 	2140232	 	0.00157241	 	0.0234042	 	
7390000	-1.99716	 	1595.48	 	0.999275	 	399.422	 	0.999275	 	2143037	 	0.00157226	 	0.0234019	 	
7400000	-1.99716	 	1595.48	 	0.999275	 	399.422	 	0.999275	 	2146018	 	0.0015724	 	0.0234034	 	
7410000	-1.99716	 	1595.48	 	0.999275	 	399.422	 	0.999275	 	2149030	 	0.00157261	 	0.0234057	 	
7420000	-1.99716	 	1595.48	 	0.999275	 	399.422	 	0.999275	 	2151932	 	0.00157253	 	0.0234052	 	
7430000	-1.99716	 	1595.48	 	0.999275	 	399.422	 	0.999275	 	2154846	 	0.00157243	 	0.0234042	 	
7440000	-1.99716	 	1595.48	 	0.999275	 	399.422	 	0.999275	 	2157610	 	0.00157235	 	0.0234024	 	
7450000	-1.99716	 	1595.48	 	0.999275	 	399.422	 	0.999275	 	2160447	 	0.00157235	 	0.023403	 	
7460000	-1.99716	 	1595.48	 	0.999275	 	399.422	 	0.999275	 	2163140	 	0.00157213	 	0.0234001	 	
7470000	-1.99716	 	1595.48	 	0.999275	 	399.422	 	0.999275	 	2166070	 	0.00157216	 	0.0234007	 	
7480000	-1.99716	 	1595.48	 	0.999275	 	399.422	 	0.999275	 	2168958	 	0.00157223	 	0.0234017	 	
7490000	-1.99716	 	1595.48	 	0.999275	 	399.422	 	0.999275	 	2171795	 	0.0015723	 	0.0234023	 	
7500000	-1.99716	 	1595.48	 	0.999275	 	399.422	 	0.999275	 	2174670	 	0.00157218	 	0.0234009	 	
7510000	-1.99716	 	1595.48	 	0.999275	 	399.422	 	0.999275	 	2177570	 	0.00157205	 	0.0233988	 	
7520000	-1.99716	 	1595.48	 	0.999275	 	399.422	 	0.999275	 	2180660	 	0.00157228	 	0.0234015	 	
7530000	-1.99716	 	1595.48	 	0.999275	 	399.422	 	0.999275	 	2183528	 	0.00157224	 	0.0234011	 	
7540000	-1.99716	 	1595.48	 	0.999275	 	399.422	 	0.999275	 	2186428	 	0.00157223	 	0.0234009	 	
7550000	-1.99716	 	1595.48	 	0.999275	 	399.422	 	0.999275	 	2189356	 	0.00157226	 	0.0234009	 	
7560000	-1.99716	 	1595.48	 	0.999275	 	399.422	 	0.999275	 	2192060	 	0.00157205	 	0.023398	 	
7570000	-1.99716	 	1595.48	 	0.999275	 	399.422	 	0.999275	 	2194898	 	0.00157193	 	0.0233959	 	
7580000	-1.99716	 	1595.48	 	0.999275	 	399.422	 	0.999275	 	2197750	 	0.00157195	 	0.0233964	 	
7590000	-1.99716	 	1595.48	 	0.999275	 	399.422	 	0.999275	 	2200630	 	0.001572	 	0.0233977	 	
7600000	-1.99716	 	1595.48	 	0.999275	 	399.422	 	0.999275	 	2203434	 	0.00157183	 	0.0233956	 	
7610000	-1.99716	 	1595.48	 	0.999275	 	399.422	 	0.999275	 	2206426	 	0.00157182	 	0.0233958	 	
7620000	-1.99716	 	1595.48	 	0.999275	 	399.422	 	0.999275	 	2209348	 	0.0015719	 	0.0233963	 	
7630000	-1.99716	 	1595.48	 	0.999275	 	399.422	 	0.999275	 	2212326	 	0.00157179	 	0.0233947	 	
7640000	-1.99716	 	1595.48	 	0.999275	 	399.422	 	0.999275	 	2215302	 	0.00157198	 	0.0233974	 	
7650000	-1.99716	 	1595.48	 	0.999275	 	399.422	 	0.999275	 	2218192	 	0.00157195	 	0.0233968	 	
7660000	-1.99716	 	1595.48	 	0.999275	 	399.422	 	0.999275	 	2220978	 	0.00157187	 	0.0233952	 	
7670000	-1.99716	 	1595.48	 	0.999275	 	399.422	 	0.999275	 	2223834	 	0.00157185	 	0.023395	 	
7680000	-1.99716	 	1595.48	 	0.999275	 	399.422	 	0.999275	 	2226750	 	0.00157196	 	0.0233964	 	
7690000	-1.99716	 	1595.48	 	0.999275	 	399.422	 	0.999275	 	2229656	 	0.00157209	 	0.0233985	 	
7700000	-1.99716	 	1595.48	 	0.999275	 	399.422	 	0.999275	 	2232738	 	0.00157233	 	0.0234019	 	
7710000	-1.99716	 	1595.48	 	0.999275	 	399.422	 	0.999275	 	2235624	 	0.0015724	 	0.0234034	 	
7720000	-1.99716	 	1595.48	 	0.999275	 	399.422	 	0.999275	 	2238544	 	0.00157244	 	0.0234044	 	
7730000	-1.99716	 	1595.48	 	0.999275	 	399.422	 	0.999275	 	2241454	 	0.00157243	 	0.0234047	 	
7740000	-1.99716	 	1595.48	 	0.999275	 	399.422	 	0.999275	 	2244284	 	0.00157223	 	0.0234024	 	
7750000	-1.99716	 	1595.48	 	0.999275	 	399.422	 	0.999275	 	2247156	 	0.00157214	 	0.0234013	 	
7760000	-1.99716	 	1595.48	 	0.999275	 	399.422	 	0.999275	 	2250092	 	0.00157213	 	0.023401	 	
7770000	-1.99716	 	1595.48	 	0.999275	 	399.422	 	0.999275	 	2252948	 	0.00157222	 	0.0234014	 	
7780000	-1.99716	 	1595.48	 	0.999275	 	399.422	 	0.999275	 	2255860	 	0.0015722	 	0.0234019	 	
7790000	-1.99716	 	1595.48	 	0.999275	 	399.422	 	0.999275	 	2258706	 	0.00157214	 	0.0234012	 	
7800000	-1.99716	 	1595.48	 	0.999275	 	399.422	 	0.999275	 	2261588	 	0.001572	 	0.0233993	 	
7810000	-1.99716	 	1595.48	 	0.999275	 	399.422	 	0.999275	 	2264422	 	0.00157202	 	0.0233998	 	
7820000	-1.99716	 	1595.48	 	0.999275	 	399.422	 	0.999275	 	2267352	 	0.00157209	 	0.0234003	 	
7830000	-1.99716	 	1595.48	 	0.999275	 	399.422	 	0.999275	 	2270484	 	0.00157237	 	0.0234035	 	
7840000	-1.99716	 	1595.48	 	0.999275	 	399.422	 	0.999275	 	2273396	 	0.00157244	 	0.0234046	 	
7850000	-1.99716	 	1595.48	 	0.999275	 	399.422	 	0.999275	 	2276298	 	0.0015725	 	0.0234054	 	
7860000	-1.99716	 	1595.48	 	0.999275	 	399.422	 	0.999275	 	2279238	 	0.00157251	 	0.0234055	 	
7870000	-1.99716	 	1595.48	 	0.999275	 	399.422	 	0.999275	 	2282172	 	0.00157263	 	0.023407	 	
7880000	-1.99716	 	1595.48	 	0.999275	 	399.422	 	0.999275	 	2285146	 	0.00157264	 	0.0234074	 	
7890000	-1.99716	 	1595.48	 	0.999275	 	399.422	 	0.999275	 	2287977	 	0.00157245	 	0.0234051	 	
7900000	-1.99716	 	1595.48	 	0.999275	 	399.422	 	0.999275	 	2290826	 	0.00157243	 	0.0234056	 	
7910000	-1.99716	 	1595.48	 	0.999275	 	399.422	 	0.999275	 	2293740	 	0.00157235	 	0.023405	 	
7920000	-1.99716	 	1595.48	 	0.999275	 	399.422	 	0.999275	 	2296748	 	0.00157245	 	0.0234063	 	
7930000	-1.99716	 	1595.48	 	0.999275	 	399.422	 	0.999275	 	2299735	 	0.00157253	 	0.0234074	 	
7940000	-1.99716	 	1595.48	 	0.999275	 	399.422	 	0.999275	 	2302730	 	0.00157254	 	0.023408	 	
7950000	-1.99716	 	1595.48	 	0.999275	 	399.422	 	0.999275	 	2305680	 	0.00157247	 	0.0234076	 	
7960000	-1.99716	 	1595.48	 	0.999275	 	399.422	 	0.999275	 	2308620	 	0.00157243	 	0.0234072	 	
7970000	-1.99716	 	1595.48	 	0.999275	 	399.422	 	0.999275	 	2311592	 	0.00157244	 	0.0234076	 	
7980000	-1.99716	 	1595.48	 	0.999275	 	399.422	 	0.999275	 	2314468	 	0.00157244	 	0.0234078	 	
7990000	-1.99716	 	1595.48	 	0.999275	 	399.422	 	0.999275	 	2317268	 	0.00157248	 	0.0234081	 	
8000000	-1.99716	 	1595.48	 	0.999275	 	399.422	 	0.999275	 	2320248	 	0.00157242	 	0.0234071	 	
8010000	-1.99716	 	1595.48	 	0.999275	 	399.422	 	0.999275	 	2323032	 	0.00157223	 	0.0234046	 	
8020000	-1.99716	 	1595.48	 	0.999275	 	399.422	 	0.999275	 	2325854	 	0.00157223	 	0.0234038	 	
8030000	-1.99716	 	1595.48	 	0.999275	 	399.422	 	0.999275	 	2328652	 	0.00157217	 	0.0234033	 	
8040000	-1.99716	 	1595.48	 	0.999275	 	399.422	 	0.999275	 	2331550	 	0.00157234	 	0.0234051	 	
8050000	-1.99716	 	1595.48	 	0.999275	 	399.422	 	0.999275	 	2334590	 	0.00157243	 	0.0234069	 	
8060000	-1.99716	 	1595.48	 	0.999275	 	399.422	 	0.999275	 	2337522	 	0.00157239	 	0.0234065	 	
8070000	-1.99716	 	1595.48	 	0.999275	 	399.422	 	0.999275	 	2340480	 	0.00157249	 	0.0234081	 	
8080000	-1.99716	 	1595.48	 	0.999275	 	399.422	 	0.999275	 	2343324	 	0.00157244	 	0.0234079	 	
8090000	-1.99716	 	1595.48	 	0.999275	 	399.422	 	0.999275	 	2346248	 	0.00157245	 	0.0234079	 	
8100000	-1.99716	 	1595.48	 	0.999275	 	399.422	 	0.999275	 	2349177	 	0.0015723	 	0.023406	 	
8110000	-1.99716	 	1595.48	 	0.999275	 	399.422	 	0.999275	 	2352074	 	0.00157221	 	0.0234052	 	
8120000	-1.99716	 	1595.48	 	0.999275	 	399.422	 	0.999275	 	2355024	 	0.00157221	 	0.0234055	 	
8130000	-1.99716	 	1595.48	 	0.999275	 	399.422	 	0.999275	 	2357829	 	0.00157213	 	0.0234044	 	
8140000	-1.99716	 	1595.48	 	0.999275	 	399.422	 	0.999275	 	2360694	 	0.00157213	 	0.0234047	 	
8150000	-1.99716	 	1595.48	 	0.999275	 	399.422	 	0.999275	 	2363584	 	0.00157214	 	0.0234052	 	
8160000	-1.99716	 	1595.48	 	0.999275	 	399.422	 	0.999275	 	2366640	 	0.00157227	 	0.0234074	 	
8170000	-1.99716	 	1595.48	 	0.999275	 	399.422	 	0.999275	 	2369620	 	0.00157238	 	0.0234086	 	
8180000	-1.99716	 	1595.48	 	0.999275	 	399.422	 	0.999275	 	2372460	 	0.0015724	 	0.0234086	 	
8190000	-1.99716	 	1595.48	 	0.999275	 	399.422	 	0.999275	 	2375296	 	0.00157222	 	0.0234067	 	
8200000	-1.99716	 	1595.48	 	0.999275	 	399.422	 	0.999275	 	2378056	 	0.00157212	 	0.0234052	 	
8210000	-1.99716	 	1595.48	 	0.999275	 	399.422	 	0.999275	 	2380995	 	0.0015721	 	0.0234053	 	
8220000	-1.99716	 	1595.48	 	0.999275	 	399.422	 	0.999275	 	2383962	 	0.0015721	 	0.0234057	 	
8230000	-1.99716	 	1595.48	 	0.999275	 	399.422	 	0.999275	 	2386776	 	0.00157202	 	0.0234045	 	
8240000	-1.99716	 	1595.48	 	0.999275	 	399.422	 	0.999275	 	2389646	 	0.00157198	 	0.023404	 	
8250000	-1.99716	 	1595.48	 	0.999275	 	399.422	 	0.999275	 	2392578	 	0.00157215	 	0.0234061	 	
8260000	-1.99716	 	1595.48	 	0.999275	 	399.422	 	0.999275	 	2395530	 	0.00157225	 	0.023408	 	
8270000	-1.99716	 	1595.48	 	0.999275	 	399.422	 	0.999275	 	2398464	 	0.00157221	 	0.0234078	 	
8280000	-1.99716	 	1595.48	 	0.999275	 	399.422	 	0.999275	 	2401416	 	0.00157224	 	0.023408	 	
8290000	-1.99716	 	1595.48	 	0.999275	 	399.422	 	0.999275	 	2404360	 	0.00157205	 	0.0234058	 	
8300000	-1.99716	 	1595.48	 	0.999275	 	399.422	 	0.999275	 	2407276	 	0.00157215	 	0.0234067	 	
8310000	-1.99716	 	1595.48	 	0.999275	 	399.422	 	0.999275	 	2410066	 	0.0015721	 	0.0234056	 	
8320000	-1.99716	 	1595.48	 	0.999275	 	399.422	 	0.999275	 	2412834	 	0.0015721	 	0.0234057	 	
8330000	-1.99716	 	1595.48	 	0.999275	 	399.422	 	0.999275	 	2415742	 	0.00157214	 	0.0234062	 	
8340000	-1.99716	 	1595.48	 	0.999275	 	399.422	 	0.999275	 	2418592	 	0.001572	 	0.0234044	 	
8350000	-1.99716	 	1595.48	 	0.999275	 	399.422	 	0.999275	 	2421464	 	0.00157195	 	0.0234041	 	
8360000	-1.99716	 	1595.48	 	0.999275	 	399.422	 	0.999275	 	2424338	 	0.00157192	 	0.0234035	 	
8370000	-1.99716	 	1595.48	 	0.999275	 	399.422	 	0.999275	 	2427246	 	0.00157201	 	0.0234051	 	
8380000	-1.99716	 	1595.48	 	0.999275	 	399.422	 	0.999275	 	2430178	 	0.00157204	 	0.0234055	 	
8390000	-1.99716	 	1595.48	 	0.999275	 	399.422	 	0.999275	 	2433170	 	0.00157205	 	0.023406	 	
8400000	-1.99716	 	1595.48	 	0.999275	 	399.422	 	0.999275	 	2436138	 	0.0015722	 	0.023407	 	
8410000	-1.99716	 	1595.48	 	0.999275	 	399.422	 	0.999275	 	2439180	 	0.00157232	 	0.023409	 	
8420000	-1.99716	 	1595.48	 	0.999275	 	399.422	 	0.999275	 	2442112	 	0.00157225	 	0.0234082	 	
8430000	-1.99716	 	1595.48	 	0.999275	 	399.422	 	0.999275	 	2445027	 	0.00157232	 	0.0234096	 	
8440000	-1.99716	 	1595.48	 	0.999275	 	399.422	 	0.999275	 	2447936	 	0.0015722	 	0.0234084	 	
8450000	-1.99716	 	1595.48	 	0.999275	 	399.422	 	0.999275	 	2450826	 	0.00157228	 	0.0234087	 	
8460000	-1.99716	 	1595.48	 	0.999275	 	399.422	 	0.999275	 	2453740	 	0.00157249	 	0.023411	 	
8470000	-1.99716	 	1595.48	 	0.999275	 	399.422	 	0.999275	 	2456566	 	0.00157235	 	0.023409	 	
8480000	-1.99716	 	1595.48	 	0.999275	 	399.422	 	0.999275	 	2459501	 	0.00157232	 	0.0234089	 	
8490000	-1.99716	 	1595.48	 	0.999275	 	399.422	 	0.999275	 	2462422	 	0.00157211	 	0.023406	 	
8500000	-1.99716	 	1595.48	 	0.999275	 	399.422	 	0.999275	 	2465306	 	0.00157213	 	0.0234061	 	
8510000	-1.99716	 	1595.48	 	0.999275	 	399.422	 	0.999275	 	2468246	 	0.00157209	 	0.0234059	 	
8520000	-1.99716	 	1595.48	 	0.999275	 	399.422	 	0.999275	 	2471062	 	0.00157193	 	0.0234039	 	
8530000	-1.99716	 	1595.48	 	0.999275	 	399.422	 	0.999275	 	2473956	 	0.00157191	 	0.0234036	 	
8540000	-1.99716	 	1595.48	 	0.999275	 	399.422	 	0.999275	 	2476870	 	0.00157198	 	0.0234037	 	
8550000	-1.99716	 	1595.48	 	0.999275	 	399.422	 	0.999275	 	2479788	 	0.00157207	 	0.0234045	 	
8560000	-1.99716	 	1595.48	 	0.999275	 	399.422	 	0.999275	 	2482784	 	0.00157206	 	0.0234048	 	
8570000	-1.99716	 	1595.48	 	0.999275	 	399.422	 	0.999275	 	2485706	 	0.00157206	 	0.0234049	 	
8580000	-1.99716	 	1595.48	 	0.999275	 	399.422	 	0.999275	 	2488658	 	0.00157217	 	0.0234063	 	
8590000	-1.99716	 	1595.48	 	0.999275	 	399.422	 	0.999275	 	2491390	 	0.00157201	 	0.0234041	 	
8600000	-1.99716	 	1595.48	 	0.999275	 	399.422	 	0.999275	 	2494156	 	0.00157183	 	0.0234024	 	
8610000	-1.99716	 	1595.48	 	0.999275	 	399.422	 	0.999275	 	2497082	 	0.00157191	 	0.0234032	 	
8620000	-1.99716	 	1595.48	 	0.999275	 	399.422	 	0.999275	 	2499924	 	0.00157192	 	0.0234033	 	
8630000	-1.99716	 	1595.48	 	0.999275	 	399.422	 	0.999275	 	2502880	 	0.00157197	 	0.0234032	 	
8640000	-1.99716	 	1595.48	 	0.999275	 	399.422	 	0.999275	 	2505734	 	0.00157192	 	0.0234019	 	
8650000	-1.99716	 	1595.48	 	0.999275	 	399.422	 	0.999275	 	2508669	 	0.00157196	 	0.0234022	 	
8660000	-1.99716	 	1595.48	 	0.999275	 	399.422	 	0.999275	 	2511582	 	0.00157191	 	0.0234021	 	
8670000	-1.99716	 	1595.48	 	0.999275	 	399.422	 	0.999275	 	2514409	 	0.00157184	 	0.0234015	 	
8680000	-1.99716	 	1595.48	 	0.999275	 	399.422	 	0.999275	 	2517325	 	0.00157172	 	0.0234	 	
8690000	-1.99716	 	1595.48	 	0.999275	 	399.422	 	0.999275	 	2520272	 	0.00157162	 	0.0233993	 	
8700000	-1.99716	 	1595.48	 	0.999275	 	399.422	 	0.999275	 	2522986	 	0.00157145	 	0.0233968	 	
8710000	-1.99716	 	1595.48	 	0.999275	 	399.422	 	0.999275	 	2525938	 	0.00157145	 	0.0233966	 	
8720000	-1.99716	 	1595.48	 	0.999275	 	399.422	 	0.999275	 	2528838	 	0.00157162	 	0.0233982	 	
8730000	-1.99716	 	1595.48	 	0.999275	 	399.422	 	0.999275	 	2531735	 	0.00157159	 	0.0233977	 	
8740000	-1.99716	 	1595.48	 	0.999275	 	399.422	 	0.999275	 	2534653	 	0.00157165	 	0.0233983	 	
8750000	-1.99716	 	1595.48	 	0.999275	 	399.422	 	0.999275	 	2537622	 	0.00157177	 	0.0234	 	
8760000	-1.99716	 	1595.48	 	0.999275	 	399.422	 	0.999275	 	2540408	 	0.00157156	 	0.0233972	 	
8770000	-1.99716	 	1595.48	 	0.999275	 	399.422	 	0.999275	 	2543443	 	0.00157167	 	0.0233983	 	
8780000	-1.99716	 	1595.48	 	0.999275	 	399.422	 	0.999275	 	2546396	 	0.00157172	 	0.023399	 	
8790000	-1.99716	 	1595.48	 	0.999275	 	399.422	 	0.999275	 	2549226	 	0.00157173	 	0.0233988	 	
8800000	-1.99716	 	1595.48	 	0.999275	 	399.422	 	0.999275	 	2552106	 	0.00157164	 	0.0233979	 	
8810000	-1.99716	 	1595.48	 	0.999275	 	399.422	 	0.999275	 	2555024	 	0.00157164	 	0.0233979	 	
8820000	-1.99716	 	1595.48	 	0.999275	 	399.422	 	0.999275	 	2557937	 	0.00157155	 	0.0233971	 	
8830000	-1.99716	 	1595.48	 	0.999275	 	399.422	 	0.999275	 	2560709	 	0.00157152	 	0.0233966	 	
8840000	-1.99716	 	1595.48	 	0.999275	 	399.422	 	0.999275	 	2563638	 	0.00157155	 	0.023397	 	
8850000	-1.99716	 	1595.48	 	0.999275	 	399.422	 	0.999275	 	2566538	 	0.00157159	 	0.0233977	 	
8860000	-1.99716	 	1595.48	 	0.999275	 	399.422	 	0.999275	 	2569426	 	0.00157152	 	0.023397	 	
8870000	-1.99716	 	1595.48	 	0.999275	 	399.422	 	0.999275	 	2572414	 	0.00157161	 	0.023398	 	
8880000	-1.99716	 	1595.48	 	0.999275	 	399.422	 	0.999275	 	2575301	 	0.00157161	 	0.0233978	 	
8890000	-1.99716	 	1595.48	 	0.999275	 	399.422	 	0.999275	 	2578284	 	0.00157162	 	0.0233983	 	
8900000	-1.99716	 	1595.48	 	0.999275	 	399.422	 	0.999275	 	2581178	 	0.00157162	 	0.0233984	 	
8910000	-1.99716	 	1595.48	 	0.999275	 	399.422	 	0.999275	 	2583920	 	0.00157146	 	0.0233965	 	
8920000	-1.99716	 	1595.48	 	0.999275	 	399.422	 	0.999275	 	2586748	 	0.00157139	 	0.0233955	 	
8930000	-1.99716	 	1595.48	 	0.999275	 	399.422	 	0.999275	 	2589640	 	0.00157129	 	0.0233939	 	
8940000	-1.99716	 	1595.48	 	0.999275	 	399.422	 	0.999275	 	2592660	 	0.00157146	 	0.023396	 	
8950000	-1.99716	 	1595.48	 	0.999275	 	399.422	 	0.999275	 	2595500	 	0.00157135	 	0.0233947	 	
8960000	-1.99716	 	1595.48	 	0.999275	 	399.422	 	0.999275	 	2598408	 	0.00157126	 	0.0233939	 	
8970000	-1.99716	 	1595.48	 	0.999275	 	399.422	 	0.999275	 	2601230	 	0.0015712	 	0.0233934	 	
8980000	-1.99716	 	1595.48	 	0.999275	 	399.422	 	0.999275	 	2604238	 	0.00157118	 	0.0233936	 	
8990000	-1.99716	 	1595.48	 	0.999275	 	399.422	 	0.999275	 	2607160	 	0.00157114	 	0.0233932	 	
9000000	-1.99716	 	1595.48	 	0.999275	 	399.422	 	0.999275	 	2610046	 	0.00157105	 	0.0233922	 	
9010000	-1.99716	 	1595.48	 	0.999275	 	399.422	 	0.999275	 	2612868	 	0.00157096	 	0.0233912	 	
9020000	-1.99716	 	1595.48	 	0.999275	 	399.422	 	0.999275	 	2615706	 	0.0015709	 	0.0233902	 	
9030000	-1.99716	 	1595.48	 	0.999275	 	399.422	 	0.999275	 	2618508	 	0.00157092	 	0.0233904	 	
9040000	-1.99716	 	1595.48	 	0.999275	 	399.422	 	0.999275	 	2621388	 	0.00157096	 	0.0233908	 	
9050000	-1.99716	 	1595.48	 	0.999275	 	399.422	 	0.999275	 	2624234	 	0.00157095	 	0.0233907	 	
9060000	-1.99716	 	1595.48	 	0.999275	 	399.422	 	0.999275	 	2627028	 	0.00157082	 	0.0233892	 	
9070000	-1.99716	 	1595.48	 	0.999275	 	399.422	 	0.999275	 	2630094	 	0.00157093	 	0.0233906	 	
9080000	-1.99716	 	1595.48	 	0.999275	 	399.422	 	0.999275	 	2633000	 	0.00157089	 	0.0233897	 	
9090000	-1.99716	 	1595.48	 	0.999275	 	399.422	 	0.999275	 	2635878	 	0.00157091	 	0.0233902	 	
9100000	-1.99716	 	1595.48	 	0.999276	 	399.422	 	0.999276	 	2638766	 	0.00157081	 	0.023389	 	
9110000	-1.99716	 	1595.48	 	0.999275	 	399.422	 	0.999275	 	2641816	 	0.00157094	 	0.0233907	 	
9120000	-1.99716	 	1595.48	 	0.999275	 	399.422	 	0.999275	 	2644712	 	0.00157086	 	0.0233899	 	
9130000	-1.99716	 	1595.48	 	0.999275	 	399.422	 	0.999275	 	2647576	 	0.00157082	 	0.0233895	 	
9140000	-1.99716	 	1595.48	 	0.999276	 	399.422	 	0.999276	 	2650492	 	0.00157086	 	0.0233898	 	
9150000	-1.99716	 	1595.48	 	0.999275	 	399.422	 	0.999275	 	2653422	 	0.00157094	 	0.0233915	 	
9160000	-1.99716	 	1595.48	 	0.999276	 	399.422	 	0.999276	 	2656284	 	0.00157087	 	0.0233902	 	
9170000	-1.99716	 	1595.48	 	0.999276	 	399.422	 	0.999276	 	2659228	 	0.00157086	 	0.0233898	 	
9180000	-1.99716	 	1595.48	 	0.999276	 	399.422	 	0.999276	 	2662019	 	0.0015708	 	0.0233889	 	
9190000	-1.99716	 	1595.48	 	0.999276	 	399.422	 	0.999276	 	2664806	 	0.00157066	 	0.0233867	 	
9200000	-1.99716	 	1595.48	 	0.999276	 	399.422	 	0.999276	 	2667635	 	0.00157057	 	0.0233856	 	
9210000	-1.99716	 	1595.48	 	0.999276	 	399.422	 	0.999276	 	2670530	 	0.00157052	 	0.023385	 	
9220000	-1.99716	 	1595.48	 	0.999276	 	399.422	 	0.999276	 	2673543	 	0.00157055	 	0.0233858	 	
9230000	-1.99716	 	1595.48	 	0.999276	 	399.422	 	0.999276	 	2676702	 	0.00157064	 	0.0233872	 	
9240000	-1.99716	 	1595.48	 	0.999276	 	399.422	 	0.999276	 	2679546	 	0.00157052	 	0.0233859	 	
9250000	-1.99716	 	1595.48	 	0.999276	 	399.422	 	0.999276	 	2682571	 	0.00157051	 	0.0233868	 	
9260000	-1.99716	 	1595.48	 	0.999276	 	399.422	 	0.999276	 	2685470	 	0.00157044	 	0.0233862	 	
9270000	-1.99716	 	1595.48	 	0.999276	 	399.422	 	0.999276	 	2688329	 	0.00157042	 	0.0233858	 	
9280000	-1.99716	 	1595.48	 	0.999276	 	399.422	 	0.999276	 	2691296	 	0.00157054	 	0.0233869	 	
9290000	-1.99716	 	1595.48	 	0.999276	 	399.422	 	0.999276	 	2694194	 	0.00157055	 	0.0233874	 	
9300000	-1.99716	 	1595.48	 	0.999276	 	399.422	 	0.999276	 	2697059	 	0.00157045	 	0.0233862	 	
9310000	-1.99716	 	1595.48	 	0.999276	 	399.422	 	0.999276	 	2699780	 	0.00157029	 	0.023384	 	
9320000	-1.99716	 	1595.48	 	0.999276	 	399.422	 	0.999276	 	2702732	 	0.00157034	 	0.0233847	 	
9330000	-1.99716	 	1595.48	 	0.999276	 	399.422	 	0.999276	 	2705632	 	0.00157037	 	0.0233852	 	
9340000	-1.99716	 	1595.48	 	0.999276	 	399.422	 	0.999276	 	2708450	 	0.00157028	 	0.0233841	 	
9350000	-1.99716	 	1595.48	 	0.999276	 	399.422	 	0.999276	 	2711332	 	0.00157017	 	0.0233826	 	
9360000	-1.99716	 	1595.48	 	0.999276	 	399.422	 	0.999276	 	2714220	 	0.00157024	 	0.0233839	 	
9370000	-1.99716	 	1595.48	 	0.999276	 	399.422	 	0.999276	 	2717200	 	0.0015703	 	0.0233848	 	
9380000	-1.99716	 	1595.48	 	0.999276	 	399.422	 	0.999276	 	2720078	 	0.00157028	 	0.0233852	 	
9390000	-1.99716	 	1595.48	 	0.999276	 	399.422	 	0.999276	 	2722944	 	0.00157027	 	0.0233849	 	
9400000	-1.99716	 	1595.48	 	0.999276	 	399.422	 	0.999276	 	2725860	 	0.00157026	 	0.0233846	 	
9410000	-1.99716	 	1595.48	 	0.999276	 	399.422	 	0.999276	 	2728644	 	0.00157023	 	0.0233842	 	
9420000	-1.99716	 	1595.48	 	0.999276	 	399.422	 	0.999276	 	2731542	 	0.00157024	 	0.0233846	 	
9430000	-1.99716	 	1595.48	 	0.999276	 	399.422	 	0.999276	 	2734472	 	0.00157028	 	0.0233847	 	
9440000	-1.99716	 	1595.48	 	0.999276	 	399.422	 	0.999276	 	2737242	 	0.00157027	 	0.0233847	 	
9450000	-1.99716	 	1595.48	 	0.999276	 	399.422	 	0.999276	 	2740224	 	0.00157039	 	0.023386	 	
9460000	-1.99716	 	1595.48	 	0.999276	 	399.422	 	0.999276	 	2743190	 	0.00157045	 	0.0233868	 	
9470000	-1.99716	 	1595.48	 	0.999276	 	399.422	 	0.999276	 	2746150	 	0.00157048	 	0.0233871	 	
9480000	-1.99716	 	1595.48	 	0.999276	 	399.422	 	0.999276	 	2748960	 	0.00157037	 	0.0233856	 	
9490000	-1.99716	 	1595.48	 	0.999276	 	399.422	 	0.999276	 	2751945	 	0.0015704	 	0.0233859	 	
9500000	-1.99716	 	1595.48	 	0.999276	 	399.422	 	0.999276	 	2754906	 	0.00157043	 	0.0233865	 	
9510000	-1.99716	 	1595.48	 	0.999276	 	399.422	 	0.999276	 	2757890	 	0.00157046	 	0.0233871	 	
9520000	-1.99716	 	1595.48	 	0.999275	 	399.422	 	0.999275	 	2760882	 	0.00157051	 	0.0233877	 	
9530000	-1.99716	 	1595.48	 	0.999275	 	399.422	 	0.999275	 	2763850	 	0.00157049	 	0.0233877	 	
9540000	-1.99716	 	1595.48	 	0.999275	 	399.422	 	0.999275	 	2766710	 	0.00157056	 	0.0233884	 	
9550000	-1.99716	 	1595.48	 	0.999276	 	399.422	 	0.999276	 	2769544	 	0.00157043	 	0.0233866	 	
9560000	-1.99716	 	1595.48	 	0.999276	 	399.422	 	0.999276	 	2772479	 	0.00157043	 	0.0233869	 	
9570000	-1.99716	 	1595.48	 	0.999276	 	399.422	 	0.999276	 	2775392	 	0.00157048	 	0.0233876	 	
9580000	-1.99716	 	1595.48	 	0.999275	 	399.422	 	0.999275	 	2778362	 	0.00157054	 	0.0233889	 	
9590000	-1.99716	 	1595.48	 	0.999275	 	399.422	 	0.999275	 	2781394	 	0.00157064	 	0.0233903	 	
9600000	-1.99716	 	1595.48	 	0.999275	 	399.422	 	0.999275	 	2784472	 	0.00157064	 	0.0233906	 	
9610000	-1.99716	 	1595.48	 	0.999275	 	399.422	 	0.999275	 	2787472	 	0.0015708	 	0.0233925	 	
9620000	-1.99716	 	1595.48	 	0.999275	 	399.422	 	0.999275	 	2790240	 	0.00157071	 	0.0233912	 	
9630000	-1.99716	 	1595.48	 	0.999275	 	399.422	 	0.999275	 	2793176	 	0.00157071	 	0.0233915	 	
9640000	-1.99716	 	1595.48	 	0.999275	 	399.422	 	0.999275	 	2796104	 	0.0015708	 	0.0233932	 	
9650000	-1.99716	 	1595.48	 	0.999275	 	399.422	 	0.999275	 	2798990	 	0.00157075	 	0.0233932	 	
9660000	-1.99716	 	1595.48	 	0.999275	 	399.422	 	0.999275	 	2802030	 	0.00157083	 	0.0233942	 	
9670000	-1.99716	 	1595.48	 	0.999275	 	399.422	 	0.999275	 	2804841	 	0.00157072	 	0.0233926	 	
9680000	-1.99716	 	1595.48	 	0.999275	 	399.422	 	0.999275	 	2807688	 	0.00157065	 	0.0233916	 	
9690000	-1.99716	 	1595.48	 	0.999275	 	399.422	 	0.999275	 	2810482	 	0.00157058	 	0.0233911	 	
9700000	-1.99716	 	1595.48	 	0.999275	 	399.422	 	0.999275	 	2813396	 	0.00157065	 	0.0233916	 	
9710000	-1.99716	 	1595.48	 	0.999275	 	399.422	 	0.999275	 	2816246	 	0.00157058	 	0.0233906	 	
9720000	-1.99716	 	1595.48	 	0.999275	 	399.422	 	0.999275	 	2819056	 	0.0015705	 	0.0233899	 	
9730000	-1.99716	 	1595.48	 	0.999275	 	399.422	 	0.999275	 	2821830	 	0.00157044	 	0.0233891	 	
9740000	-1.99716	 	1595.48	 	0.999275	 	399.422	 	0.999275	 	2824786	 	0.00157043	 	0.0233888	 	
9750000	-1.99716	 	1595.48	 	0.999275	 	399.422	 	0.999275	 	2827702	 	0.00157046	 	0.0233894	 	
9760000	-1.99716	 	1595.48	 	0.999275	 	399.422	 	0.999275	 	2830676	 	0.00157053	 	0.0233905	 	
9770000	-1.99716	 	1595.48	 	0.999275	 	399.422	 	0.999275	 	2833538	 	0.00157058	 	0.0233911	 	
9780000	-1.99716	 	1595.48	 	0.999275	 	399.422	 	0.999275	 	2836524	 	0.00157061	 	0.0233917	 	
9790000	-1.99716	 	1595.48	 	0.999275	 	399.422	 	0.999275	 	2839376	 	0.00157051	 	0.0233908	 	
9800000	-1.99716	 	1595.48	 	0.999275	 	399.422	 	0.999275	 	2842198	 	0.00157035	 	0.0233889	 	
9810000	-1.99716	 	1595.48	 	0.999275	 	399.422	 	0.999275	 	2845012	 	0.00157026	 	0.0233874	 	
9820000	-1.99716	 	1595.48	 	0.999275	 	399.422	 	0.999275	 	2847866	 	0.00157016	 	0.0233862	 	
9830000	-1.99716	 	1595.48	 	0.999275	 	399.422	 	0.999275	 	2850759	 	0.00157016	 	0.0233862	 	
9840000	-1.99716	 	1595.48	 	0.999275	 	399.422	 	0.999275	 	2853675	 	0.0015702	 	0.0233868	 	
9850000	-1.99716	 	1595.48	 	0.999275	 	399.422	 	0.999275	 	2856675	 	0.0015703	 	0.0233876	 	
9860000	-1.99716	 	1595.48	 	0.999275	 	399.422	 	0.999275	 	2859530	 	0.00157023	 	0.0233869	 	
9870000	-1.99716	 	1595.48	 	0.999276	 	399.422	 	0.999276	 	2862388	 	0.0015701	 	0.0233854	 	
9880000	-1.99716	 	1595.48	 	0.999275	 	399.422	 	0.999275	 	2865324	 	0.00157021	 	0.0233874	 	
9890000	-1.99716	 	1595.48	 	0.999275	 	399.422	 	0.999275	 	2868186	 	0.00157017	 	0.0233869	 	
9900000	-1.99716	 	1595.48	 	0.999275	 	399.422	 	0.999275	 	2871046	 	0.00157017	 	0.0233866	 	
9910000	-1.99716	 	1595.48	 	0.999275	 	399.422	 	0.999275	 	2874088	 	0.00157012	 	0.0233861	 	
9920000	-1.99716	 	1595.48	 	0.999276	 	399.422	 	0.999276	 	2876830	 	0.00156998	 	0.0233841	 	
9930000	-1.99716	 	1595.48	 	0.999276	 	399.422	 	0.999276	 	2879658	 	0.00156984	 	0.0233825	 	
9940000	-1.99716	 	1595.48	 	0.999276	 	399.422	 	0.999276	 	2882472	 	0.00156971	 	0.0233806	 	
9950000	-1.99716	 	1595.48	 	0.999276	 	399.422	 	0.999276	 	2885448	 	0.00156974	 	0.0233807	 	
9960000	-1.99716	 	1595.48	 	0.999276	 	399.422	 	0.999276	 	2888510	 	0.00156976	 	0.0233815	 	
9970000	-1.99716	 	1595.48	 	0.999276	 	399.422	 	0.999276	 	2891338	 	0.00156969	 	0.0233808	 	
9980000	-1.99716	 	1595.48	 	0.999276	 	399.422	 	0.999276	 	2894248	 	0.00156972	 	0.0233809	 	
9990000	-1.99716	 	1595.48	 	0.999276	 	399.422	 	0.999276	 	2897090	 	0.00156968	 	0.0233806	 	
