MCcycles: 10000000	 L = 20	 T = 2.4	 Randomstart = 1
MCcycles 	 E 		 E2 		 M 		 M2 		 Mabs 		 accepted		 X 		 Cv
1	-1.78	 	1267.36	 	-0.925	 	342.25	 	0.925	 	24	 	0	 	0	 	
10000	-1.23371	 	616.946	 	-0.204299	 	103.468	 	0.454425	 	1081537	 	8.69484	 	1.41152	 	
20000	-1.23696	 	619.989	 	-0.0678548	 	105.776	 	0.46242	 	2152745	 	8.43483	 	1.38292	 	
30000	-1.23849	 	621.49	 	-0.090496	 	105.473	 	0.460023	 	3222566	 	8.67697	 	1.38023	 	
40000	-1.23524	 	618.262	 	-0.0955579	 	102.449	 	0.450086	 	4315357	 	8.92413	 	1.3774	 	
50000	-1.23644	 	619.604	 	-0.100884	 	103.48	 	0.452207	 	5388213	 	9.03482	 	1.40514	 	
60000	-1.24039	 	623.601	 	-0.0629735	 	106.386	 	0.460323	 	6430792	 	9.01131	 	1.41997	 	
70000	-1.24078	 	623.98	 	-0.0348506	 	106.619	 	0.461083	 	7499025	 	8.99169	 	1.41774	 	
80000	-1.23857	 	621.727	 	-0.0164743	 	104.898	 	0.457118	 	8596053	 	8.88122	 	1.40651	 	
90000	-1.23865	 	621.787	 	-8.39444e-05	 	104.916	 	0.45735	 	9671954	 	8.85371	 	1.40316	 	
100000	-1.23896	 	622.143	 	-0.00716685	 	105.199	 	0.458386	 	10742102	 	8.81311	 	1.41265	 	
110000	-1.2384	 	621.571	 	0.00201923	 	104.628	 	0.45635	 	11826218	 	8.88605	 	1.40928	 	
120000	-1.23858	 	621.72	 	-0.00254558	 	104.679	 	0.456788	 	12898846	 	8.84027	 	1.4041	 	
130000	-1.23693	 	620.071	 	-0.010513	 	103.358	 	0.452759	 	14005256	 	8.90065	 	1.40153	 	
140000	-1.23655	 	619.649	 	-0.0107268	 	103.278	 	0.452926	 	15090556	 	8.84228	 	1.39286	 	
150000	-1.23513	 	618.244	 	-0.0172041	 	102.137	 	0.449512	 	16199596	 	8.88037	 	1.39308	 	
160000	-1.23499	 	618.096	 	-0.0167329	 	102.122	 	0.449671	 	17282643	 	8.84996	 	1.3909	 	
170000	-1.23538	 	618.512	 	-0.0289161	 	102.605	 	0.45111	 	18354468	 	8.83519	 	1.39697	 	
180000	-1.23498	 	618.099	 	-0.0240714	 	102.302	 	0.45041	 	19444926	 	8.81419	 	1.39461	 	
190000	-1.23455	 	617.667	 	-0.0237474	 	101.979	 	0.449478	 	20537355	 	8.81929	 	1.3932	 	
200000	-1.23472	 	617.83	 	-0.0237287	 	102.02	 	0.449582	 	21613775	 	8.82099	 	1.39164	 	
210000	-1.23431	 	617.386	 	-0.02047	 	101.595	 	0.448517	 	22707674	 	8.80335	 	1.38487	 	
220000	-1.23467	 	617.758	 	-0.0223315	 	101.864	 	0.449156	 	23776085	 	8.81969	 	1.38739	 	
230000	-1.23561	 	618.678	 	-0.0253279	 	102.522	 	0.45126	 	24826799	 	8.77828	 	1.38662	 	
240000	-1.23515	 	618.233	 	-0.025596	 	102.21	 	0.450351	 	25923103	 	8.78481	 	1.38776	 	
250000	-1.23528	 	618.367	 	-0.0200531	 	102.317	 	0.450716	 	26999488	 	8.7744	 	1.38955	 	
260000	-1.23572	 	618.825	 	-0.0169875	 	102.568	 	0.451383	 	28060783	 	8.77912	 	1.39203	 	
270000	-1.23526	 	618.361	 	-0.0140859	 	102.288	 	0.450707	 	29159222	 	8.76401	 	1.39067	 	
280000	-1.23547	 	618.542	 	-0.0200398	 	102.391	 	0.451204	 	30230796	 	8.73208	 	1.38743	 	
290000	-1.23616	 	619.243	 	-0.00890605	 	102.98	 	0.452846	 	31277912	 	8.73001	 	1.38972	 	
300000	-1.23596	 	619.05	 	-0.0081943	 	102.705	 	0.451921	 	32366813	 	8.75513	 	1.39005	 	
310000	-1.23565	 	618.728	 	-0.00827735	 	102.519	 	0.451455	 	33459321	 	8.7475	 	1.38861	 	
320000	-1.23614	 	619.226	 	-0.0128366	 	102.87	 	0.452436	 	34513762	 	8.74609	 	1.39036	 	
330000	-1.23649	 	619.573	 	-0.0157014	 	103.218	 	0.453509	 	35575683	 	8.72896	 	1.39136	 	
340000	-1.23642	 	619.515	 	-0.0183476	 	103.196	 	0.453429	 	36656270	 	8.7319	 	1.39211	 	
350000	-1.23651	 	619.591	 	-0.007884	 	103.393	 	0.454106	 	37731970	 	8.71179	 	1.39099	 	
360000	-1.23628	 	619.369	 	-0.00945821	 	103.289	 	0.45373	 	38822378	 	8.72511	 	1.39153	 	
370000	-1.23678	 	619.89	 	-0.0135517	 	103.695	 	0.454889	 	39871647	 	8.71875	 	1.39517	 	
380000	-1.23706	 	620.181	 	-0.0153006	 	103.868	 	0.455326	 	40934252	 	8.72457	 	1.39829	 	
390000	-1.23742	 	620.545	 	-0.0125928	 	104.313	 	0.456692	 	41990918	 	8.70262	 	1.40027	 	
400000	-1.2376	 	620.734	 	-0.0177315	 	104.459	 	0.457096	 	43056479	 	8.70198	 	1.40131	 	
410000	-1.23781	 	620.955	 	-0.0183175	 	104.682	 	0.457707	 	44121017	 	8.7015	 	1.40297	 	
420000	-1.2377	 	620.843	 	-0.0188447	 	104.566	 	0.457318	 	45203545	 	8.71244	 	1.40316	 	
430000	-1.2377	 	620.832	 	-0.018345	 	104.584	 	0.457406	 	46279641	 	8.70662	 	1.402	 	
440000	-1.2375	 	620.636	 	-0.0198544	 	104.408	 	0.456899	 	47368339	 	8.71053	 	1.40156	 	
450000	-1.23776	 	620.901	 	-0.0194956	 	104.546	 	0.457304	 	48428817	 	8.70622	 	1.40222	 	
460000	-1.23773	 	620.859	 	-0.0181727	 	104.487	 	0.457209	 	49508110	 	8.69646	 	1.40166	 	
470000	-1.23778	 	620.929	 	-0.0136484	 	104.529	 	0.457234	 	50579982	 	8.70983	 	1.40392	 	
480000	-1.2379	 	621.038	 	-0.0129128	 	104.491	 	0.457101	 	51650471	 	8.71453	 	1.40319	 	
490000	-1.23796	 	621.121	 	-0.0116813	 	104.543	 	0.457094	 	52721567	 	8.73705	 	1.40667	 	
500000	-1.23757	 	620.732	 	-0.0136179	 	104.238	 	0.456229	 	53827105	 	8.74181	 	1.40604	 	
510000	-1.23735	 	620.516	 	-0.0109986	 	104.084	 	0.455625	 	54921586	 	8.76933	 	1.40722	 	
520000	-1.23739	 	620.567	 	-0.011405	 	104.184	 	0.455942	 	55994276	 	8.76285	 	1.40807	 	
530000	-1.23742	 	620.591	 	-0.0158273	 	104.181	 	0.455999	 	57069682	 	8.7531	 	1.40733	 	
540000	-1.23749	 	620.653	 	-0.0153585	 	104.254	 	0.456279	 	58140158	 	8.74075	 	1.40644	 	
550000	-1.2377	 	620.865	 	-0.0174742	 	104.387	 	0.456648	 	59199151	 	8.74003	 	1.40707	 	
560000	-1.23747	 	620.632	 	-0.0166436	 	104.196	 	0.456151	 	60295429	 	8.73627	 	1.40577	 	
570000	-1.23749	 	620.65	 	-0.0161371	 	104.213	 	0.456149	 	61371544	 	8.74362	 	1.40645	 	
580000	-1.23764	 	620.809	 	-0.0166611	 	104.345	 	0.45649	 	62435796	 	8.74673	 	1.40813	 	
590000	-1.23758	 	620.752	 	-0.0149267	 	104.337	 	0.456522	 	63517705	 	8.73821	 	1.40779	 	
600000	-1.23775	 	620.929	 	-0.0151205	 	104.451	 	0.456775	 	64578474	 	8.74733	 	1.40865	 	
610000	-1.23781	 	620.987	 	-0.0163136	 	104.476	 	0.456849	 	65651797	 	8.74645	 	1.40937	 	
620000	-1.23764	 	620.821	 	-0.0178275	 	104.369	 	0.456518	 	66743192	 	8.75225	 	1.40965	 	
630000	-1.23765	 	620.822	 	-0.0178133	 	104.367	 	0.456477	 	67820255	 	8.7577	 	1.40882	 	
640000	-1.23758	 	620.766	 	-0.0168253	 	104.331	 	0.45633	 	68899479	 	8.76495	 	1.40975	 	
650000	-1.23755	 	620.729	 	-0.0156911	 	104.336	 	0.456405	 	69980550	 	8.75566	 	1.40998	 	
660000	-1.23737	 	620.552	 	-0.0141524	 	104.141	 	0.455826	 	71072937	 	8.76268	 	1.40858	 	
670000	-1.23742	 	620.596	 	-0.0153776	 	104.213	 	0.456057	 	72145102	 	8.75755	 	1.40889	 	
680000	-1.23716	 	620.335	 	-0.0165542	 	104.01	 	0.455393	 	73246913	 	8.77373	 	1.40854	 	
690000	-1.23707	 	620.256	 	-0.016261	 	103.977	 	0.455281	 	74332426	 	8.7771	 	1.40966	 	
700000	-1.23698	 	620.165	 	-0.0122859	 	103.902	 	0.455044	 	75418983	 	8.78161	 	1.40916	 	
710000	-1.2367	 	619.893	 	-0.0105381	 	103.691	 	0.45441	 	76525744	 	8.78997	 	1.41006	 	
720000	-1.23663	 	619.821	 	-0.00839158	 	103.587	 	0.454054	 	77610954	 	8.80043	 	1.40998	 	
730000	-1.23645	 	619.641	 	-0.0087486	 	103.465	 	0.453752	 	78707472	 	8.79513	 	1.40994	 	
740000	-1.23653	 	619.725	 	-0.0108051	 	103.534	 	0.453978	 	79776692	 	8.7899	 	1.40991	 	
750000	-1.23644	 	619.635	 	-0.00946109	 	103.443	 	0.453683	 	80866206	 	8.79651	 	1.40962	 	
760000	-1.23653	 	619.725	 	-0.00877639	 	103.5	 	0.453832	 	81933429	 	8.79797	 	1.40958	 	
770000	-1.23648	 	619.669	 	-0.0110264	 	103.487	 	0.453795	 	83016241	 	8.79799	 	1.40856	 	
780000	-1.23659	 	619.78	 	-0.0125597	 	103.546	 	0.453973	 	84082550	 	8.79561	 	1.40929	 	
790000	-1.23668	 	619.872	 	-0.0136086	 	103.655	 	0.4543	 	85148909	 	8.79142	 	1.40973	 	
800000	-1.23664	 	619.822	 	-0.0133518	 	103.632	 	0.454271	 	86232442	 	8.7861	 	1.40888	 	
810000	-1.23654	 	619.728	 	-0.014498	 	103.541	 	0.453943	 	87323022	 	8.79796	 	1.4091	 	
820000	-1.23672	 	619.915	 	-0.0152365	 	103.739	 	0.454527	 	88377512	 	8.79202	 	1.40971	 	
830000	-1.23663	 	619.822	 	-0.0154279	 	103.669	 	0.454349	 	89464337	 	8.78983	 	1.40904	 	
840000	-1.23663	 	619.816	 	-0.0144946	 	103.654	 	0.454342	 	90542523	 	8.78485	 	1.40875	 	
850000	-1.23659	 	619.775	 	-0.012742	 	103.623	 	0.454257	 	91626905	 	8.78476	 	1.40933	 	
860000	-1.23657	 	619.759	 	-0.0130037	 	103.617	 	0.45425	 	92708569	 	8.78322	 	1.40951	 	
870000	-1.2364	 	619.594	 	-0.0138401	 	103.468	 	0.453799	 	93807186	 	8.78931	 	1.40925	 	
880000	-1.23644	 	619.633	 	-0.0130364	 	103.501	 	0.453894	 	94881368	 	8.789	 	1.40978	 	
890000	-1.23646	 	619.653	 	-0.0131826	 	103.499	 	0.453856	 	95958487	 	8.79354	 	1.40911	 	
900000	-1.23657	 	619.759	 	-0.0147095	 	103.563	 	0.454036	 	97024299	 	8.79324	 	1.40928	 	
910000	-1.23664	 	619.83	 	-0.0154094	 	103.636	 	0.454281	 	98093275	 	8.78649	 	1.40966	 	
920000	-1.23662	 	619.812	 	-0.0162743	 	103.584	 	0.454122	 	99172432	 	8.78867	 	1.40958	 	
930000	-1.23653	 	619.718	 	-0.0150727	 	103.537	 	0.453972	 	100260186	 	8.79186	 	1.40886	 	
940000	-1.23652	 	619.711	 	-0.0137873	 	103.523	 	0.453899	 	101339013	 	8.79724	 	1.40897	 	
950000	-1.23648	 	619.667	 	-0.0107855	 	103.481	 	0.453846	 	102423022	 	8.78788	 	1.4081	 	
960000	-1.2366	 	619.789	 	-0.0106481	 	103.576	 	0.454108	 	103482868	 	8.78776	 	1.40861	 	
970000	-1.23658	 	619.76	 	-0.0128653	 	103.568	 	0.454123	 	104564517	 	8.78183	 	1.40795	 	
980000	-1.23657	 	619.752	 	-0.0139367	 	103.559	 	0.454126	 	105645831	 	8.77779	 	1.40794	 	
990000	-1.23654	 	619.719	 	-0.0111768	 	103.512	 	0.453984	 	106729288	 	8.77997	 	1.408	 	
1000000	-1.23669	 	619.874	 	-0.0114311	 	103.64	 	0.454301	 	107786112	 	8.78524	 	1.40908	 	
1010000	-1.23672	 	619.914	 	-0.0108189	 	103.68	 	0.454402	 	108857552	 	8.78656	 	1.4098	 	
1020000	-1.23661	 	619.8	 	-0.00971857	 	103.584	 	0.454145	 	109951689	 	8.78547	 	1.40896	 	
1030000	-1.23676	 	619.948	 	-0.011272	 	103.711	 	0.454524	 	111007239	 	8.7809	 	1.40968	 	
1040000	-1.2369	 	620.092	 	-0.0098465	 	103.817	 	0.454776	 	112063958	 	8.78675	 	1.41075	 	
1050000	-1.23679	 	619.982	 	-0.0101015	 	103.682	 	0.454329	 	113158823	 	8.79812	 	1.41037	 	
1060000	-1.23687	 	620.064	 	-0.0119261	 	103.75	 	0.454537	 	114223502	 	8.79524	 	1.41035	 	
1070000	-1.23695	 	620.137	 	-0.0100814	 	103.826	 	0.454756	 	115289973	 	8.79377	 	1.41034	 	
1080000	-1.23686	 	620.053	 	-0.00854218	 	103.8	 	0.454669	 	116379763	 	8.79611	 	1.4102	 	
1090000	-1.2368	 	619.985	 	-0.00711965	 	103.751	 	0.454528	 	117468335	 	8.79691	 	1.40963	 	
1100000	-1.23682	 	620.015	 	-0.0070341	 	103.778	 	0.454598	 	118542255	 	8.79759	 	1.41037	 	
1110000	-1.2367	 	619.892	 	-0.00977128	 	103.717	 	0.454444	 	119638898	 	8.7957	 	1.41013	 	
1120000	-1.23671	 	619.901	 	-0.00928438	 	103.723	 	0.454413	 	120715462	 	8.80278	 	1.41047	 	
1130000	-1.2367	 	619.902	 	-0.0100609	 	103.731	 	0.454431	 	121792311	 	8.80314	 	1.4109	 	
1140000	-1.23666	 	619.859	 	-0.010592	 	103.676	 	0.454335	 	122878960	 	8.79503	 	1.41063	 	
1150000	-1.2365	 	619.692	 	-0.0100975	 	103.552	 	0.453943	 	123984151	 	8.80278	 	1.4103	 	
1160000	-1.23654	 	619.735	 	-0.00836438	 	103.595	 	0.454061	 	125052045	 	8.80284	 	1.41019	 	
1170000	-1.23642	 	619.613	 	-0.00885772	 	103.494	 	0.453721	 	126151472	 	8.81228	 	1.40974	 	
1180000	-1.23643	 	619.622	 	-0.00962594	 	103.519	 	0.453757	 	127228535	 	8.81714	 	1.41021	 	
1190000	-1.2365	 	619.701	 	-0.00907614	 	103.563	 	0.453855	 	128292321	 	8.82076	 	1.41054	 	
1200000	-1.23663	 	619.827	 	-0.0072797	 	103.639	 	0.454045	 	129349455	 	8.8233	 	1.41083	 	
1210000	-1.23652	 	619.715	 	-0.00723681	 	103.571	 	0.453878	 	130448058	 	8.82057	 	1.40986	 	
1220000	-1.23646	 	619.652	 	-0.00711015	 	103.511	 	0.453674	 	131539297	 	8.82605	 	1.40998	 	
1230000	-1.23638	 	619.574	 	-0.00764407	 	103.445	 	0.45346	 	132631343	 	8.83124	 	1.41028	 	
1240000	-1.2364	 	619.606	 	-0.0100783	 	103.452	 	0.453422	 	133704136	 	8.83971	 	1.41126	 	
1250000	-1.23649	 	619.701	 	-0.0100041	 	103.535	 	0.453651	 	134766341	 	8.83973	 	1.4121	 	
1260000	-1.23649	 	619.699	 	-0.0107855	 	103.55	 	0.453725	 	135845312	 	8.83483	 	1.41205	 	
1270000	-1.2366	 	619.797	 	-0.0094985	 	103.641	 	0.454054	 	136902219	 	8.82295	 	1.41114	 	
1280000	-1.23664	 	619.833	 	-0.00956634	 	103.676	 	0.454195	 	137972523	 	8.81597	 	1.41066	 	
1290000	-1.23644	 	619.632	 	-0.00988871	 	103.516	 	0.453721	 	139089584	 	8.82125	 	1.40989	 	
1300000	-1.2365	 	619.693	 	-0.0107471	 	103.547	 	0.453779	 	140157033	 	8.82528	 	1.41022	 	
1310000	-1.23653	 	619.727	 	-0.0105232	 	103.561	 	0.45379	 	141229055	 	8.82945	 	1.41029	 	
1320000	-1.23641	 	619.608	 	-0.0102211	 	103.461	 	0.45347	 	142331765	 	8.83643	 	1.41065	 	
1330000	-1.2363	 	619.495	 	-0.0103649	 	103.387	 	0.453208	 	143431905	 	8.8449	 	1.41029	 	
1340000	-1.23629	 	619.488	 	-0.00937772	 	103.389	 	0.453215	 	144510024	 	8.84469	 	1.40969	 	
1350000	-1.2363	 	619.499	 	-0.00833445	 	103.411	 	0.453272	 	145584421	 	8.84519	 	1.4099	 	
1360000	-1.23631	 	619.506	 	-0.00863019	 	103.406	 	0.453248	 	146658852	 	8.84668	 	1.40954	 	
1370000	-1.23625	 	619.447	 	-0.00905007	 	103.364	 	0.453136	 	147749793	 	8.84629	 	1.40954	 	
1380000	-1.23629	 	619.485	 	-0.00965729	 	103.386	 	0.453189	 	148819748	 	8.84731	 	1.40973	 	
1390000	-1.23629	 	619.483	 	-0.0100144	 	103.376	 	0.453133	 	149898813	 	8.85185	 	1.41009	 	
1400000	-1.23615	 	619.343	 	-0.0106332	 	103.236	 	0.452679	 	151008707	 	8.86186	 	1.40986	 	
1410000	-1.23608	 	619.277	 	-0.0100811	 	103.163	 	0.45249	 	152101852	 	8.85992	 	1.40932	 	
1420000	-1.23598	 	619.169	 	-0.00938506	 	103.065	 	0.452196	 	153203580	 	8.86339	 	1.40867	 	
1430000	-1.23596	 	619.151	 	-0.00885565	 	103.068	 	0.452208	 	154285720	 	8.86296	 	1.40879	 	
1440000	-1.23603	 	619.223	 	-0.00968456	 	103.14	 	0.452418	 	155348383	 	8.86139	 	1.40919	 	
1450000	-1.2361	 	619.298	 	-0.00891786	 	103.182	 	0.452533	 	156412419	 	8.86148	 	1.40935	 	
1460000	-1.23604	 	619.236	 	-0.00919406	 	103.135	 	0.452408	 	157502831	 	8.86057	 	1.4089	 	
1470000	-1.23606	 	619.255	 	-0.00992178	 	103.14	 	0.452433	 	158576554	 	8.85902	 	1.40878	 	
1480000	-1.236	 	619.194	 	-0.00971025	 	103.077	 	0.452261	 	159670121	 	8.85891	 	1.40902	 	
1490000	-1.23603	 	619.223	 	-0.0100542	 	103.115	 	0.452408	 	160742148	 	8.85235	 	1.40908	 	
1500000	-1.23591	 	619.108	 	-0.0109805	 	103.032	 	0.452167	 	161846500	 	8.8541	 	1.40891	 	
1510000	-1.23593	 	619.131	 	-0.0120476	 	103.06	 	0.452245	 	162920340	 	8.854	 	1.40943	 	
1520000	-1.23596	 	619.155	 	-0.0120942	 	103.062	 	0.452224	 	163995265	 	8.85816	 	1.40985	 	
1530000	-1.23595	 	619.15	 	-0.0110522	 	103.066	 	0.452244	 	165073932	 	8.85653	 	1.40971	 	
1540000	-1.23597	 	619.17	 	-0.0103927	 	103.099	 	0.452339	 	166148258	 	8.85607	 	1.40993	 	
1550000	-1.2359	 	619.099	 	-0.00938129	 	103.059	 	0.452248	 	167243065	 	8.85325	 	1.40955	 	
1560000	-1.23586	 	619.056	 	-0.00944833	 	103.028	 	0.45218	 	168333618	 	8.85049	 	1.40939	 	
1570000	-1.23594	 	619.142	 	-0.00917733	 	103.077	 	0.452299	 	169394022	 	8.8528	 	1.40987	 	
1580000	-1.23604	 	619.241	 	-0.00931884	 	103.159	 	0.452549	 	170448783	 	8.84964	 	1.40977	 	
1590000	-1.23618	 	619.376	 	-0.00789645	 	103.253	 	0.452818	 	171494109	 	8.84811	 	1.41018	 	
1600000	-1.23612	 	619.316	 	-0.00847244	 	103.228	 	0.452778	 	172587790	 	8.84372	 	1.41004	 	
1610000	-1.23606	 	619.259	 	-0.0083383	 	103.171	 	0.452627	 	173679121	 	8.84285	 	1.40937	 	
1620000	-1.23614	 	619.333	 	-0.00922409	 	103.235	 	0.452811	 	174740152	 	8.84163	 	1.40934	 	
1630000	-1.23617	 	619.363	 	-0.00949371	 	103.247	 	0.45285	 	175811760	 	8.84084	 	1.40895	 	
1640000	-1.23616	 	619.353	 	-0.00868538	 	103.24	 	0.452832	 	176893122	 	8.84041	 	1.40865	 	
1650000	-1.23609	 	619.276	 	-0.00934094	 	103.15	 	0.452538	 	177993135	 	8.84747	 	1.40848	 	
1660000	-1.23609	 	619.284	 	-0.00924902	 	103.165	 	0.452604	 	179068185	 	8.84375	 	1.4086	 	
1670000	-1.23605	 	619.242	 	-0.00930762	 	103.128	 	0.452465	 	180158505	 	8.84949	 	1.40871	 	
1680000	-1.23613	 	619.323	 	-0.0091819	 	103.2	 	0.452697	 	181217861	 	8.84408	 	1.40854	 	
1690000	-1.23622	 	619.407	 	-0.00732736	 	103.274	 	0.452935	 	182275080	 	8.8392	 	1.40851	 	
1700000	-1.23622	 	619.409	 	-0.0076198	 	103.266	 	0.452926	 	183350788	 	8.83725	 	1.40828	 	
1710000	-1.23631	 	619.501	 	-0.00776118	 	103.33	 	0.453117	 	184405670	 	8.83514	 	1.40851	 	
1720000	-1.23643	 	619.62	 	-0.00772916	 	103.399	 	0.453289	 	185453127	 	8.83759	 	1.40917	 	
1730000	-1.23652	 	619.714	 	-0.00853658	 	103.471	 	0.453506	 	186506081	 	8.83505	 	1.40983	 	
1740000	-1.23656	 	619.759	 	-0.00784114	 	103.493	 	0.453558	 	187574089	 	8.83635	 	1.41013	 	
1750000	-1.2365	 	619.702	 	-0.00773873	 	103.457	 	0.453425	 	188669183	 	8.84114	 	1.41071	 	
1760000	-1.23654	 	619.739	 	-0.00833851	 	103.477	 	0.453478	 	189737089	 	8.84158	 	1.41092	 	
1770000	-1.23654	 	619.735	 	-0.00781135	 	103.457	 	0.45342	 	190815888	 	8.84195	 	1.4108	 	
1780000	-1.23656	 	619.755	 	-0.00784621	 	103.467	 	0.453459	 	191888914	 	8.84045	 	1.41075	 	
1790000	-1.23671	 	619.904	 	-0.00906925	 	103.562	 	0.453727	 	192927711	 	8.83955	 	1.41094	 	
1800000	-1.23671	 	619.906	 	-0.00798351	 	103.551	 	0.453688	 	194004792	 	8.84093	 	1.41095	 	
1810000	-1.23669	 	619.883	 	-0.00768912	 	103.528	 	0.453622	 	195088378	 	8.84105	 	1.41087	 	
1820000	-1.23659	 	619.78	 	-0.00748179	 	103.463	 	0.453476	 	196193701	 	8.8359	 	1.40999	 	
1830000	-1.23663	 	619.819	 	-0.00841494	 	103.519	 	0.453655	 	197259867	 	8.83223	 	1.40994	 	
1840000	-1.23649	 	619.686	 	-0.00874635	 	103.413	 	0.45333	 	198374293	 	8.83724	 	1.40971	 	
1850000	-1.23652	 	619.715	 	-0.00855517	 	103.448	 	0.453419	 	199443320	 	8.8384	 	1.40953	 	
1860000	-1.23651	 	619.704	 	-0.00839106	 	103.434	 	0.453409	 	200525243	 	8.83435	 	1.40916	 	
1870000	-1.23647	 	619.657	 	-0.00898911	 	103.38	 	0.453235	 	201617358	 	8.83781	 	1.40927	 	
1880000	-1.23656	 	619.745	 	-0.00915047	 	103.431	 	0.453387	 	202671375	 	8.83616	 	1.40889	 	
1890000	-1.23658	 	619.769	 	-0.00816952	 	103.456	 	0.453456	 	203741301	 	8.83627	 	1.40896	 	
1900000	-1.23654	 	619.732	 	-0.00763873	 	103.431	 	0.453378	 	204831302	 	8.83783	 	1.40934	 	
1910000	-1.23649	 	619.678	 	-0.00666118	 	103.385	 	0.453245	 	205926050	 	8.83877	 	1.40959	 	
1920000	-1.23652	 	619.715	 	-0.0067813	 	103.411	 	0.4533	 	206993344	 	8.84094	 	1.41001	 	
1930000	-1.23646	 	619.65	 	-0.00737649	 	103.375	 	0.453223	 	208089996	 	8.83787	 	1.40975	 	
1940000	-1.23643	 	619.627	 	-0.00708936	 	103.366	 	0.453202	 	209174153	 	8.83718	 	1.4098	 	
1950000	-1.23645	 	619.642	 	-0.0069207	 	103.377	 	0.453242	 	210248197	 	8.83565	 	1.40958	 	
1960000	-1.23644	 	619.629	 	-0.00686168	 	103.354	 	0.453186	 	211329387	 	8.8346	 	1.40933	 	
1970000	-1.23648	 	619.67	 	-0.00731273	 	103.395	 	0.453304	 	212393918	 	8.83383	 	1.40926	 	
1980000	-1.23649	 	619.682	 	-0.00698608	 	103.385	 	0.453268	 	213468963	 	8.83524	 	1.40916	 	
1990000	-1.23654	 	619.73	 	-0.00608825	 	103.434	 	0.453408	 	214531382	 	8.83416	 	1.40933	 	
2000000	-1.23651	 	619.705	 	-0.0061288	 	103.417	 	0.453377	 	215617078	 	8.8319	 	1.4094	 	
2010000	-1.23649	 	619.677	 	-0.0065953	 	103.396	 	0.45332	 	216703697	 	8.83175	 	1.40915	 	
2020000	-1.23647	 	619.658	 	-0.00686838	 	103.38	 	0.453271	 	217787406	 	8.83264	 	1.40941	 	
2030000	-1.23648	 	619.67	 	-0.00553154	 	103.388	 	0.453312	 	218862378	 	8.82961	 	1.40883	 	
2040000	-1.23652	 	619.709	 	-0.00542672	 	103.401	 	0.453324	 	219928313	 	8.83327	 	1.40888	 	
2050000	-1.23649	 	619.676	 	-0.00491604	 	103.362	 	0.453182	 	221019434	 	8.83839	 	1.40906	 	
2060000	-1.23649	 	619.681	 	-0.005151	 	103.36	 	0.453137	 	222096426	 	8.84446	 	1.40947	 	
2070000	-1.23649	 	619.685	 	-0.0053793	 	103.372	 	0.453198	 	223172621	 	8.84014	 	1.40926	 	
2080000	-1.23645	 	619.64	 	-0.00570596	 	103.353	 	0.453143	 	224263811	 	8.84086	 	1.40913	 	
2090000	-1.23646	 	619.65	 	-0.00538532	 	103.37	 	0.453179	 	225337548	 	8.84211	 	1.40912	 	
2100000	-1.23646	 	619.649	 	-0.00508518	 	103.375	 	0.45322	 	226415660	 	8.83819	 	1.40897	 	
2110000	-1.23637	 	619.555	 	-0.00465947	 	103.288	 	0.452976	 	227524096	 	8.83892	 	1.40823	 	
2120000	-1.23628	 	619.469	 	-0.00367717	 	103.227	 	0.452807	 	228627302	 	8.83901	 	1.40793	 	
2130000	-1.23635	 	619.535	 	-0.00305162	 	103.28	 	0.452986	 	229684232	 	8.83395	 	1.40754	 	
2140000	-1.23637	 	619.553	 	-0.00292789	 	103.311	 	0.453081	 	230755299	 	8.83248	 	1.40756	 	
2150000	-1.23644	 	619.624	 	-0.00329437	 	103.362	 	0.453227	 	231810605	 	8.83182	 	1.40783	 	
2160000	-1.23643	 	619.608	 	-0.00374072	 	103.363	 	0.453228	 	232895035	 	8.83179	 	1.40777	 	
2170000	-1.23643	 	619.608	 	-0.00379408	 	103.351	 	0.45322	 	233972233	 	8.82819	 	1.40739	 	
2180000	-1.23638	 	619.555	 	-0.00346123	 	103.304	 	0.453079	 	235066563	 	8.82974	 	1.40722	 	
2190000	-1.23632	 	619.504	 	-0.00293017	 	103.264	 	0.452963	 	236160313	 	8.83083	 	1.40719	 	
2200000	-1.23632	 	619.502	 	-0.00239907	 	103.26	 	0.452942	 	237240704	 	8.83227	 	1.40722	 	
2210000	-1.23639	 	619.574	 	-0.00241139	 	103.3	 	0.453058	 	238295902	 	8.83158	 	1.40759	 	
2220000	-1.23638	 	619.557	 	-0.00125802	 	103.276	 	0.452982	 	239378833	 	8.83308	 	1.40756	 	
2230000	-1.23644	 	619.617	 	-0.00181164	 	103.324	 	0.453122	 	240438762	 	8.83179	 	1.40774	 	
2240000	-1.23646	 	619.643	 	-0.0010713	 	103.335	 	0.453153	 	241507504	 	8.83157	 	1.40795	 	
2250000	-1.23642	 	619.61	 	-0.00104498	 	103.301	 	0.453024	 	242598641	 	8.83705	 	1.40849	 	
2260000	-1.23644	 	619.622	 	-0.00103875	 	103.322	 	0.453089	 	243671853	 	8.83576	 	1.4083	 	
2270000	-1.2364	 	619.582	 	-0.000916822	 	103.292	 	0.453006	 	244764071	 	8.83575	 	1.40848	 	
2280000	-1.23636	 	619.544	 	-0.00148686	 	103.268	 	0.452955	 	245855424	 	8.8336	 	1.40808	 	
2290000	-1.23638	 	619.562	 	-0.00156499	 	103.293	 	0.453034	 	246925744	 	8.83199	 	1.408	 	
2300000	-1.23641	 	619.6	 	-0.00141155	 	103.326	 	0.45311	 	247992340	 	8.8344	 	1.4084	 	
2310000	-1.23645	 	619.641	 	-0.00248441	 	103.354	 	0.453174	 	249056188	 	8.83639	 	1.40877	 	
2320000	-1.23645	 	619.641	 	-0.00254827	 	103.358	 	0.453208	 	250132198	 	8.83287	 	1.40851	 	
2330000	-1.2364	 	619.591	 	-0.0026567	 	103.317	 	0.453092	 	251227255	 	8.83349	 	1.40846	 	
2340000	-1.23639	 	619.577	 	-0.00258372	 	103.315	 	0.453087	 	252307943	 	8.83343	 	1.40851	 	
2350000	-1.23641	 	619.599	 	-0.00260988	 	103.33	 	0.453126	 	253377536	 	8.83362	 	1.4085	 	
2360000	-1.23639	 	619.578	 	-0.0025959	 	103.322	 	0.45313	 	254463876	 	8.82963	 	1.40803	 	
2370000	-1.23639	 	619.572	 	-0.00346112	 	103.308	 	0.453087	 	255543185	 	8.83018	 	1.40797	 	
2380000	-1.23635	 	619.53	 	-0.00330206	 	103.262	 	0.452961	 	256636395	 	8.83029	 	1.40754	 	
2390000	-1.23634	 	619.526	 	-0.00276894	 	103.25	 	0.452918	 	257715806	 	8.8316	 	1.40778	 	
2400000	-1.2364	 	619.584	 	-0.002459	 	103.287	 	0.453029	 	258774068	 	8.83051	 	1.40792	 	
2410000	-1.2364	 	619.587	 	-0.00161035	 	103.281	 	0.453012	 	259852259	 	8.83057	 	1.40788	 	
2420000	-1.23645	 	619.634	 	-0.000806975	 	103.309	 	0.453081	 	260915330	 	8.83147	 	1.40845	 	
2430000	-1.23645	 	619.634	 	-0.00143952	 	103.309	 	0.453086	 	261992994	 	8.83116	 	1.40836	 	
2440000	-1.23645	 	619.636	 	-0.0014504	 	103.305	 	0.453069	 	263069813	 	8.83166	 	1.40815	 	
2450000	-1.23643	 	619.622	 	-0.00164274	 	103.3	 	0.453059	 	264155253	 	8.83123	 	1.40867	 	
2460000	-1.23646	 	619.651	 	-0.00224182	 	103.32	 	0.453104	 	265223381	 	8.83272	 	1.40888	 	
2470000	-1.23639	 	619.582	 	-0.0014823	 	103.278	 	0.452955	 	266327563	 	8.83789	 	1.40929	 	
2480000	-1.23637	 	619.564	 	-0.0011664	 	103.26	 	0.452884	 	267412747	 	8.84081	 	1.40921	 	
2490000	-1.23636	 	619.551	 	-0.000392434	 	103.255	 	0.452867	 	268496740	 	8.84137	 	1.40923	 	
2500000	-1.23637	 	619.566	 	-0.000768872	 	103.268	 	0.452901	 	269569754	 	8.84195	 	1.40933	 	
2510000	-1.23638	 	619.569	 	-0.00046358	 	103.27	 	0.452901	 	270646933	 	8.84237	 	1.40937	 	
2520000	-1.23636	 	619.55	 	-0.00031501	 	103.252	 	0.452846	 	271732968	 	8.84333	 	1.40936	 	
2530000	-1.23638	 	619.576	 	-0.000442229	 	103.264	 	0.452874	 	272802518	 	8.84409	 	1.40948	 	
2540000	-1.23641	 	619.602	 	-0.000951622	 	103.291	 	0.452961	 	273870480	 	8.84228	 	1.40962	 	
2550000	-1.23638	 	619.578	 	-0.000239194	 	103.279	 	0.452922	 	274956146	 	8.84305	 	1.40978	 	
2560000	-1.23637	 	619.561	 	-0.00144551	 	103.281	 	0.452949	 	276038952	 	8.84	 	1.40938	 	
2570000	-1.2363	 	619.495	 	-0.00122079	 	103.23	 	0.452788	 	277144947	 	8.84317	 	1.40958	 	
2580000	-1.23628	 	619.475	 	-0.00155453	 	103.217	 	0.452738	 	278231976	 	8.84521	 	1.40984	 	
2590000	-1.23633	 	619.524	 	-0.000905728	 	103.237	 	0.452806	 	279290505	 	8.84312	 	1.40958	 	
2600000	-1.23636	 	619.552	 	-0.00105228	 	103.261	 	0.452878	 	280358400	 	8.84229	 	1.40953	 	
2610000	-1.23641	 	619.602	 	-0.000932898	 	103.289	 	0.452942	 	281416380	 	8.84438	 	1.40995	 	
2620000	-1.23643	 	619.621	 	-0.00114912	 	103.308	 	0.453004	 	282486715	 	8.84309	 	1.40979	 	
2630000	-1.23643	 	619.63	 	-0.000482525	 	103.312	 	0.453008	 	283562207	 	8.8438	 	1.41008	 	
2640000	-1.23645	 	619.647	 	-0.000173795	 	103.33	 	0.453056	 	284633326	 	8.84431	 	1.41025	 	
2650000	-1.23645	 	619.647	 	0.0003488	 	103.333	 	0.453042	 	285713035	 	8.84744	 	1.41038	 	
2660000	-1.23645	 	619.645	 	0.00150005	 	103.334	 	0.453024	 	286793573	 	8.85065	 	1.41073	 	
2670000	-1.23644	 	619.64	 	0.00159307	 	103.322	 	0.453004	 	287874416	 	8.84887	 	1.41086	 	
2680000	-1.23637	 	619.572	 	0.00160945	 	103.278	 	0.452867	 	288982335	 	8.85109	 	1.41129	 	
2690000	-1.23637	 	619.576	 	0.00141901	 	103.284	 	0.452887	 	290060117	 	8.85052	 	1.41138	 	
2700000	-1.23641	 	619.609	 	0.000943669	 	103.314	 	0.452995	 	291124049	 	8.84664	 	1.41118	 	
2710000	-1.23636	 	619.558	 	0.000609539	 	103.278	 	0.452891	 	292223076	 	8.84738	 	1.41088	 	
2720000	-1.23631	 	619.507	 	0.000977689	 	103.245	 	0.452802	 	293321619	 	8.84723	 	1.41067	 	
2730000	-1.23632	 	619.522	 	0.000917015	 	103.248	 	0.452807	 	294394401	 	8.84746	 	1.41065	 	
2740000	-1.2363	 	619.506	 	0.000295095	 	103.226	 	0.452725	 	295480363	 	8.85096	 	1.41078	 	
2750000	-1.23633	 	619.533	 	0.000405065	 	103.239	 	0.452751	 	296545590	 	8.85229	 	1.41099	 	
2760000	-1.23637	 	619.571	 	0.000514391	 	103.268	 	0.452826	 	297608491	 	8.85296	 	1.41104	 	
2770000	-1.23641	 	619.618	 	0.000231186	 	103.311	 	0.452941	 	298667742	 	8.85385	 	1.41135	 	
2780000	-1.23639	 	619.591	 	1.41655e-05	 	103.293	 	0.452899	 	299757475	 	8.85235	 	1.4109	 	
2790000	-1.23638	 	619.584	 	-0.000729989	 	103.292	 	0.452912	 	300838164	 	8.85011	 	1.41089	 	
2800000	-1.23645	 	619.658	 	-0.000824929	 	103.341	 	0.453033	 	301887144	 	8.85205	 	1.41161	 	
2810000	-1.23644	 	619.646	 	-9.24733e-06	 	103.327	 	0.45299	 	302970115	 	8.85314	 	1.41166	 	
2820000	-1.23639	 	619.593	 	-0.00051878	 	103.286	 	0.452867	 	304070325	 	8.85433	 	1.41156	 	
2830000	-1.23642	 	619.628	 	-0.000662703	 	103.305	 	0.452919	 	305135133	 	8.85438	 	1.4118	 	
2840000	-1.23643	 	619.631	 	-0.00154097	 	103.314	 	0.45296	 	306211963	 	8.852	 	1.41179	 	
2850000	-1.23641	 	619.612	 	-0.000930509	 	103.285	 	0.452893	 	307296967	 	8.85004	 	1.41142	 	
2860000	-1.23638	 	619.58	 	-0.000854086	 	103.258	 	0.452814	 	308387207	 	8.85096	 	1.4112	 	
2870000	-1.23636	 	619.567	 	-0.0010489	 	103.244	 	0.45276	 	309471872	 	8.85288	 	1.41123	 	
2880000	-1.23641	 	619.612	 	-0.000770243	 	103.279	 	0.452863	 	310531061	 	8.85228	 	1.41123	 	
2890000	-1.2364	 	619.605	 	-0.000555578	 	103.27	 	0.452823	 	311611043	 	8.85413	 	1.41126	 	
2900000	-1.23637	 	619.575	 	-0.000542757	 	103.243	 	0.452751	 	312703934	 	8.85418	 	1.41103	 	
2910000	-1.2363	 	619.498	 	-0.000237756	 	103.184	 	0.452567	 	313815212	 	8.85713	 	1.41083	 	
2920000	-1.2363	 	619.501	 	-5.12021e-05	 	103.185	 	0.452571	 	314892481	 	8.85711	 	1.41101	 	
2930000	-1.23634	 	619.545	 	0.000534055	 	103.216	 	0.452659	 	315952515	 	8.85662	 	1.41105	 	
2940000	-1.23631	 	619.515	 	0.000294362	 	103.187	 	0.452567	 	317044383	 	8.85859	 	1.41106	 	
2950000	-1.23627	 	619.469	 	0.000152871	 	103.157	 	0.452499	 	318144710	 	8.85618	 	1.41093	 	
2960000	-1.23629	 	619.493	 	0.000597674	 	103.173	 	0.452549	 	319212410	 	8.85514	 	1.41095	 	
2970000	-1.23627	 	619.478	 	0.000939722	 	103.165	 	0.452518	 	320299184	 	8.85642	 	1.41117	 	
2980000	-1.23625	 	619.45	 	0.00106908	 	103.148	 	0.452464	 	321389851	 	8.85775	 	1.41115	 	
2990000	-1.23628	 	619.485	 	0.00123109	 	103.159	 	0.452503	 	322452895	 	8.85621	 	1.41102	 	
3000000	-1.23629	 	619.488	 	0.00054303	 	103.15	 	0.452489	 	323529534	 	8.85481	 	1.41095	 	
3010000	-1.2363	 	619.502	 	0.000847713	 	103.161	 	0.452534	 	324599917	 	8.85247	 	1.41076	 	
3020000	-1.23627	 	619.474	 	0.000571758	 	103.136	 	0.452475	 	325691469	 	8.85124	 	1.41076	 	
3030000	-1.23626	 	619.46	 	0.000463203	 	103.117	 	0.452415	 	326777401	 	8.85206	 	1.41062	 	
3040000	-1.23624	 	619.439	 	0.000345607	 	103.098	 	0.452357	 	327866900	 	8.85319	 	1.41044	 	
3050000	-1.23626	 	619.46	 	0.00086762	 	103.12	 	0.452435	 	328935920	 	8.85034	 	1.41019	 	
3060000	-1.23627	 	619.467	 	0.00108103	 	103.126	 	0.452449	 	330010495	 	8.85093	 	1.41046	 	
3070000	-1.23625	 	619.45	 	0.0016387	 	103.118	 	0.452432	 	331097087	 	8.85002	 	1.41036	 	
3080000	-1.23626	 	619.463	 	0.00207439	 	103.12	 	0.452442	 	332169967	 	8.8494	 	1.41034	 	
3090000	-1.23626	 	619.462	 	0.00267789	 	103.116	 	0.45242	 	333247950	 	8.85111	 	1.41047	 	
3100000	-1.23625	 	619.451	 	0.00253985	 	103.118	 	0.452439	 	334329639	 	8.8492	 	1.41025	 	
3110000	-1.23624	 	619.438	 	0.00214691	 	103.102	 	0.452389	 	335413338	 	8.84989	 	1.41014	 	
3120000	-1.23625	 	619.449	 	0.00182303	 	103.111	 	0.452407	 	336486179	 	8.85107	 	1.41026	 	
3130000	-1.23619	 	619.394	 	0.00190924	 	103.087	 	0.452347	 	337590359	 	8.8501	 	1.41021	 	
3140000	-1.23618	 	619.38	 	0.00231837	 	103.072	 	0.452319	 	338673741	 	8.84805	 	1.40991	 	
3150000	-1.23618	 	619.382	 	0.00230935	 	103.059	 	0.452274	 	339749067	 	8.84937	 	1.40999	 	
3160000	-1.23621	 	619.408	 	0.00179404	 	103.083	 	0.452351	 	340815121	 	8.84748	 	1.41	 	
3170000	-1.2362	 	619.398	 	0.00167133	 	103.075	 	0.452325	 	341899573	 	8.84816	 	1.41003	 	
3180000	-1.23616	 	619.352	 	0.00105935	 	103.042	 	0.452245	 	343001391	 	8.84672	 	1.40967	 	
3190000	-1.23622	 	619.422	 	0.00144821	 	103.09	 	0.452375	 	344048093	 	8.84694	 	1.41005	 	
3200000	-1.23621	 	619.413	 	0.0010696	 	103.08	 	0.452336	 	345132158	 	8.84883	 	1.41018	 	
3210000	-1.23618	 	619.382	 	0.00128551	 	103.049	 	0.452249	 	346225474	 	8.84881	 	1.41	 	
3220000	-1.23617	 	619.364	 	0.000889211	 	103.034	 	0.45221	 	347311589	 	8.84873	 	1.40976	 	
3230000	-1.23618	 	619.378	 	0.00170733	 	103.037	 	0.452207	 	348383592	 	8.85013	 	1.40996	 	
3240000	-1.23616	 	619.358	 	0.00130716	 	103.029	 	0.452191	 	349473645	 	8.84907	 	1.40978	 	
3250000	-1.23613	 	619.322	 	0.00122802	 	103.004	 	0.452115	 	350569512	 	8.85019	 	1.40973	 	
3260000	-1.23613	 	619.323	 	0.00132839	 	103.008	 	0.452135	 	351647746	 	8.84916	 	1.40974	 	
3270000	-1.23615	 	619.347	 	0.00105532	 	103.021	 	0.452166	 	352713784	 	8.8498	 	1.40958	 	
3280000	-1.23618	 	619.375	 	0.00106502	 	103.03	 	0.452187	 	353778378	 	8.8503	 	1.40945	 	
3290000	-1.23621	 	619.404	 	0.00168813	 	103.052	 	0.45226	 	354842675	 	8.84852	 	1.40943	 	
3300000	-1.23623	 	619.428	 	0.00156597	 	103.075	 	0.452325	 	355908452	 	8.84804	 	1.40962	 	
3310000	-1.23622	 	619.417	 	0.00165308	 	103.067	 	0.452301	 	356993668	 	8.84839	 	1.40984	 	
3320000	-1.23626	 	619.456	 	0.00200895	 	103.09	 	0.452373	 	358053357	 	8.84737	 	1.41002	 	
3330000	-1.23627	 	619.465	 	0.00233787	 	103.097	 	0.45241	 	359125724	 	8.84464	 	1.40982	 	
3340000	-1.2363	 	619.491	 	0.00180046	 	103.125	 	0.452499	 	360190145	 	8.84292	 	1.40989	 	
3350000	-1.23632	 	619.512	 	0.00236538	 	103.139	 	0.452562	 	361257619	 	8.8394	 	1.40949	 	
3360000	-1.23641	 	619.6	 	0.00221429	 	103.203	 	0.452745	 	362293181	 	8.83805	 	1.40979	 	
3370000	-1.2364	 	619.598	 	0.00266262	 	103.2	 	0.452747	 	363372621	 	8.83694	 	1.40965	 	
3380000	-1.23641	 	619.606	 	0.00260369	 	103.206	 	0.452757	 	364446957	 	8.83746	 	1.40967	 	
3390000	-1.23644	 	619.639	 	0.00245111	 	103.236	 	0.452834	 	365508043	 	8.83851	 	1.40985	 	
3400000	-1.23641	 	619.601	 	0.00276313	 	103.208	 	0.452773	 	366605056	 	8.83635	 	1.40955	 	
3410000	-1.23638	 	619.572	 	0.00329316	 	103.192	 	0.452734	 	367697121	 	8.83525	 	1.40937	 	
3420000	-1.23643	 	619.618	 	0.00283596	 	103.239	 	0.452873	 	368752548	 	8.8339	 	1.40946	 	
3430000	-1.23639	 	619.584	 	0.00295459	 	103.201	 	0.452756	 	369848149	 	8.83597	 	1.40919	 	
3440000	-1.2364	 	619.592	 	0.00299665	 	103.215	 	0.452798	 	370920875	 	8.83523	 	1.40913	 	
3450000	-1.23644	 	619.635	 	0.00257685	 	103.244	 	0.452886	 	371977742	 	8.83423	 	1.40919	 	
3460000	-1.23645	 	619.643	 	0.00219758	 	103.248	 	0.452895	 	373051495	 	8.8345	 	1.4092	 	
3470000	-1.23643	 	619.625	 	0.00202923	 	103.23	 	0.452824	 	374138309	 	8.83755	 	1.40918	 	
3480000	-1.23648	 	619.669	 	0.00148411	 	103.265	 	0.452924	 	375192642	 	8.83718	 	1.40928	 	
3490000	-1.23648	 	619.669	 	0.00163395	 	103.266	 	0.452936	 	376271542	 	8.83578	 	1.4092	 	
3500000	-1.23645	 	619.638	 	0.00208635	 	103.236	 	0.452863	 	377366883	 	8.83438	 	1.40901	 	
3510000	-1.23645	 	619.637	 	0.0018221	 	103.235	 	0.452861	 	378444527	 	8.83388	 	1.40881	 	
3520000	-1.23644	 	619.631	 	0.00156251	 	103.226	 	0.452843	 	379525200	 	8.83293	 	1.40873	 	
3530000	-1.23645	 	619.636	 	0.00186856	 	103.233	 	0.452873	 	380600647	 	8.83157	 	1.40871	 	
3540000	-1.23642	 	619.607	 	0.00145974	 	103.205	 	0.45279	 	381694143	 	8.83227	 	1.40865	 	
3550000	-1.23635	 	619.531	 	0.00144771	 	103.146	 	0.452625	 	382810690	 	8.83238	 	1.40823	 	
3560000	-1.23634	 	619.529	 	0.00107866	 	103.137	 	0.452594	 	383890546	 	8.8336	 	1.40811	 	
3570000	-1.23632	 	619.509	 	0.00120435	 	103.122	 	0.452558	 	384980175	 	8.83294	 	1.40791	 	
3580000	-1.23634	 	619.526	 	0.00125647	 	103.138	 	0.452607	 	386050014	 	8.83185	 	1.40781	 	
3590000	-1.23637	 	619.549	 	0.00117925	 	103.153	 	0.452663	 	387115363	 	8.82989	 	1.40766	 	
3600000	-1.23632	 	619.506	 	0.00120285	 	103.121	 	0.452568	 	388216092	 	8.83095	 	1.40741	 	
3610000	-1.23635	 	619.528	 	0.000867886	 	103.141	 	0.452626	 	389283119	 	8.83021	 	1.40758	 	
3620000	-1.23635	 	619.532	 	0.00136246	 	103.148	 	0.45265	 	390360332	 	8.82969	 	1.40757	 	
3630000	-1.23633	 	619.51	 	0.00154389	 	103.135	 	0.452616	 	391450699	 	8.82945	 	1.40745	 	
3640000	-1.2363	 	619.486	 	0.00123601	 	103.109	 	0.452532	 	392542372	 	8.83137	 	1.4075	 	
3650000	-1.23628	 	619.462	 	0.00152808	 	103.086	 	0.452469	 	393632200	 	8.83126	 	1.40737	 	
3660000	-1.23628	 	619.463	 	0.00235114	 	103.092	 	0.452473	 	394710786	 	8.8329	 	1.4077	 	
3670000	-1.23628	 	619.467	 	0.00233341	 	103.094	 	0.452468	 	395788645	 	8.83448	 	1.40792	 	
3680000	-1.23631	 	619.5	 	0.00229072	 	103.115	 	0.452535	 	396848028	 	8.83344	 	1.40802	 	
3690000	-1.23632	 	619.505	 	0.0025896	 	103.126	 	0.452568	 	397923362	 	8.83289	 	1.40793	 	
3700000	-1.23628	 	619.468	 	0.0030098	 	103.103	 	0.452511	 	399023894	 	8.8317	 	1.40778	 	
3710000	-1.23623	 	619.415	 	0.00291213	 	103.062	 	0.452396	 	400132145	 	8.83196	 	1.40765	 	
3720000	-1.23628	 	619.462	 	0.00296967	 	103.096	 	0.452473	 	401183335	 	8.83453	 	1.40784	 	
3730000	-1.23624	 	619.43	 	0.00291591	 	103.082	 	0.452432	 	402280463	 	8.83497	 	1.40798	 	
3740000	-1.23624	 	619.423	 	0.00361808	 	103.08	 	0.452428	 	403362441	 	8.83485	 	1.40789	 	
3750000	-1.23623	 	619.417	 	0.00320331	 	103.075	 	0.452415	 	404443857	 	8.83475	 	1.40777	 	
3760000	-1.2362	 	619.381	 	0.00309767	 	103.055	 	0.452365	 	405543710	 	8.83392	 	1.40781	 	
3770000	-1.23618	 	619.359	 	0.00341429	 	103.042	 	0.452339	 	406632508	 	8.83238	 	1.40747	 	
3780000	-1.23618	 	619.37	 	0.00321733	 	103.044	 	0.452336	 	407705841	 	8.83371	 	1.40774	 	
3790000	-1.2362	 	619.385	 	0.00311141	 	103.067	 	0.452412	 	408776197	 	8.83191	 	1.40779	 	
3800000	-1.23618	 	619.367	 	0.00322825	 	103.052	 	0.45237	 	409865836	 	8.83215	 	1.40775	 	
3810000	-1.23618	 	619.369	 	0.00314742	 	103.048	 	0.452352	 	410943987	 	8.83309	 	1.40769	 	
3820000	-1.23617	 	619.357	 	0.00247324	 	103.045	 	0.45235	 	412029001	 	8.83217	 	1.40773	 	
3830000	-1.23616	 	619.343	 	0.00282552	 	103.04	 	0.452342	 	413115514	 	8.83119	 	1.40761	 	
3840000	-1.23617	 	619.351	 	0.00265801	 	103.044	 	0.452344	 	414189877	 	8.83241	 	1.40793	 	
3850000	-1.23617	 	619.355	 	0.00270835	 	103.042	 	0.452337	 	415265610	 	8.83269	 	1.40797	 	
3860000	-1.23618	 	619.367	 	0.00330743	 	103.049	 	0.452361	 	416336258	 	8.83213	 	1.40791	 	
3870000	-1.23619	 	619.376	 	0.00288013	 	103.058	 	0.452376	 	417412028	 	8.83368	 	1.40821	 	
3880000	-1.23621	 	619.394	 	0.0029702	 	103.072	 	0.45242	 	418480255	 	8.83251	 	1.40812	 	
3890000	-1.2362	 	619.385	 	0.00334417	 	103.074	 	0.452428	 	419560685	 	8.83245	 	1.40808	 	
3900000	-1.23619	 	619.373	 	0.00389291	 	103.061	 	0.452399	 	420645857	 	8.83136	 	1.40789	 	
3910000	-1.23616	 	619.349	 	0.00411901	 	103.04	 	0.452342	 	421735223	 	8.83116	 	1.40762	 	
3920000	-1.23617	 	619.352	 	0.00406084	 	103.04	 	0.45234	 	422813264	 	8.83151	 	1.4075	 	
3930000	-1.23614	 	619.328	 	0.00425394	 	103.018	 	0.45227	 	423906894	 	8.83283	 	1.40744	 	
3940000	-1.23615	 	619.334	 	0.00440882	 	103.02	 	0.452287	 	424982576	 	8.83083	 	1.40721	 	
3950000	-1.23612	 	619.305	 	0.00403546	 	102.996	 	0.452213	 	426077584	 	8.8322	 	1.40711	 	
3960000	-1.2361	 	619.285	 	0.00405611	 	102.977	 	0.452155	 	427169025	 	8.833	 	1.40694	 	
3970000	-1.2361	 	619.282	 	0.00414141	 	102.982	 	0.45218	 	428249868	 	8.83135	 	1.40689	 	
3980000	-1.23611	 	619.286	 	0.0046233	 	102.983	 	0.45219	 	429325843	 	8.83013	 	1.40688	 	
3990000	-1.23614	 	619.324	 	0.00434237	 	103.008	 	0.45226	 	430383832	 	8.83002	 	1.40703	 	
4000000	-1.23617	 	619.352	 	0.00402971	 	103.031	 	0.45232	 	431447280	 	8.83087	 	1.4072	 	
4010000	-1.23617	 	619.356	 	0.00397159	 	103.039	 	0.452354	 	432522868	 	8.82899	 	1.40725	 	
4020000	-1.23615	 	619.336	 	0.00355723	 	103.021	 	0.452306	 	433612896	 	8.82867	 	1.40704	 	
4030000	-1.23618	 	619.362	 	0.00354661	 	103.048	 	0.452379	 	434676675	 	8.82903	 	1.4074	 	
4040000	-1.23622	 	619.406	 	0.00320286	 	103.079	 	0.452457	 	435728667	 	8.82996	 	1.40766	 	
4050000	-1.23623	 	619.412	 	0.00272504	 	103.094	 	0.452515	 	436803901	 	8.82735	 	1.40759	 	
4060000	-1.23624	 	619.421	 	0.00262156	 	103.097	 	0.452524	 	437877194	 	8.8272	 	1.40764	 	
4070000	-1.23624	 	619.42	 	0.00263492	 	103.095	 	0.452533	 	438955339	 	8.82517	 	1.40748	 	
4080000	-1.23623	 	619.416	 	0.00301411	 	103.09	 	0.452524	 	440036661	 	8.82476	 	1.40732	 	
4090000	-1.23626	 	619.444	 	0.00322006	 	103.11	 	0.452567	 	441098837	 	8.82622	 	1.4076	 	
4100000	-1.23625	 	619.434	 	0.0036753	 	103.103	 	0.452551	 	442183372	 	8.82597	 	1.40749	 	
4110000	-1.23623	 	619.414	 	0.00342572	 	103.086	 	0.452499	 	443275427	 	8.82667	 	1.40746	 	
4120000	-1.23625	 	619.431	 	0.00403762	 	103.101	 	0.452547	 	444342765	 	8.82575	 	1.40744	 	
4130000	-1.23626	 	619.441	 	0.00404431	 	103.101	 	0.452545	 	445415054	 	8.8261	 	1.40726	 	
4140000	-1.23625	 	619.432	 	0.00421404	 	103.091	 	0.452509	 	446499549	 	8.82735	 	1.40719	 	
4150000	-1.23625	 	619.433	 	0.00408785	 	103.091	 	0.4525	 	447576437	 	8.82834	 	1.4072	 	
4160000	-1.23623	 	619.407	 	0.00421404	 	103.072	 	0.452441	 	448669731	 	8.82956	 	1.4072	 	
4170000	-1.23626	 	619.436	 	0.0038905	 	103.1	 	0.452517	 	449728609	 	8.82975	 	1.40724	 	
4180000	-1.23626	 	619.439	 	0.0041913	 	103.105	 	0.452534	 	450802371	 	8.82918	 	1.40715	 	
4190000	-1.23624	 	619.422	 	0.00439224	 	103.094	 	0.452496	 	451891254	 	8.83028	 	1.40722	 	
4200000	-1.23627	 	619.448	 	0.00433524	 	103.116	 	0.452553	 	452954518	 	8.83092	 	1.40748	 	
4210000	-1.23625	 	619.428	 	0.00435184	 	103.095	 	0.452483	 	454045857	 	8.83267	 	1.40743	 	
4220000	-1.2362	 	619.388	 	0.00422258	 	103.071	 	0.452416	 	455151439	 	8.83287	 	1.40747	 	
4230000	-1.23622	 	619.399	 	0.00409499	 	103.077	 	0.452434	 	456223488	 	8.83267	 	1.4076	 	
4240000	-1.23623	 	619.409	 	0.0044851	 	103.082	 	0.452444	 	457295713	 	8.83334	 	1.4076	 	
4250000	-1.23625	 	619.431	 	0.00451148	 	103.104	 	0.452511	 	458359302	 	8.8322	 	1.40775	 	
4260000	-1.23628	 	619.462	 	0.00397073	 	103.128	 	0.452593	 	459415953	 	8.82994	 	1.40765	 	
4270000	-1.23627	 	619.457	 	0.00394806	 	103.124	 	0.452567	 	460498773	 	8.83214	 	1.40775	 	
4280000	-1.23624	 	619.427	 	0.0042529	 	103.112	 	0.45253	 	461595697	 	8.83286	 	1.4079	 	
4290000	-1.23625	 	619.435	 	0.00457913	 	103.12	 	0.452562	 	462668339	 	8.83151	 	1.40782	 	
4300000	-1.23625	 	619.43	 	0.00454964	 	103.115	 	0.452542	 	463751627	 	8.83215	 	1.40773	 	
4310000	-1.23625	 	619.435	 	0.004428	 	103.116	 	0.452543	 	464826030	 	8.83228	 	1.40754	 	
4320000	-1.2362	 	619.384	 	0.00433942	 	103.074	 	0.452426	 	465937861	 	8.83258	 	1.4073	 	
4330000	-1.23624	 	619.419	 	0.0045456	 	103.103	 	0.452506	 	466993252	 	8.8327	 	1.4074	 	
4340000	-1.23617	 	619.351	 	0.00458192	 	103.054	 	0.452364	 	468116327	 	8.83377	 	1.40735	 	
4350000	-1.23614	 	619.324	 	0.00486034	 	103.038	 	0.452327	 	469212631	 	8.83265	 	1.40713	 	
4360000	-1.23614	 	619.322	 	0.00482087	 	103.039	 	0.452338	 	470293756	 	8.83133	 	1.40701	 	
4370000	-1.23615	 	619.328	 	0.00490315	 	103.042	 	0.452353	 	471368876	 	8.83046	 	1.40691	 	
4380000	-1.23615	 	619.336	 	0.00495928	 	103.049	 	0.45237	 	472442936	 	8.83072	 	1.40708	 	
4390000	-1.23614	 	619.317	 	0.00483217	 	103.039	 	0.452343	 	473533193	 	8.83071	 	1.40704	 	
4400000	-1.23613	 	619.312	 	0.00486968	 	103.036	 	0.452322	 	474617845	 	8.8324	 	1.40738	 	
4410000	-1.23614	 	619.322	 	0.00482377	 	103.047	 	0.452359	 	475688431	 	8.8317	 	1.4074	 	
4420000	-1.23617	 	619.355	 	0.00453153	 	103.066	 	0.452405	 	476746678	 	8.83269	 	1.40739	 	
4430000	-1.23618	 	619.362	 	0.00431614	 	103.077	 	0.452441	 	477819366	 	8.83143	 	1.40748	 	
4440000	-1.23617	 	619.357	 	0.00415772	 	103.07	 	0.45242	 	478901537	 	8.83171	 	1.40755	 	
4450000	-1.2362	 	619.383	 	0.00455466	 	103.086	 	0.452465	 	479962524	 	8.83195	 	1.40768	 	
4460000	-1.23625	 	619.433	 	0.00415717	 	103.128	 	0.452598	 	481008048	 	8.82937	 	1.40762	 	
4470000	-1.23627	 	619.452	 	0.00454225	 	103.137	 	0.45262	 	482073464	 	8.8295	 	1.40764	 	
4480000	-1.23625	 	619.437	 	0.00431658	 	103.12	 	0.452552	 	483161285	 	8.83251	 	1.40777	 	
4490000	-1.23625	 	619.438	 	0.00451024	 	103.115	 	0.452531	 	484241416	 	8.83389	 	1.408	 	
4500000	-1.23627	 	619.451	 	0.00450661	 	103.127	 	0.452574	 	485310621	 	8.83228	 	1.40798	 	
4510000	-1.23626	 	619.445	 	0.00428474	 	103.12	 	0.45255	 	486393742	 	8.83323	 	1.40812	 	
4520000	-1.23629	 	619.477	 	0.00445345	 	103.143	 	0.452611	 	487453424	 	8.83346	 	1.40841	 	
4530000	-1.23629	 	619.477	 	0.00466047	 	103.142	 	0.452613	 	488531796	 	8.83277	 	1.40823	 	
4540000	-1.2363	 	619.486	 	0.00468713	 	103.15	 	0.452631	 	489604959	 	8.83326	 	1.4083	 	
4550000	-1.2363	 	619.486	 	0.00438659	 	103.151	 	0.452627	 	490682592	 	8.83451	 	1.40828	 	
4560000	-1.23626	 	619.445	 	0.00450697	 	103.112	 	0.452506	 	491790777	 	8.83655	 	1.40837	 	
4570000	-1.23632	 	619.51	 	0.00398556	 	103.164	 	0.452657	 	492824370	 	8.8351	 	1.40841	 	
4580000	-1.23632	 	619.504	 	0.00378981	 	103.166	 	0.452664	 	493906606	 	8.83503	 	1.4085	 	
4590000	-1.23631	 	619.494	 	0.00396967	 	103.162	 	0.452654	 	494991507	 	8.83485	 	1.40836	 	
4600000	-1.23631	 	619.502	 	0.00365276	 	103.172	 	0.452683	 	496067090	 	8.83472	 	1.4085	 	
4610000	-1.2363	 	619.49	 	0.00368977	 	103.15	 	0.452603	 	497153768	 	8.83771	 	1.40846	 	
4620000	-1.23631	 	619.493	 	0.00369211	 	103.147	 	0.452596	 	498229582	 	8.83748	 	1.40836	 	
4630000	-1.23629	 	619.476	 	0.00355557	 	103.137	 	0.452565	 	499319975	 	8.83805	 	1.40825	 	
4640000	-1.23625	 	619.44	 	0.00358904	 	103.11	 	0.452495	 	500424862	 	8.8373	 	1.4081	 	
4650000	-1.23624	 	619.428	 	0.00336781	 	103.103	 	0.452471	 	501511040	 	8.83793	 	1.40818	 	
4660000	-1.23623	 	619.411	 	0.0031087	 	103.084	 	0.452419	 	502599602	 	8.83779	 	1.40797	 	
4670000	-1.23624	 	619.429	 	0.00288369	 	103.087	 	0.452424	 	503666389	 	8.83856	 	1.40821	 	
4680000	-1.23624	 	619.424	 	0.00298159	 	103.085	 	0.452417	 	504746422	 	8.8386	 	1.40809	 	
4690000	-1.23622	 	619.411	 	0.00277713	 	103.082	 	0.452409	 	505832613	 	8.83847	 	1.4081	 	
4700000	-1.23623	 	619.416	 	0.00271426	 	103.093	 	0.452447	 	506905962	 	8.83755	 	1.40809	 	
4710000	-1.23623	 	619.422	 	0.0026423	 	103.094	 	0.452441	 	507979889	 	8.83865	 	1.40815	 	
4720000	-1.23623	 	619.412	 	0.0026751	 	103.085	 	0.452419	 	509064900	 	8.83808	 	1.40815	 	
4730000	-1.23621	 	619.402	 	0.0027255	 	103.082	 	0.4524	 	510150951	 	8.83966	 	1.40828	 	
4740000	-1.23622	 	619.411	 	0.0025004	 	103.094	 	0.452439	 	511221061	 	8.83885	 	1.40816	 	
4750000	-1.23621	 	619.402	 	0.0025236	 	103.089	 	0.452423	 	512306058	 	8.83935	 	1.40824	 	
4760000	-1.23626	 	619.448	 	0.00273489	 	103.119	 	0.4525	 	513353034	 	8.84021	 	1.40847	 	
4770000	-1.23629	 	619.478	 	0.00292439	 	103.137	 	0.452546	 	514409684	 	8.84068	 	1.40852	 	
4780000	-1.23631	 	619.495	 	0.00278788	 	103.145	 	0.452568	 	515475146	 	8.84073	 	1.40857	 	
4790000	-1.23631	 	619.497	 	0.00285909	 	103.148	 	0.452572	 	516552627	 	8.84128	 	1.40868	 	
4800000	-1.23634	 	619.525	 	0.00324795	 	103.165	 	0.452626	 	517610945	 	8.84025	 	1.40863	 	
4810000	-1.23634	 	619.523	 	0.00312937	 	103.168	 	0.452639	 	518689819	 	8.83965	 	1.40853	 	
4820000	-1.23633	 	619.515	 	0.00301423	 	103.169	 	0.452644	 	519774010	 	8.83929	 	1.40847	 	
4830000	-1.23634	 	619.528	 	0.00258229	 	103.181	 	0.452681	 	520843520	 	8.83861	 	1.40849	 	
4840000	-1.23632	 	619.507	 	0.00244908	 	103.168	 	0.452648	 	521938924	 	8.83854	 	1.40864	 	
4850000	-1.23631	 	619.504	 	0.00231439	 	103.165	 	0.452627	 	523020571	 	8.84025	 	1.4089	 	
4860000	-1.23629	 	619.478	 	0.00250815	 	103.142	 	0.452555	 	524115259	 	8.84158	 	1.40891	 	
4870000	-1.23629	 	619.486	 	0.00260278	 	103.146	 	0.452562	 	525187247	 	8.84225	 	1.40905	 	
4880000	-1.23633	 	619.522	 	0.00265484	 	103.17	 	0.452629	 	526241218	 	8.84218	 	1.40911	 	
4890000	-1.23631	 	619.5	 	0.00261254	 	103.156	 	0.452586	 	527337049	 	8.84239	 	1.40912	 	
4900000	-1.23634	 	619.534	 	0.00230572	 	103.176	 	0.452643	 	528391614	 	8.84234	 	1.4092	 	
4910000	-1.23635	 	619.545	 	0.00202144	 	103.186	 	0.452673	 	529461563	 	8.84193	 	1.40924	 	
4920000	-1.23632	 	619.508	 	0.00212798	 	103.16	 	0.452604	 	530566694	 	8.84137	 	1.40901	 	
4930000	-1.23631	 	619.497	 	0.00183291	 	103.152	 	0.452589	 	531653844	 	8.84049	 	1.40894	 	
4940000	-1.23633	 	619.525	 	0.00201405	 	103.177	 	0.452656	 	532711982	 	8.84071	 	1.40909	 	
4950000	-1.23633	 	619.526	 	0.00207547	 	103.181	 	0.452659	 	533789012	 	8.84191	 	1.40933	 	
4960000	-1.23633	 	619.526	 	0.00204003	 	103.185	 	0.452678	 	534866981	 	8.84085	 	1.4093	 	
4970000	-1.23631	 	619.507	 	0.00206262	 	103.187	 	0.452687	 	535960023	 	8.84029	 	1.40941	 	
4980000	-1.23632	 	619.516	 	0.00171599	 	103.192	 	0.452702	 	537031313	 	8.84026	 	1.40945	 	
4990000	-1.23633	 	619.52	 	0.00143859	 	103.2	 	0.452725	 	538104408	 	8.84017	 	1.4094	 	
5000000	-1.23633	 	619.527	 	0.00165816	 	103.201	 	0.452716	 	539179951	 	8.84174	 	1.40949	 	
5010000	-1.23633	 	619.521	 	0.00171136	 	103.195	 	0.452688	 	540263186	 	8.84349	 	1.4096	 	
5020000	-1.23634	 	619.536	 	0.00210628	 	103.205	 	0.452722	 	541329626	 	8.84271	 	1.40949	 	
5030000	-1.23639	 	619.577	 	0.00210549	 	103.235	 	0.452816	 	542376066	 	8.84104	 	1.40929	 	
5040000	-1.2364	 	619.595	 	0.00224761	 	103.244	 	0.452829	 	543439393	 	8.84251	 	1.40931	 	
5050000	-1.23636	 	619.555	 	0.00196048	 	103.212	 	0.452737	 	544548529	 	8.84324	 	1.40914	 	
5060000	-1.23635	 	619.539	 	0.00178488	 	103.201	 	0.452695	 	545636817	 	8.84517	 	1.40899	 	
5070000	-1.23635	 	619.536	 	0.00168462	 	103.198	 	0.45268	 	546718434	 	8.84571	 	1.40895	 	
5080000	-1.23633	 	619.521	 	0.00186545	 	103.186	 	0.452642	 	547808111	 	8.84653	 	1.4089	 	
5090000	-1.23634	 	619.526	 	0.00178146	 	103.186	 	0.452647	 	548883600	 	8.84589	 	1.40889	 	
5100000	-1.23636	 	619.554	 	0.00198681	 	103.204	 	0.452694	 	549940367	 	8.8464	 	1.40894	 	
5110000	-1.23635	 	619.538	 	0.00219485	 	103.193	 	0.45267	 	551029914	 	8.8452	 	1.40887	 	
5120000	-1.23634	 	619.533	 	0.00190966	 	103.199	 	0.452704	 	552112605	 	8.84295	 	1.4088	 	
5130000	-1.23637	 	619.556	 	0.00200902	 	103.217	 	0.452759	 	553172813	 	8.84205	 	1.40871	 	
5140000	-1.2364	 	619.584	 	0.00154869	 	103.234	 	0.452807	 	554230716	 	8.84198	 	1.40873	 	
5150000	-1.23637	 	619.561	 	0.00124306	 	103.214	 	0.452747	 	555327415	 	8.84236	 	1.40875	 	
5160000	-1.23639	 	619.579	 	0.000554465	 	103.225	 	0.452775	 	556391851	 	8.84302	 	1.40885	 	
5170000	-1.23637	 	619.565	 	1.3735e-05	 	103.214	 	0.452741	 	557483514	 	8.84331	 	1.40898	 	
5180000	-1.23633	 	619.516	 	0.000144381	 	103.182	 	0.452649	 	558598773	 	8.84383	 	1.40892	 	
5190000	-1.23634	 	619.53	 	0.000234074	 	103.194	 	0.452692	 	559667883	 	8.84264	 	1.40897	 	
5200000	-1.23637	 	619.565	 	0.000419368	 	103.223	 	0.452772	 	560721068	 	8.84257	 	1.40911	 	
5210000	-1.23637	 	619.561	 	0.000135976	 	103.22	 	0.452766	 	561802747	 	8.84231	 	1.40921	 	
5220000	-1.23638	 	619.572	 	2.83027e-05	 	103.225	 	0.452782	 	562872958	 	8.84193	 	1.40916	 	
5230000	-1.23637	 	619.562	 	6.40793e-05	 	103.221	 	0.452781	 	563958978	 	8.84045	 	1.40888	 	
5240000	-1.23639	 	619.577	 	8.77309e-05	 	103.235	 	0.452821	 	565024299	 	8.84033	 	1.40892	 	
5250000	-1.23637	 	619.561	 	0.000223514	 	103.23	 	0.452807	 	566114512	 	8.84006	 	1.4089	 	
5260000	-1.23636	 	619.551	 	0.000297391	 	103.222	 	0.45278	 	567200986	 	8.84087	 	1.40905	 	
5270000	-1.23635	 	619.538	 	6.92173e-05	 	103.212	 	0.45275	 	568289581	 	8.84108	 	1.40906	 	
5280000	-1.23633	 	619.523	 	-0.000209372	 	103.206	 	0.452735	 	569379045	 	8.84111	 	1.40911	 	
5290000	-1.23632	 	619.507	 	-0.000419821	 	103.19	 	0.452688	 	570470857	 	8.84155	 	1.409	 	
5300000	-1.2363	 	619.486	 	-0.000486764	 	103.175	 	0.452652	 	571562707	 	8.84038	 	1.40857	 	
5310000	-1.23632	 	619.508	 	-0.000761505	 	103.192	 	0.452699	 	572622865	 	8.8406	 	1.40866	 	
5320000	-1.23633	 	619.523	 	-0.000454276	 	103.205	 	0.452736	 	573690534	 	8.84057	 	1.40874	 	
5330000	-1.23636	 	619.547	 	-0.000554536	 	103.22	 	0.452768	 	574749623	 	8.8417	 	1.40892	 	
5340000	-1.23632	 	619.509	 	-0.000567316	 	103.195	 	0.452699	 	575856997	 	8.84183	 	1.40883	 	
5350000	-1.23628	 	619.471	 	-0.000283721	 	103.172	 	0.452638	 	576966270	 	8.84151	 	1.40874	 	
5360000	-1.2363	 	619.485	 	-0.000228008	 	103.183	 	0.452668	 	578032220	 	8.84165	 	1.40883	 	
5370000	-1.23629	 	619.475	 	-0.000154739	 	103.17	 	0.452628	 	579118526	 	8.84193	 	1.4088	 	
5380000	-1.23628	 	619.472	 	-0.000477614	 	103.166	 	0.452621	 	580197319	 	8.84159	 	1.40862	 	
5390000	-1.2363	 	619.485	 	-0.000617704	 	103.178	 	0.452661	 	581264931	 	8.84073	 	1.40859	 	
5400000	-1.23632	 	619.511	 	-0.000531613	 	103.203	 	0.452737	 	582321230	 	8.83965	 	1.40858	 	
5410000	-1.23632	 	619.511	 	-0.000682315	 	103.198	 	0.452724	 	583401692	 	8.83952	 	1.40859	 	
5420000	-1.23635	 	619.534	 	-0.000416889	 	103.213	 	0.452763	 	584463376	 	8.83975	 	1.40867	 	
5430000	-1.23636	 	619.545	 	-0.000376576	 	103.221	 	0.452788	 	585532426	 	8.83929	 	1.40865	 	
5440000	-1.23634	 	619.533	 	-0.000281846	 	103.215	 	0.452773	 	586622104	 	8.8392	 	1.40861	 	
5450000	-1.23634	 	619.524	 	-0.000109514	 	103.21	 	0.452763	 	587705488	 	8.83857	 	1.40846	 	
5460000	-1.23631	 	619.497	 	-0.000299426	 	103.19	 	0.452699	 	588805427	 	8.8396	 	1.40845	 	
5470000	-1.23632	 	619.504	 	-0.000372486	 	103.193	 	0.452707	 	589879346	 	8.83993	 	1.40841	 	
5480000	-1.23632	 	619.511	 	8.97828e-05	 	103.197	 	0.452719	 	590953392	 	8.83969	 	1.40847	 	
5490000	-1.23632	 	619.509	 	-0.000290253	 	103.194	 	0.45271	 	592032837	 	8.83977	 	1.40844	 	
5500000	-1.23632	 	619.51	 	-0.000289647	 	103.195	 	0.452725	 	593109679	 	8.8382	 	1.40833	 	
5510000	-1.23631	 	619.5	 	-0.000399789	 	103.189	 	0.452703	 	594194353	 	8.8389	 	1.40828	 	
5520000	-1.23631	 	619.5	 	-0.000580272	 	103.188	 	0.452699	 	595272059	 	8.83898	 	1.40828	 	
5530000	-1.2363	 	619.491	 	-0.000507654	 	103.184	 	0.452696	 	596357502	 	8.83774	 	1.40836	 	
5540000	-1.23628	 	619.467	 	-0.000485324	 	103.161	 	0.452627	 	597456029	 	8.83875	 	1.40833	 	
5550000	-1.2363	 	619.489	 	-0.000295349	 	103.179	 	0.452675	 	598515198	 	8.83873	 	1.40838	 	
5560000	-1.23631	 	619.493	 	-0.000237159	 	103.178	 	0.452665	 	599588240	 	8.83986	 	1.40837	 	
5570000	-1.23629	 	619.479	 	-0.000270268	 	103.174	 	0.452654	 	600677068	 	8.83998	 	1.40838	 	
5580000	-1.2363	 	619.482	 	-0.000411672	 	103.171	 	0.452649	 	601752520	 	8.83953	 	1.40818	 	
5590000	-1.23632	 	619.505	 	-0.000327335	 	103.187	 	0.452686	 	602811594	 	8.84068	 	1.40823	 	
5600000	-1.23633	 	619.516	 	-0.000248979	 	103.192	 	0.452693	 	603882692	 	8.84172	 	1.40837	 	
5610000	-1.23632	 	619.504	 	-0.000197377	 	103.182	 	0.452659	 	604970825	 	8.84229	 	1.40838	 	
5620000	-1.23633	 	619.517	 	-6.95899e-05	 	103.189	 	0.452679	 	606038507	 	8.84234	 	1.40844	 	
5630000	-1.23632	 	619.503	 	0.000221529	 	103.186	 	0.452685	 	607127337	 	8.84018	 	1.40824	 	
5640000	-1.23634	 	619.525	 	-0.000246364	 	103.198	 	0.452714	 	608184994	 	8.84084	 	1.40831	 	
5650000	-1.23632	 	619.502	 	-0.000231933	 	103.177	 	0.452651	 	609280998	 	8.84181	 	1.40827	 	
5660000	-1.23628	 	619.47	 	-0.000601672	 	103.158	 	0.452594	 	610384733	 	8.84245	 	1.40834	 	
5670000	-1.23626	 	619.446	 	-0.000602877	 	103.143	 	0.452549	 	611482749	 	8.84289	 	1.40835	 	
5680000	-1.23627	 	619.456	 	-0.00103845	 	103.152	 	0.452574	 	612553115	 	8.84296	 	1.40842	 	
5690000	-1.23625	 	619.437	 	-0.00120102	 	103.137	 	0.45253	 	613649801	 	8.84313	 	1.40836	 	
5700000	-1.23627	 	619.458	 	-0.0016568	 	103.151	 	0.452572	 	614710938	 	8.84273	 	1.40833	 	
5710000	-1.23628	 	619.471	 	-0.00171201	 	103.163	 	0.452608	 	615778522	 	8.84205	 	1.40838	 	
5720000	-1.2363	 	619.491	 	-0.00158382	 	103.179	 	0.45265	 	616838875	 	8.84263	 	1.40852	 	
5730000	-1.23629	 	619.479	 	-0.00158255	 	103.169	 	0.452625	 	617928330	 	8.84226	 	1.40857	 	
5740000	-1.23629	 	619.481	 	-0.00149664	 	103.174	 	0.452636	 	619005613	 	8.84254	 	1.40864	 	
5750000	-1.23629	 	619.483	 	-0.00168865	 	103.171	 	0.452627	 	620080930	 	8.84265	 	1.40853	 	
5760000	-1.2363	 	619.487	 	-0.00164016	 	103.172	 	0.452631	 	621156503	 	8.84236	 	1.40854	 	
5770000	-1.2363	 	619.484	 	-0.00128918	 	103.175	 	0.452645	 	622237572	 	8.84152	 	1.40854	 	
5780000	-1.2363	 	619.491	 	-0.00130249	 	103.173	 	0.452633	 	623309131	 	8.84248	 	1.40858	 	
5790000	-1.2363	 	619.494	 	-0.00129046	 	103.17	 	0.452622	 	624385629	 	8.84298	 	1.40862	 	
5800000	-1.2363	 	619.492	 	-0.00135488	 	103.171	 	0.452629	 	625465592	 	8.84244	 	1.4086	 	
5810000	-1.23632	 	619.508	 	-0.00104767	 	103.181	 	0.452663	 	626530633	 	8.84152	 	1.40856	 	
5820000	-1.23631	 	619.502	 	-0.00100711	 	103.173	 	0.452637	 	627614965	 	8.84207	 	1.40862	 	
5830000	-1.2363	 	619.483	 	-0.00120551	 	103.161	 	0.452604	 	628708387	 	8.84185	 	1.40842	 	
5840000	-1.23632	 	619.503	 	-0.00112102	 	103.174	 	0.45264	 	629769575	 	8.84196	 	1.40845	 	
5850000	-1.23631	 	619.498	 	-0.00115676	 	103.166	 	0.452618	 	630852821	 	8.84215	 	1.40841	 	
5860000	-1.23631	 	619.502	 	-0.00173661	 	103.175	 	0.452648	 	631926912	 	8.84133	 	1.40839	 	
5870000	-1.23633	 	619.512	 	-0.00180967	 	103.182	 	0.45267	 	632994504	 	8.84081	 	1.40833	 	
5880000	-1.2363	 	619.487	 	-0.00205692	 	103.162	 	0.45261	 	634093779	 	8.84148	 	1.40823	 	
5890000	-1.23628	 	619.47	 	-0.0016377	 	103.148	 	0.452572	 	635186051	 	8.84155	 	1.40822	 	
5900000	-1.2363	 	619.49	 	-0.00128181	 	103.165	 	0.45262	 	636249470	 	8.84128	 	1.4083	 	
5910000	-1.23634	 	619.523	 	-0.00147886	 	103.189	 	0.452685	 	637298145	 	8.84135	 	1.40841	 	
5920000	-1.23633	 	619.513	 	-0.001556	 	103.182	 	0.452667	 	638384904	 	8.84127	 	1.40831	 	
5930000	-1.23635	 	619.538	 	-0.00164851	 	103.201	 	0.452713	 	639441667	 	8.84234	 	1.40851	 	
5940000	-1.23636	 	619.552	 	-0.00105112	 	103.206	 	0.452723	 	640507263	 	8.84277	 	1.40853	 	
5950000	-1.23639	 	619.579	 	-0.00140875	 	103.233	 	0.452799	 	641560766	 	8.84252	 	1.40864	 	
5960000	-1.2364	 	619.589	 	-0.00111346	 	103.238	 	0.4528	 	642632245	 	8.84427	 	1.40885	 	
5970000	-1.23643	 	619.616	 	-0.00120958	 	103.266	 	0.452881	 	643686147	 	8.84385	 	1.40902	 	
5980000	-1.23642	 	619.608	 	-0.00119003	 	103.26	 	0.452867	 	644771577	 	8.84346	 	1.40902	 	
5990000	-1.23642	 	619.606	 	-0.00123592	 	103.258	 	0.452871	 	645849702	 	8.84207	 	1.40884	 	
6000000	-1.23644	 	619.632	 	-0.00139568	 	103.273	 	0.452915	 	646903911	 	8.84196	 	1.40881	 	
6010000	-1.23642	 	619.612	 	-0.00160616	 	103.259	 	0.452872	 	647998952	 	8.84231	 	1.40863	 	
6020000	-1.2364	 	619.589	 	-0.00139782	 	103.243	 	0.452833	 	649097998	 	8.84175	 	1.40843	 	
6030000	-1.23637	 	619.56	 	-0.00142162	 	103.223	 	0.452774	 	650202710	 	8.84204	 	1.40831	 	
6040000	-1.23635	 	619.534	 	-0.00141027	 	103.2	 	0.452707	 	651306627	 	8.84249	 	1.40824	 	
6050000	-1.23632	 	619.51	 	-0.00123482	 	103.178	 	0.452646	 	652405011	 	8.84261	 	1.40805	 	
6060000	-1.23634	 	619.527	 	-0.00124352	 	103.19	 	0.452682	 	653468970	 	8.84246	 	1.4082	 	
6070000	-1.23633	 	619.511	 	-0.000996386	 	103.181	 	0.452664	 	654560902	 	8.84131	 	1.40791	 	
6080000	-1.23632	 	619.501	 	-0.0011922	 	103.172	 	0.452634	 	655649008	 	8.84194	 	1.40792	 	
6090000	-1.23631	 	619.498	 	-0.00129662	 	103.17	 	0.452632	 	656730482	 	8.84177	 	1.40794	 	
6100000	-1.2363	 	619.485	 	-0.00144007	 	103.163	 	0.452608	 	657820368	 	8.84226	 	1.40787	 	
6110000	-1.2363	 	619.484	 	-0.001169	 	103.16	 	0.4526	 	658900355	 	8.84211	 	1.40782	 	
6120000	-1.23635	 	619.533	 	-0.00126056	 	103.199	 	0.45271	 	659933449	 	8.84179	 	1.40803	 	
6130000	-1.23635	 	619.533	 	-0.00110788	 	103.201	 	0.452707	 	661011459	 	8.84331	 	1.40822	 	
6140000	-1.23635	 	619.538	 	-0.00102416	 	103.205	 	0.452716	 	662085387	 	8.84319	 	1.40823	 	
6150000	-1.23637	 	619.555	 	-0.000839735	 	103.222	 	0.452771	 	663148771	 	8.8423	 	1.40837	 	
6160000	-1.23636	 	619.543	 	-0.000729956	 	103.211	 	0.452743	 	664236811	 	8.84176	 	1.40814	 	
6170000	-1.23638	 	619.566	 	-0.000358117	 	103.224	 	0.452782	 	665295016	 	8.84159	 	1.40818	 	
6180000	-1.2364	 	619.582	 	-4.59126e-05	 	103.234	 	0.452803	 	666359278	 	8.84263	 	1.40828	 	
6190000	-1.2364	 	619.59	 	-2.54855e-05	 	103.238	 	0.452806	 	667431219	 	8.8438	 	1.40838	 	
6200000	-1.23642	 	619.609	 	0.000183663	 	103.254	 	0.452854	 	668491173	 	8.84321	 	1.40843	 	
6210000	-1.23641	 	619.596	 	0.000417849	 	103.247	 	0.452839	 	669580536	 	8.84225	 	1.40836	 	
6220000	-1.23641	 	619.594	 	0.000479322	 	103.246	 	0.452841	 	670659077	 	8.84165	 	1.40827	 	
6230000	-1.23642	 	619.611	 	0.000220476	 	103.257	 	0.452871	 	671719166	 	8.8419	 	1.40834	 	
6240000	-1.23641	 	619.596	 	0.000245623	 	103.248	 	0.452847	 	672809271	 	8.84143	 	1.40825	 	
6250000	-1.23639	 	619.579	 	0.000351194	 	103.236	 	0.452814	 	673903277	 	8.84151	 	1.40825	 	
6260000	-1.23638	 	619.564	 	0.000533806	 	103.22	 	0.452777	 	674993328	 	8.84067	 	1.4081	 	
6270000	-1.23639	 	619.571	 	0.000582974	 	103.225	 	0.452791	 	676064772	 	8.84029	 	1.40808	 	
6280000	-1.23641	 	619.593	 	0.000577427	 	103.24	 	0.452829	 	677123877	 	8.84089	 	1.40819	 	
6290000	-1.23641	 	619.598	 	0.000201086	 	103.251	 	0.452869	 	678197243	 	8.83975	 	1.40814	 	
6300000	-1.2364	 	619.583	 	0.000199012	 	103.243	 	0.452844	 	679288604	 	8.83989	 	1.40808	 	
6310000	-1.23639	 	619.57	 	0.000106706	 	103.231	 	0.45281	 	680381145	 	8.84026	 	1.40802	 	
6320000	-1.23638	 	619.565	 	-0.000383635	 	103.229	 	0.452803	 	681463107	 	8.84053	 	1.40808	 	
6330000	-1.2364	 	619.587	 	-0.000469318	 	103.245	 	0.452847	 	682521225	 	8.84051	 	1.4083	 	
6340000	-1.23639	 	619.578	 	-0.00030059	 	103.245	 	0.452849	 	683605597	 	8.83987	 	1.4082	 	
6350000	-1.23641	 	619.596	 	9.49528e-06	 	103.265	 	0.452916	 	684665102	 	8.83829	 	1.40817	 	
6360000	-1.23641	 	619.598	 	-0.000149864	 	103.265	 	0.452918	 	685741358	 	8.83804	 	1.40808	 	
6370000	-1.23644	 	619.622	 	-0.000427618	 	103.279	 	0.452953	 	686798006	 	8.83862	 	1.40816	 	
6380000	-1.23643	 	619.612	 	-0.000569053	 	103.269	 	0.452925	 	687885458	 	8.83865	 	1.40811	 	
6390000	-1.23641	 	619.599	 	-0.000641683	 	103.258	 	0.452889	 	688977783	 	8.83931	 	1.40815	 	
6400000	-1.23642	 	619.601	 	-0.00098003	 	103.26	 	0.452897	 	690056612	 	8.83901	 	1.40819	 	
6410000	-1.23641	 	619.591	 	-0.00105175	 	103.251	 	0.452868	 	691145206	 	8.83981	 	1.40822	 	
6420000	-1.23638	 	619.566	 	-0.00150375	 	103.23	 	0.452803	 	692248244	 	8.84063	 	1.40811	 	
6430000	-1.23639	 	619.58	 	-0.00171449	 	103.236	 	0.452819	 	693311891	 	8.84092	 	1.40813	 	
6440000	-1.23641	 	619.599	 	-0.00147903	 	103.253	 	0.45287	 	694374381	 	8.84025	 	1.40831	 	
6450000	-1.23642	 	619.607	 	-0.00154432	 	103.256	 	0.452875	 	695444907	 	8.8407	 	1.40833	 	
6460000	-1.23641	 	619.598	 	-0.00169426	 	103.249	 	0.452861	 	696533434	 	8.84001	 	1.40815	 	
6470000	-1.23642	 	619.605	 	-0.00172004	 	103.247	 	0.452856	 	697602671	 	8.83996	 	1.40814	 	
6480000	-1.23642	 	619.601	 	-0.00165155	 	103.246	 	0.452847	 	698683844	 	8.84085	 	1.40824	 	
6490000	-1.2364	 	619.589	 	-0.00164621	 	103.239	 	0.452819	 	699773007	 	8.84193	 	1.40838	 	
6500000	-1.23641	 	619.595	 	-0.00154674	 	103.245	 	0.452836	 	700844196	 	8.84193	 	1.4083	 	
6510000	-1.23641	 	619.597	 	-0.00133825	 	103.242	 	0.452834	 	701920074	 	8.84109	 	1.40811	 	
6520000	-1.23643	 	619.61	 	-0.00161191	 	103.252	 	0.452861	 	702987283	 	8.84113	 	1.40825	 	
6530000	-1.23645	 	619.631	 	-0.00180504	 	103.268	 	0.452906	 	704043561	 	8.84104	 	1.40828	 	
6540000	-1.23646	 	619.649	 	-0.00165113	 	103.281	 	0.452941	 	705104109	 	8.84127	 	1.40834	 	
6550000	-1.23644	 	619.621	 	-0.00165872	 	103.261	 	0.452884	 	706208183	 	8.84131	 	1.4081	 	
6560000	-1.23642	 	619.608	 	-0.00171183	 	103.252	 	0.452863	 	707299873	 	8.841	 	1.40811	 	
6570000	-1.23644	 	619.627	 	-0.00135062	 	103.269	 	0.452914	 	708358097	 	8.84028	 	1.40805	 	
6580000	-1.23644	 	619.627	 	-0.00124293	 	103.27	 	0.452923	 	709435721	 	8.83942	 	1.40797	 	
6590000	-1.23641	 	619.597	 	-0.00127058	 	103.254	 	0.452877	 	710542623	 	8.83946	 	1.40796	 	
6600000	-1.23644	 	619.622	 	-0.00135342	 	103.27	 	0.452924	 	711596448	 	8.83937	 	1.40812	 	
6610000	-1.23643	 	619.619	 	-0.00117623	 	103.269	 	0.45292	 	712678701	 	8.83938	 	1.40818	 	
6620000	-1.23642	 	619.603	 	-0.00126383	 	103.256	 	0.452886	 	713771823	 	8.83891	 	1.40807	 	
6630000	-1.23644	 	619.63	 	-0.00120389	 	103.276	 	0.452939	 	714824939	 	8.83959	 	1.40833	 	
6640000	-1.23645	 	619.638	 	-0.000962343	 	103.279	 	0.45294	 	715896958	 	8.84034	 	1.40841	 	
6650000	-1.23642	 	619.609	 	-0.00116031	 	103.26	 	0.452891	 	717003295	 	8.83974	 	1.40832	 	
6660000	-1.2364	 	619.587	 	-0.00146639	 	103.242	 	0.452831	 	718105086	 	8.84136	 	1.40838	 	
6670000	-1.23641	 	619.593	 	-0.00156623	 	103.242	 	0.452828	 	719175845	 	8.8419	 	1.40845	 	
6680000	-1.2364	 	619.588	 	-0.00155598	 	103.237	 	0.45281	 	720260030	 	8.84254	 	1.40872	 	
6690000	-1.2364	 	619.591	 	-0.00164608	 	103.238	 	0.452812	 	721334896	 	8.84261	 	1.40863	 	
6700000	-1.23639	 	619.581	 	-0.00141091	 	103.232	 	0.452798	 	722425069	 	8.84238	 	1.40867	 	
6710000	-1.23641	 	619.597	 	-0.00127756	 	103.242	 	0.452822	 	723488023	 	8.84287	 	1.40872	 	
6720000	-1.23641	 	619.594	 	-0.00128482	 	103.237	 	0.452811	 	724569156	 	8.84257	 	1.40869	 	
6730000	-1.23644	 	619.625	 	-0.00125539	 	103.261	 	0.452883	 	725616612	 	8.84161	 	1.40874	 	
6740000	-1.23643	 	619.613	 	-0.00118715	 	103.251	 	0.452852	 	726704640	 	8.84223	 	1.40866	 	
6750000	-1.23642	 	619.608	 	-0.00137342	 	103.251	 	0.452845	 	727787602	 	8.84303	 	1.4086	 	
6760000	-1.23643	 	619.621	 	-0.00130226	 	103.262	 	0.452886	 	728852175	 	8.84167	 	1.4085	 	
6770000	-1.23644	 	619.629	 	-0.00118898	 	103.272	 	0.452917	 	729922749	 	8.84084	 	1.40843	 	
6780000	-1.23646	 	619.642	 	-0.00157815	 	103.276	 	0.452921	 	730987952	 	8.84204	 	1.40845	 	
6790000	-1.23646	 	619.649	 	-0.00177754	 	103.28	 	0.452927	 	732059169	 	8.84269	 	1.40856	 	
6800000	-1.23643	 	619.622	 	-0.0017494	 	103.257	 	0.452859	 	733167270	 	8.84369	 	1.40862	 	
6810000	-1.23644	 	619.627	 	-0.00200226	 	103.257	 	0.452861	 	734240698	 	8.84311	 	1.40861	 	
6820000	-1.23647	 	619.653	 	-0.00205227	 	103.273	 	0.452912	 	735291520	 	8.84217	 	1.40861	 	
6830000	-1.23645	 	619.64	 	-0.0020581	 	103.268	 	0.452901	 	736382181	 	8.8417	 	1.40866	 	
6840000	-1.23648	 	619.668	 	-0.001847	 	103.286	 	0.452956	 	737433049	 	8.84096	 	1.40866	 	
6850000	-1.23647	 	619.659	 	-0.00174983	 	103.28	 	0.452944	 	738522319	 	8.84041	 	1.40858	 	
6860000	-1.23646	 	619.648	 	-0.00183402	 	103.273	 	0.452924	 	739613411	 	8.84025	 	1.40856	 	
6870000	-1.23646	 	619.643	 	-0.00179049	 	103.271	 	0.452916	 	740696364	 	8.84095	 	1.40859	 	
6880000	-1.23647	 	619.653	 	-0.00162332	 	103.278	 	0.452931	 	741764090	 	8.84145	 	1.40863	 	
6890000	-1.23646	 	619.651	 	-0.00171067	 	103.279	 	0.452943	 	742843704	 	8.84013	 	1.40854	 	
6900000	-1.23648	 	619.663	 	-0.00168238	 	103.287	 	0.452951	 	743911942	 	8.84205	 	1.40876	 	
6910000	-1.23647	 	619.654	 	-0.00132743	 	103.285	 	0.452951	 	744999115	 	8.8414	 	1.40875	 	
6920000	-1.23649	 	619.675	 	-0.00151159	 	103.301	 	0.452999	 	746055981	 	8.84073	 	1.40887	 	
6930000	-1.23647	 	619.656	 	-0.00137304	 	103.285	 	0.452956	 	747152911	 	8.84058	 	1.40873	 	
6940000	-1.23647	 	619.657	 	-0.00126988	 	103.284	 	0.452953	 	748228927	 	8.84049	 	1.40865	 	
6950000	-1.23646	 	619.647	 	-0.0012503	 	103.276	 	0.452931	 	749317389	 	8.84063	 	1.40859	 	
6960000	-1.23643	 	619.619	 	-0.00139175	 	103.256	 	0.452879	 	750424269	 	8.8402	 	1.4085	 	
6970000	-1.23643	 	619.621	 	-0.0016268	 	103.258	 	0.452883	 	751501833	 	8.84033	 	1.40865	 	
6980000	-1.23643	 	619.62	 	-0.00179843	 	103.256	 	0.452884	 	752580702	 	8.83941	 	1.4085	 	
6990000	-1.23645	 	619.64	 	-0.00158606	 	103.267	 	0.452911	 	753638871	 	8.83991	 	1.40868	 	
7000000	-1.23647	 	619.657	 	-0.00199368	 	103.278	 	0.452945	 	754698117	 	8.83912	 	1.40859	 	
7010000	-1.23647	 	619.659	 	-0.00191082	 	103.279	 	0.452944	 	755774444	 	8.84	 	1.40872	 	
7020000	-1.23647	 	619.659	 	-0.00179473	 	103.282	 	0.452953	 	756853119	 	8.83956	 	1.40875	 	
7030000	-1.23646	 	619.649	 	-0.00180586	 	103.277	 	0.452943	 	757942173	 	8.83911	 	1.40865	 	
7040000	-1.23645	 	619.637	 	-0.0019859	 	103.266	 	0.452907	 	759032953	 	8.83979	 	1.40866	 	
7050000	-1.23647	 	619.652	 	-0.00228226	 	103.278	 	0.452951	 	760093484	 	8.83833	 	1.4086	 	
7060000	-1.23647	 	619.659	 	-0.00230868	 	103.285	 	0.452976	 	761164944	 	8.83768	 	1.40861	 	
7070000	-1.23647	 	619.66	 	-0.00258896	 	103.288	 	0.452986	 	762243024	 	8.83733	 	1.40874	 	
7080000	-1.23647	 	619.656	 	-0.00246877	 	103.284	 	0.452967	 	763326985	 	8.83861	 	1.40892	 	
7090000	-1.23647	 	619.655	 	-0.0026138	 	103.286	 	0.452975	 	764404356	 	8.83821	 	1.40889	 	
7100000	-1.23648	 	619.668	 	-0.00284667	 	103.297	 	0.45301	 	765466545	 	8.83747	 	1.40873	 	
7110000	-1.23648	 	619.674	 	-0.002805	 	103.301	 	0.453007	 	766541706	 	8.83971	 	1.40907	 	
7120000	-1.23648	 	619.672	 	-0.00310462	 	103.299	 	0.452997	 	767621201	 	8.84002	 	1.40904	 	
7130000	-1.23647	 	619.661	 	-0.00297671	 	103.291	 	0.45298	 	768710213	 	8.83947	 	1.409	 	
7140000	-1.23645	 	619.643	 	-0.00316946	 	103.277	 	0.452931	 	769807824	 	8.84106	 	1.40906	 	
7150000	-1.23644	 	619.634	 	-0.00318783	 	103.267	 	0.452902	 	770895769	 	8.84129	 	1.40896	 	
7160000	-1.23642	 	619.608	 	-0.0031198	 	103.251	 	0.452859	 	772000625	 	8.84081	 	1.40892	 	
7170000	-1.2364	 	619.593	 	-0.0030886	 	103.24	 	0.452831	 	773095504	 	8.84083	 	1.40888	 	
7180000	-1.2364	 	619.593	 	-0.00296696	 	103.241	 	0.452834	 	774173360	 	8.84053	 	1.40887	 	
7190000	-1.23642	 	619.605	 	-0.00291602	 	103.25	 	0.452867	 	775237886	 	8.83961	 	1.40888	 	
7200000	-1.23638	 	619.571	 	-0.00280456	 	103.229	 	0.452815	 	776349960	 	8.83845	 	1.40876	 	
7210000	-1.23638	 	619.566	 	-0.0027708	 	103.226	 	0.452813	 	777435375	 	8.83779	 	1.40872	 	
7220000	-1.23635	 	619.539	 	-0.00286255	 	103.204	 	0.452749	 	778540843	 	8.83819	 	1.40863	 	
7230000	-1.23636	 	619.552	 	-0.00273953	 	103.216	 	0.452785	 	779604905	 	8.83748	 	1.40857	 	
7240000	-1.23638	 	619.564	 	-0.00272752	 	103.222	 	0.452792	 	780672027	 	8.83887	 	1.4088	 	
7250000	-1.23638	 	619.566	 	-0.0026642	 	103.217	 	0.452785	 	781747137	 	8.83811	 	1.40861	 	
7260000	-1.2364	 	619.586	 	-0.00257539	 	103.235	 	0.452834	 	782802658	 	8.83817	 	1.40863	 	
7270000	-1.2364	 	619.583	 	-0.00273121	 	103.239	 	0.452847	 	783881206	 	8.83774	 	1.40864	 	
7280000	-1.23638	 	619.567	 	-0.00255	 	103.227	 	0.452805	 	784977072	 	8.83914	 	1.40876	 	
7290000	-1.23639	 	619.581	 	-0.00274388	 	103.24	 	0.452846	 	786039544	 	8.83863	 	1.40882	 	
7300000	-1.2364	 	619.589	 	-0.00311292	 	103.251	 	0.452879	 	787108380	 	8.83791	 	1.40883	 	
7310000	-1.2364	 	619.587	 	-0.00292868	 	103.252	 	0.452882	 	788188389	 	8.83794	 	1.40886	 	
7320000	-1.2364	 	619.587	 	-0.00309227	 	103.251	 	0.452879	 	789266388	 	8.83819	 	1.4089	 	
7330000	-1.23638	 	619.573	 	-0.00290611	 	103.241	 	0.452844	 	790360345	 	8.83914	 	1.40896	 	
7340000	-1.2364	 	619.588	 	-0.00285102	 	103.247	 	0.452855	 	791425088	 	8.83978	 	1.40908	 	
7350000	-1.2364	 	619.587	 	-0.00242715	 	103.247	 	0.452863	 	792502604	 	8.83892	 	1.40891	 	
7360000	-1.23639	 	619.578	 	-0.00235129	 	103.239	 	0.452831	 	793589542	 	8.84023	 	1.40901	 	
7370000	-1.23639	 	619.581	 	-0.00238193	 	103.244	 	0.452848	 	794663697	 	8.83959	 	1.40889	 	
7380000	-1.23642	 	619.607	 	-0.00220425	 	103.265	 	0.452916	 	795712724	 	8.83823	 	1.40887	 	
7390000	-1.2364	 	619.587	 	-0.00225055	 	103.25	 	0.452876	 	796812901	 	8.83831	 	1.40884	 	
7400000	-1.23638	 	619.569	 	-0.00224811	 	103.233	 	0.452826	 	797912417	 	8.83828	 	1.40872	 	
7410000	-1.23638	 	619.572	 	-0.00219565	 	103.231	 	0.452824	 	798987242	 	8.83823	 	1.40871	 	
7420000	-1.2364	 	619.584	 	-0.00209906	 	103.244	 	0.452866	 	800049060	 	8.83694	 	1.40863	 	
7430000	-1.23639	 	619.575	 	-0.00206269	 	103.237	 	0.452848	 	801136661	 	8.83685	 	1.40857	 	
7440000	-1.23636	 	619.548	 	-0.00206641	 	103.217	 	0.452789	 	802245171	 	8.83738	 	1.40849	 	
7450000	-1.23638	 	619.564	 	-0.00241416	 	103.229	 	0.452824	 	803304014	 	8.83721	 	1.40862	 	
7460000	-1.23637	 	619.562	 	-0.00233566	 	103.227	 	0.452822	 	804386512	 	8.8366	 	1.4086	 	
7470000	-1.23639	 	619.578	 	-0.00229685	 	103.239	 	0.452854	 	805448383	 	8.83682	 	1.40883	 	
7480000	-1.23641	 	619.597	 	-0.00204108	 	103.253	 	0.452893	 	806506010	 	8.83683	 	1.40894	 	
7490000	-1.23642	 	619.609	 	-0.00204104	 	103.26	 	0.452907	 	807570971	 	8.83742	 	1.40912	 	
7500000	-1.23643	 	619.621	 	-0.00195073	 	103.267	 	0.45293	 	808636179	 	8.83701	 	1.40896	 	
7510000	-1.23642	 	619.61	 	-0.0020125	 	103.258	 	0.452902	 	809724405	 	8.83731	 	1.40885	 	
7520000	-1.23639	 	619.581	 	-0.00206469	 	103.236	 	0.452839	 	810834943	 	8.83774	 	1.40879	 	
7530000	-1.2364	 	619.585	 	-0.00203966	 	103.24	 	0.452855	 	811909440	 	8.83712	 	1.40877	 	
7540000	-1.23641	 	619.596	 	-0.00188609	 	103.248	 	0.452879	 	812974620	 	8.83659	 	1.40875	 	
7550000	-1.2364	 	619.585	 	-0.00169637	 	103.241	 	0.452858	 	814063518	 	8.83712	 	1.40872	 	
7560000	-1.23641	 	619.597	 	-0.00179852	 	103.253	 	0.452892	 	815128097	 	8.83677	 	1.40883	 	
7570000	-1.23642	 	619.604	 	-0.00172602	 	103.256	 	0.452898	 	816197063	 	8.8374	 	1.40888	 	
7580000	-1.23643	 	619.617	 	-0.00187214	 	103.264	 	0.452927	 	817260044	 	8.83642	 	1.40888	 	
7590000	-1.23642	 	619.608	 	-0.00201852	 	103.258	 	0.4529	 	818349397	 	8.83753	 	1.40889	 	
7600000	-1.2364	 	619.59	 	-0.00203785	 	103.24	 	0.452855	 	819451193	 	8.83724	 	1.40884	 	
7610000	-1.23642	 	619.609	 	-0.00215138	 	103.255	 	0.45289	 	820508041	 	8.83802	 	1.40904	 	
7620000	-1.2364	 	619.594	 	-0.00200696	 	103.243	 	0.452858	 	821603877	 	8.838	 	1.40897	 	
7630000	-1.23642	 	619.605	 	-0.00203658	 	103.251	 	0.452879	 	822667037	 	8.83802	 	1.40895	 	
7640000	-1.23641	 	619.594	 	-0.00196979	 	103.243	 	0.452853	 	823758956	 	8.83849	 	1.40894	 	
7650000	-1.23638	 	619.574	 	-0.0021346	 	103.231	 	0.452818	 	824858465	 	8.83893	 	1.40888	 	
7660000	-1.23636	 	619.551	 	-0.00218857	 	103.218	 	0.45278	 	825962517	 	8.83932	 	1.40881	 	
7670000	-1.23636	 	619.547	 	-0.00218212	 	103.217	 	0.452779	 	827047184	 	8.83887	 	1.40881	 	
7680000	-1.23635	 	619.544	 	-0.00230979	 	103.216	 	0.452785	 	828128282	 	8.83752	 	1.40881	 	
7690000	-1.23638	 	619.567	 	-0.00214539	 	103.232	 	0.452834	 	829179965	 	8.83677	 	1.40881	 	
7700000	-1.23638	 	619.567	 	-0.00235558	 	103.236	 	0.45285	 	830258202	 	8.83612	 	1.4088	 	
7710000	-1.23635	 	619.54	 	-0.00216566	 	103.213	 	0.452779	 	831366160	 	8.83716	 	1.40867	 	
7720000	-1.23635	 	619.541	 	-0.00196773	 	103.212	 	0.452774	 	832445338	 	8.83752	 	1.40864	 	
7730000	-1.23637	 	619.558	 	-0.00203689	 	103.222	 	0.4528	 	833502147	 	8.83783	 	1.40872	 	
7740000	-1.23638	 	619.564	 	-0.00190212	 	103.226	 	0.452816	 	834571613	 	8.83696	 	1.40868	 	
7750000	-1.23638	 	619.569	 	-0.00196426	 	103.225	 	0.452809	 	835644498	 	8.83779	 	1.40874	 	
7760000	-1.23639	 	619.577	 	-0.00175244	 	103.231	 	0.452827	 	836712716	 	8.83773	 	1.40882	 	
7770000	-1.23638	 	619.568	 	-0.00185405	 	103.226	 	0.452813	 	837799900	 	8.8374	 	1.40873	 	
7780000	-1.23639	 	619.573	 	-0.00198399	 	103.228	 	0.45282	 	838873047	 	8.8375	 	1.40868	 	
7790000	-1.23636	 	619.547	 	-0.00184843	 	103.21	 	0.452773	 	839979241	 	8.83689	 	1.40853	 	
7800000	-1.23635	 	619.537	 	-0.00186994	 	103.204	 	0.452761	 	841067531	 	8.83638	 	1.40854	 	
7810000	-1.23634	 	619.531	 	-0.00171034	 	103.197	 	0.452732	 	842154274	 	8.83764	 	1.4085	 	
7820000	-1.23636	 	619.545	 	-0.00156646	 	103.209	 	0.452767	 	843215475	 	8.83751	 	1.40863	 	
7830000	-1.23635	 	619.537	 	-0.00153023	 	103.2	 	0.452731	 	844305737	 	8.83898	 	1.40864	 	
7840000	-1.23636	 	619.548	 	-0.00145033	 	103.209	 	0.452756	 	845371859	 	8.83892	 	1.40865	 	
7850000	-1.23637	 	619.554	 	-0.0017368	 	103.211	 	0.45277	 	846441989	 	8.83773	 	1.40853	 	
7860000	-1.23634	 	619.527	 	-0.00191894	 	103.195	 	0.45273	 	847552276	 	8.83708	 	1.40841	 	
7870000	-1.23637	 	619.559	 	-0.00177935	 	103.219	 	0.452795	 	848592005	 	8.83735	 	1.40848	 	
7880000	-1.23638	 	619.565	 	-0.00178924	 	103.228	 	0.452823	 	849664898	 	8.83686	 	1.40854	 	
7890000	-1.23639	 	619.576	 	-0.00202972	 	103.237	 	0.452848	 	850728149	 	8.83686	 	1.40863	 	
7900000	-1.23638	 	619.564	 	-0.00193719	 	103.227	 	0.452817	 	851821888	 	8.83748	 	1.4086	 	
7910000	-1.23637	 	619.553	 	-0.00195719	 	103.221	 	0.4528	 	852914562	 	8.83749	 	1.40856	 	
7920000	-1.23637	 	619.561	 	-0.00202585	 	103.22	 	0.452796	 	853982612	 	8.83751	 	1.40848	 	
7930000	-1.23637	 	619.556	 	-0.00205498	 	103.218	 	0.45279	 	855064705	 	8.83767	 	1.40854	 	
7940000	-1.23637	 	619.558	 	-0.00180049	 	103.224	 	0.452813	 	856139703	 	8.83655	 	1.40854	 	
7950000	-1.23636	 	619.544	 	-0.00188662	 	103.212	 	0.452782	 	857235470	 	8.83646	 	1.40845	 	
7960000	-1.23637	 	619.554	 	-0.00181476	 	103.223	 	0.452813	 	858302529	 	8.83615	 	1.40853	 	
7970000	-1.23638	 	619.569	 	-0.0019911	 	103.232	 	0.452839	 	859361667	 	8.83635	 	1.40858	 	
7980000	-1.23637	 	619.559	 	-0.00194812	 	103.228	 	0.452832	 	860449653	 	8.83557	 	1.40852	 	
7990000	-1.23637	 	619.555	 	-0.00178688	 	103.222	 	0.452812	 	861534125	 	8.83609	 	1.40857	 	
8000000	-1.23637	 	619.558	 	-0.00163817	 	103.229	 	0.452835	 	862607608	 	8.83535	 	1.40853	 	
8010000	-1.23636	 	619.55	 	-0.00158662	 	103.226	 	0.452832	 	863694876	 	8.83477	 	1.4085	 	
8020000	-1.23636	 	619.544	 	-0.00189523	 	103.223	 	0.452815	 	864780233	 	8.83616	 	1.40856	 	
8030000	-1.23636	 	619.549	 	-0.00178686	 	103.226	 	0.452816	 	865852337	 	8.83695	 	1.40863	 	
8040000	-1.23638	 	619.565	 	-0.00151482	 	103.235	 	0.452837	 	866914232	 	8.83761	 	1.40871	 	
8050000	-1.23637	 	619.555	 	-0.00140584	 	103.229	 	0.452814	 	868005684	 	8.83854	 	1.40883	 	
8060000	-1.23637	 	619.555	 	-0.00163527	 	103.223	 	0.452798	 	869083756	 	8.83865	 	1.40875	 	
8070000	-1.23636	 	619.549	 	-0.00165398	 	103.221	 	0.452799	 	870168069	 	8.83756	 	1.40861	 	
8080000	-1.23635	 	619.534	 	-0.00151788	 	103.214	 	0.452787	 	871263354	 	8.83646	 	1.4085	 	
8090000	-1.23635	 	619.533	 	-0.00133338	 	103.211	 	0.452775	 	872344024	 	8.83683	 	1.40858	 	
8100000	-1.23634	 	619.526	 	-0.00122199	 	103.206	 	0.452761	 	873431015	 	8.83722	 	1.40856	 	
8110000	-1.23635	 	619.54	 	-0.0013135	 	103.218	 	0.452791	 	874493778	 	8.83735	 	1.40866	 	
8120000	-1.23635	 	619.542	 	-0.0010184	 	103.223	 	0.4528	 	875571444	 	8.83839	 	1.40878	 	
8130000	-1.23633	 	619.521	 	-0.00116603	 	103.207	 	0.452754	 	876677191	 	8.83853	 	1.40876	 	
8140000	-1.23631	 	619.501	 	-0.00122312	 	103.192	 	0.452715	 	877777232	 	8.83819	 	1.40865	 	
8150000	-1.23631	 	619.494	 	-0.00128299	 	103.188	 	0.452701	 	878864886	 	8.83858	 	1.40861	 	
8160000	-1.2363	 	619.487	 	-0.00117133	 	103.18	 	0.452679	 	879950869	 	8.83846	 	1.40855	 	
8170000	-1.23631	 	619.5	 	-0.000981276	 	103.19	 	0.452709	 	881014534	 	8.83819	 	1.40855	 	
8180000	-1.23633	 	619.523	 	-0.0012159	 	103.212	 	0.452774	 	882065121	 	8.83744	 	1.40866	 	
8190000	-1.23635	 	619.541	 	-0.00147247	 	103.223	 	0.452805	 	883121331	 	8.83736	 	1.40872	 	
8200000	-1.23632	 	619.513	 	-0.00137215	 	103.197	 	0.452729	 	884234031	 	8.838	 	1.40864	 	
8210000	-1.23633	 	619.518	 	-0.00125598	 	103.196	 	0.45272	 	885307082	 	8.83924	 	1.40876	 	
8220000	-1.23632	 	619.512	 	-0.00134874	 	103.19	 	0.452707	 	886391237	 	8.83854	 	1.40864	 	
8230000	-1.23631	 	619.503	 	-0.00112553	 	103.177	 	0.452663	 	887481353	 	8.83972	 	1.40863	 	
8240000	-1.23632	 	619.507	 	-0.00106171	 	103.177	 	0.452662	 	888554923	 	8.84014	 	1.40871	 	
8250000	-1.23631	 	619.499	 	-0.00109267	 	103.169	 	0.452634	 	889644084	 	8.84104	 	1.40868	 	
8260000	-1.23632	 	619.512	 	-0.000815794	 	103.179	 	0.45266	 	890705095	 	8.84127	 	1.40879	 	
8270000	-1.2363	 	619.492	 	-0.000923576	 	103.165	 	0.452617	 	891807096	 	8.84167	 	1.40875	 	
8280000	-1.2363	 	619.49	 	-0.00115687	 	103.163	 	0.452607	 	892887752	 	8.84248	 	1.40876	 	
8290000	-1.23629	 	619.479	 	-0.00112797	 	103.155	 	0.452582	 	893978907	 	8.84281	 	1.4087	 	
8300000	-1.23632	 	619.505	 	-0.00114766	 	103.179	 	0.452655	 	895026346	 	8.84165	 	1.40871	 	
8310000	-1.23633	 	619.518	 	-0.00106292	 	103.187	 	0.452685	 	896087898	 	8.84085	 	1.40869	 	
8320000	-1.23634	 	619.525	 	-0.00120353	 	103.192	 	0.4527	 	897158850	 	8.84039	 	1.40867	 	
8330000	-1.23632	 	619.51	 	-0.0011779	 	103.182	 	0.452674	 	898255624	 	8.84015	 	1.40859	 	
8340000	-1.23631	 	619.5	 	-0.00131278	 	103.176	 	0.452656	 	899345254	 	8.84047	 	1.40854	 	
8350000	-1.23632	 	619.511	 	-0.00116207	 	103.18	 	0.452667	 	900408046	 	8.84026	 	1.40846	 	
8360000	-1.23633	 	619.513	 	-0.00118008	 	103.186	 	0.452686	 	901483493	 	8.84007	 	1.40851	 	
8370000	-1.23633	 	619.514	 	-0.00129621	 	103.185	 	0.452676	 	902559704	 	8.84109	 	1.40865	 	
8380000	-1.2363	 	619.491	 	-0.00122563	 	103.172	 	0.452638	 	903667762	 	8.84152	 	1.40865	 	
8390000	-1.2363	 	619.489	 	-0.00141855	 	103.171	 	0.452637	 	904747609	 	8.84114	 	1.4086	 	
8400000	-1.2363	 	619.49	 	-0.00149926	 	103.174	 	0.452652	 	905822452	 	8.84007	 	1.40853	 	
8410000	-1.23632	 	619.513	 	-0.00159888	 	103.189	 	0.45269	 	906872475	 	8.8408	 	1.40874	 	
8420000	-1.23632	 	619.505	 	-0.0016118	 	103.185	 	0.452684	 	907959209	 	8.83993	 	1.40863	 	
8430000	-1.23631	 	619.494	 	-0.00166452	 	103.175	 	0.452656	 	909051277	 	8.8398	 	1.40853	 	
8440000	-1.23631	 	619.497	 	-0.00163553	 	103.175	 	0.452654	 	910126148	 	8.84028	 	1.40855	 	
8450000	-1.23631	 	619.498	 	-0.00133168	 	103.173	 	0.452644	 	911205896	 	8.84104	 	1.40869	 	
8460000	-1.23632	 	619.508	 	-0.00109362	 	103.181	 	0.452667	 	912271037	 	8.84069	 	1.40869	 	
8470000	-1.23634	 	619.524	 	-0.00129617	 	103.199	 	0.452723	 	913327607	 	8.83979	 	1.40866	 	
8480000	-1.23634	 	619.528	 	-0.00133337	 	103.204	 	0.45274	 	914401253	 	8.83915	 	1.40854	 	
8490000	-1.23634	 	619.532	 	-0.00127935	 	103.212	 	0.452772	 	915472358	 	8.83788	 	1.40847	 	
8500000	-1.23636	 	619.545	 	-0.00116452	 	103.222	 	0.452796	 	916534264	 	8.83835	 	1.40848	 	
8510000	-1.23635	 	619.533	 	-0.00116383	 	103.211	 	0.452757	 	917628851	 	8.83966	 	1.4085	 	
8520000	-1.23634	 	619.529	 	-0.00123241	 	103.207	 	0.452749	 	918710860	 	8.83946	 	1.40847	 	
8530000	-1.23634	 	619.53	 	-0.0013209	 	103.209	 	0.452753	 	919787109	 	8.83944	 	1.40847	 	
8540000	-1.23634	 	619.525	 	-0.00140546	 	103.204	 	0.452736	 	920869988	 	8.83987	 	1.40842	 	
8550000	-1.23633	 	619.512	 	-0.00123197	 	103.19	 	0.452695	 	921962602	 	8.84033	 	1.40833	 	
8560000	-1.23637	 	619.554	 	-0.00148465	 	103.223	 	0.452784	 	922986190	 	8.84067	 	1.4085	 	
8570000	-1.23638	 	619.566	 	-0.00150168	 	103.23	 	0.452801	 	924049910	 	8.84108	 	1.40856	 	
8580000	-1.23637	 	619.558	 	-0.0014973	 	103.225	 	0.452791	 	925139132	 	8.84041	 	1.4085	 	
8590000	-1.23636	 	619.548	 	-0.00138657	 	103.22	 	0.452779	 	926228958	 	8.84014	 	1.40851	 	
8600000	-1.23636	 	619.548	 	-0.00138261	 	103.218	 	0.452768	 	927307907	 	8.84093	 	1.40854	 	
8610000	-1.23637	 	619.555	 	-0.00147703	 	103.22	 	0.452776	 	928375605	 	8.84076	 	1.40854	 	
8620000	-1.23637	 	619.561	 	-0.00129282	 	103.226	 	0.452797	 	929444758	 	8.83988	 	1.40838	 	
8630000	-1.23637	 	619.559	 	-0.0015215	 	103.225	 	0.452794	 	930525034	 	8.83984	 	1.40836	 	
8640000	-1.23637	 	619.555	 	-0.00158016	 	103.22	 	0.452782	 	931608516	 	8.8398	 	1.40826	 	
8650000	-1.23636	 	619.542	 	-0.00163592	 	103.209	 	0.452748	 	932705361	 	8.84012	 	1.40829	 	
8660000	-1.23635	 	619.539	 	-0.00162894	 	103.204	 	0.452737	 	933787183	 	8.84012	 	1.40834	 	
8670000	-1.23635	 	619.54	 	-0.00180433	 	103.206	 	0.452744	 	934865827	 	8.83975	 	1.40835	 	
8680000	-1.23636	 	619.541	 	-0.00184406	 	103.204	 	0.452737	 	935941852	 	8.83968	 	1.40827	 	
8690000	-1.23635	 	619.539	 	-0.00148214	 	103.204	 	0.452738	 	937024132	 	8.83959	 	1.40825	 	
8700000	-1.23635	 	619.534	 	-0.00148882	 	103.203	 	0.452734	 	938108538	 	8.83967	 	1.40837	 	
8710000	-1.23637	 	619.561	 	-0.00103524	 	103.22	 	0.45278	 	939151357	 	8.83985	 	1.40841	 	
8720000	-1.23637	 	619.558	 	-0.00106077	 	103.215	 	0.452767	 	940232066	 	8.83995	 	1.40831	 	
8730000	-1.23638	 	619.562	 	-0.000978766	 	103.218	 	0.452778	 	941306162	 	8.8397	 	1.4083	 	
8740000	-1.23638	 	619.564	 	-0.000994948	 	103.221	 	0.452787	 	942381968	 	8.8393	 	1.40835	 	
8750000	-1.23638	 	619.563	 	-0.000995015	 	103.221	 	0.452789	 	943461161	 	8.83888	 	1.40834	 	
8760000	-1.23636	 	619.549	 	-0.00112793	 	103.212	 	0.452772	 	944556351	 	8.838	 	1.40825	 	
8770000	-1.23638	 	619.567	 	-0.00133247	 	103.226	 	0.452815	 	945612224	 	8.83744	 	1.40824	 	
8780000	-1.23638	 	619.571	 	-0.00139959	 	103.231	 	0.452827	 	946686120	 	8.83742	 	1.40829	 	
8790000	-1.23639	 	619.578	 	-0.00143388	 	103.24	 	0.45286	 	947755165	 	8.83642	 	1.40836	 	
8800000	-1.2364	 	619.583	 	-0.00159953	 	103.244	 	0.452872	 	948826759	 	8.83631	 	1.40836	 	
8810000	-1.23641	 	619.593	 	-0.00177641	 	103.253	 	0.452896	 	949892277	 	8.83613	 	1.40838	 	
8820000	-1.23638	 	619.564	 	-0.00172527	 	103.232	 	0.452835	 	951007761	 	8.83664	 	1.40825	 	
8830000	-1.2364	 	619.584	 	-0.00172619	 	103.247	 	0.452877	 	952062133	 	8.83678	 	1.40831	 	
8840000	-1.23639	 	619.573	 	-0.00168615	 	103.237	 	0.452843	 	953154655	 	8.83758	 	1.40836	 	
8850000	-1.23641	 	619.596	 	-0.00168274	 	103.255	 	0.452894	 	954203738	 	8.83739	 	1.40844	 	
8860000	-1.23641	 	619.597	 	-0.00178807	 	103.255	 	0.452889	 	955282250	 	8.83792	 	1.40843	 	
8870000	-1.23643	 	619.613	 	-0.00186268	 	103.265	 	0.452921	 	956338612	 	8.83764	 	1.40845	 	
8880000	-1.23643	 	619.618	 	-0.00176012	 	103.271	 	0.452935	 	957411798	 	8.83783	 	1.40845	 	
8890000	-1.23643	 	619.622	 	-0.00176999	 	103.27	 	0.452932	 	958488409	 	8.83793	 	1.40853	 	
8900000	-1.23643	 	619.618	 	-0.00179463	 	103.267	 	0.452928	 	959570782	 	8.83724	 	1.40843	 	
8910000	-1.23642	 	619.608	 	-0.0018474	 	103.258	 	0.452905	 	960663703	 	8.83721	 	1.40841	 	
8920000	-1.23643	 	619.616	 	-0.00182834	 	103.263	 	0.452916	 	961730036	 	8.83731	 	1.40839	 	
8930000	-1.23644	 	619.625	 	-0.00181269	 	103.269	 	0.452936	 	962793093	 	8.83688	 	1.40833	 	
8940000	-1.23644	 	619.628	 	-0.00170904	 	103.276	 	0.452959	 	963864004	 	8.8364	 	1.40829	 	
8950000	-1.23642	 	619.609	 	-0.00170714	 	103.262	 	0.452917	 	964967122	 	8.83671	 	1.4082	 	
8960000	-1.23642	 	619.602	 	-0.00172403	 	103.26	 	0.452913	 	966053542	 	8.83675	 	1.40824	 	
8970000	-1.2364	 	619.585	 	-0.00182771	 	103.248	 	0.452876	 	967152808	 	8.83713	 	1.4082	 	
8980000	-1.23638	 	619.562	 	-0.00176145	 	103.232	 	0.452831	 	968263784	 	8.8373	 	1.40814	 	
8990000	-1.23638	 	619.562	 	-0.00169652	 	103.229	 	0.452813	 	969344074	 	8.83874	 	1.40821	 	
9000000	-1.23638	 	619.562	 	-0.00155454	 	103.229	 	0.452811	 	970420282	 	8.83907	 	1.40825	 	
9010000	-1.23638	 	619.565	 	-0.00177385	 	103.235	 	0.452834	 	971493831	 	8.83819	 	1.40826	 	
9020000	-1.23637	 	619.556	 	-0.00171504	 	103.23	 	0.452817	 	972579929	 	8.83873	 	1.40822	 	
9030000	-1.23637	 	619.559	 	-0.00168927	 	103.232	 	0.452814	 	973657007	 	8.83977	 	1.40837	 	
9040000	-1.23638	 	619.567	 	-0.00157486	 	103.237	 	0.452833	 	974723395	 	8.83923	 	1.40828	 	
9050000	-1.23639	 	619.577	 	-0.00149601	 	103.245	 	0.452855	 	975789851	 	8.83906	 	1.40834	 	
9060000	-1.2364	 	619.584	 	-0.0012352	 	103.249	 	0.452863	 	976857718	 	8.8395	 	1.40841	 	
9070000	-1.23639	 	619.574	 	-0.00119452	 	103.241	 	0.452842	 	977949164	 	8.8395	 	1.40836	 	
9080000	-1.23638	 	619.57	 	-0.00126143	 	103.239	 	0.452836	 	979033072	 	8.83956	 	1.40842	 	
9090000	-1.23637	 	619.554	 	-0.0013656	 	103.227	 	0.452798	 	980133651	 	8.84025	 	1.40855	 	
9100000	-1.23637	 	619.56	 	-0.00139002	 	103.234	 	0.45282	 	981205231	 	8.83986	 	1.4086	 	
9110000	-1.23637	 	619.56	 	-0.00106131	 	103.232	 	0.45281	 	982284416	 	8.84035	 	1.40862	 	
9120000	-1.23638	 	619.57	 	-0.0012163	 	103.238	 	0.452828	 	983349278	 	8.84027	 	1.40862	 	
9130000	-1.23639	 	619.579	 	-0.00118093	 	103.244	 	0.452843	 	984415482	 	8.84049	 	1.40868	 	
9140000	-1.2364	 	619.589	 	-0.000793413	 	103.255	 	0.452878	 	985479816	 	8.83985	 	1.40871	 	
9150000	-1.23641	 	619.599	 	-0.000867691	 	103.265	 	0.452907	 	986543199	 	8.83964	 	1.40878	 	
9160000	-1.2364	 	619.588	 	-0.000825352	 	103.258	 	0.452886	 	987634803	 	8.83978	 	1.40872	 	
9170000	-1.2364	 	619.587	 	-0.00106206	 	103.256	 	0.452881	 	988712904	 	8.83962	 	1.40872	 	
9180000	-1.2364	 	619.592	 	-0.000785049	 	103.257	 	0.452881	 	989782773	 	8.84023	 	1.40875	 	
9190000	-1.23642	 	619.604	 	-0.000872532	 	103.265	 	0.452906	 	990843270	 	8.83996	 	1.4088	 	
9200000	-1.23642	 	619.608	 	-0.00073212	 	103.266	 	0.452909	 	991916422	 	8.83992	 	1.40882	 	
9210000	-1.23643	 	619.615	 	-0.000833691	 	103.271	 	0.45292	 	992986168	 	8.84026	 	1.40885	 	
9220000	-1.23643	 	619.615	 	-0.000720636	 	103.271	 	0.452919	 	994065529	 	8.84041	 	1.40887	 	
9230000	-1.23646	 	619.653	 	-0.000950607	 	103.299	 	0.45299	 	995091721	 	8.84122	 	1.40911	 	
9240000	-1.23646	 	619.653	 	-0.00114111	 	103.298	 	0.452981	 	996171635	 	8.84212	 	1.40926	 	
9250000	-1.23645	 	619.641	 	-0.00100147	 	103.288	 	0.452959	 	997263522	 	8.8415	 	1.40912	 	
9260000	-1.23644	 	619.631	 	-0.000906292	 	103.283	 	0.452952	 	998353679	 	8.84053	 	1.40898	 	
9270000	-1.23644	 	619.626	 	-0.00106199	 	103.282	 	0.452949	 	999439875	 	8.84024	 	1.40892	 	
9280000	-1.23646	 	619.646	 	-0.0010301	 	103.299	 	0.452997	 	1000490893	 	8.84016	 	1.40907	 	
9290000	-1.23645	 	619.644	 	-0.00105214	 	103.296	 	0.452987	 	1001570402	 	8.84066	 	1.40905	 	
9300000	-1.23643	 	619.621	 	-0.00111034	 	103.282	 	0.452949	 	1002683169	 	8.84031	 	1.40895	 	
9310000	-1.23644	 	619.633	 	-0.00103345	 	103.29	 	0.452969	 	1003747583	 	8.84047	 	1.40906	 	
9320000	-1.23643	 	619.618	 	-0.00101339	 	103.278	 	0.452937	 	1004847856	 	8.84044	 	1.409	 	
9330000	-1.23645	 	619.639	 	-0.000891979	 	103.291	 	0.452974	 	1005898253	 	8.84046	 	1.40907	 	
9340000	-1.23646	 	619.647	 	-0.000795408	 	103.298	 	0.452998	 	1006962544	 	8.83985	 	1.409	 	
9350000	-1.23645	 	619.639	 	-0.00100766	 	103.292	 	0.452976	 	1008049594	 	8.84038	 	1.40897	 	
9360000	-1.23646	 	619.646	 	-0.00107837	 	103.295	 	0.452984	 	1009118219	 	8.84036	 	1.40889	 	
9370000	-1.23646	 	619.648	 	-0.00125289	 	103.294	 	0.452983	 	1010191752	 	8.8402	 	1.40885	 	
9380000	-1.23645	 	619.639	 	-0.00113374	 	103.285	 	0.452958	 	1011282619	 	8.84013	 	1.40879	 	
9390000	-1.23646	 	619.647	 	-0.00122336	 	103.291	 	0.452971	 	1012350101	 	8.84083	 	1.40892	 	
9400000	-1.23647	 	619.655	 	-0.00139164	 	103.298	 	0.452992	 	1013416690	 	8.84047	 	1.40894	 	
9410000	-1.23648	 	619.669	 	-0.00134213	 	103.308	 	0.453025	 	1014476482	 	8.83977	 	1.40888	 	
9420000	-1.2365	 	619.683	 	-0.00114699	 	103.315	 	0.453048	 	1015536352	 	8.83923	 	1.40884	 	
9430000	-1.23652	 	619.705	 	-0.000997774	 	103.332	 	0.453098	 	1016582904	 	8.83863	 	1.40887	 	
9440000	-1.23651	 	619.694	 	-0.00111231	 	103.324	 	0.453077	 	1017675364	 	8.83854	 	1.40884	 	
9450000	-1.2365	 	619.688	 	-0.00101745	 	103.32	 	0.453068	 	1018762106	 	8.83813	 	1.40878	 	
9460000	-1.2365	 	619.691	 	-0.000824125	 	103.322	 	0.453072	 	1019835714	 	8.83858	 	1.40884	 	
9470000	-1.23653	 	619.714	 	-0.000688827	 	103.338	 	0.453111	 	1020880479	 	8.83918	 	1.40895	 	
9480000	-1.23653	 	619.722	 	-0.000755447	 	103.34	 	0.453114	 	1021947757	 	8.83987	 	1.40898	 	
9490000	-1.23653	 	619.721	 	-0.000644589	 	103.338	 	0.453102	 	1023029391	 	8.84061	 	1.40899	 	
9500000	-1.23651	 	619.696	 	-0.000727106	 	103.323	 	0.453063	 	1024142700	 	8.8402	 	1.40889	 	
9510000	-1.23653	 	619.723	 	-0.000755328	 	103.342	 	0.45312	 	1025182154	 	8.83962	 	1.40894	 	
9520000	-1.23655	 	619.742	 	-0.00101236	 	103.356	 	0.453167	 	1026233170	 	8.83841	 	1.4089	 	
9530000	-1.23654	 	619.732	 	-0.000970455	 	103.347	 	0.453139	 	1027326418	 	8.83874	 	1.40887	 	
9540000	-1.23654	 	619.723	 	-0.00129985	 	103.338	 	0.453116	 	1028416917	 	8.83851	 	1.40883	 	
9550000	-1.23654	 	619.727	 	-0.00139797	 	103.344	 	0.453137	 	1029488028	 	8.83761	 	1.40882	 	
9560000	-1.23653	 	619.719	 	-0.00130674	 	103.337	 	0.453115	 	1030578621	 	8.8381	 	1.40878	 	
9570000	-1.23654	 	619.724	 	-0.00122219	 	103.337	 	0.453121	 	1031650119	 	8.83744	 	1.40877	 	
9580000	-1.23653	 	619.715	 	-0.00134906	 	103.33	 	0.453101	 	1032740440	 	8.83729	 	1.40873	 	
9590000	-1.23656	 	619.752	 	-0.00106233	 	103.354	 	0.453166	 	1033765935	 	8.83767	 	1.4089	 	
9600000	-1.23657	 	619.76	 	-0.000746511	 	103.355	 	0.453165	 	1034831799	 	8.83794	 	1.40886	 	
9610000	-1.23656	 	619.751	 	-0.00089817	 	103.348	 	0.453151	 	1035921594	 	8.8372	 	1.4087	 	
9620000	-1.23657	 	619.755	 	-0.000967869	 	103.353	 	0.453169	 	1036990812	 	8.83655	 	1.40865	 	
9630000	-1.23655	 	619.731	 	-0.000979717	 	103.337	 	0.453125	 	1038102328	 	8.83658	 	1.40856	 	
9640000	-1.23654	 	619.724	 	-0.00112041	 	103.334	 	0.453121	 	1039191651	 	8.8359	 	1.40851	 	
9650000	-1.23655	 	619.736	 	-0.0011272	 	103.339	 	0.453141	 	1040252409	 	8.83521	 	1.40843	 	
9660000	-1.23655	 	619.739	 	-0.00109103	 	103.344	 	0.453153	 	1041326185	 	8.83544	 	1.40852	 	
9670000	-1.23654	 	619.727	 	-0.00106413	 	103.334	 	0.453124	 	1042420885	 	8.83553	 	1.40845	 	
9680000	-1.23656	 	619.743	 	-0.00102836	 	103.346	 	0.453157	 	1043476320	 	8.83538	 	1.40852	 	
9690000	-1.23655	 	619.733	 	-0.000933769	 	103.341	 	0.453151	 	1044566470	 	8.83457	 	1.40839	 	
9700000	-1.23653	 	619.712	 	-0.00101034	 	103.325	 	0.453108	 	1045673900	 	8.8342	 	1.40823	 	
9710000	-1.23654	 	619.722	 	-0.00111112	 	103.335	 	0.453137	 	1046737622	 	8.83384	 	1.40829	 	
9720000	-1.23654	 	619.724	 	-0.00102786	 	103.336	 	0.453142	 	1047813564	 	8.8338	 	1.40833	 	
9730000	-1.23655	 	619.73	 	-0.00121155	 	103.34	 	0.453151	 	1048882665	 	8.83389	 	1.4083	 	
9740000	-1.23654	 	619.725	 	-0.00118031	 	103.334	 	0.453135	 	1049966565	 	8.83401	 	1.40828	 	
9750000	-1.23654	 	619.729	 	-0.00117188	 	103.335	 	0.453137	 	1051037546	 	8.834	 	1.40832	 	
9760000	-1.23654	 	619.721	 	-0.00116703	 	103.325	 	0.453106	 	1052127476	 	8.83482	 	1.40831	 	
9770000	-1.23654	 	619.726	 	-0.00110319	 	103.33	 	0.453119	 	1053199808	 	8.83472	 	1.40838	 	
9780000	-1.23654	 	619.721	 	-0.000979181	 	103.328	 	0.453115	 	1054284832	 	8.83442	 	1.40838	 	
9790000	-1.23654	 	619.729	 	-0.000894975	 	103.335	 	0.453138	 	1055349980	 	8.83394	 	1.40837	 	
9800000	-1.23655	 	619.738	 	-0.000701689	 	103.346	 	0.453176	 	1056411260	 	8.8327	 	1.40834	 	
9810000	-1.23656	 	619.744	 	-0.000525517	 	103.351	 	0.453192	 	1057482655	 	8.83258	 	1.4084	 	
9820000	-1.23656	 	619.748	 	-0.000752434	 	103.353	 	0.453195	 	1058555258	 	8.83262	 	1.40846	 	
9830000	-1.23656	 	619.747	 	-0.000596788	 	103.349	 	0.453186	 	1059635798	 	8.83255	 	1.40841	 	
9840000	-1.23656	 	619.747	 	-0.000566337	 	103.351	 	0.453193	 	1060712495	 	8.83221	 	1.40847	 	
9850000	-1.23656	 	619.747	 	-0.00054279	 	103.349	 	0.45318	 	1061791834	 	8.83343	 	1.4086	 	
9860000	-1.23655	 	619.733	 	-0.000582431	 	103.342	 	0.453158	 	1062891665	 	8.8337	 	1.40866	 	
9870000	-1.23653	 	619.719	 	-0.000823613	 	103.336	 	0.453149	 	1063989894	 	8.83271	 	1.40855	 	
9880000	-1.23653	 	619.717	 	-0.000683094	 	103.335	 	0.453144	 	1065069736	 	8.83308	 	1.40859	 	
9890000	-1.23653	 	619.719	 	-0.00072505	 	103.338	 	0.453161	 	1066144565	 	8.83186	 	1.40854	 	
9900000	-1.23653	 	619.72	 	-0.000889414	 	103.338	 	0.45316	 	1067222217	 	8.83196	 	1.40856	 	
9910000	-1.23652	 	619.705	 	-0.000863001	 	103.326	 	0.453121	 	1068321633	 	8.83263	 	1.40855	 	
9920000	-1.23651	 	619.694	 	-0.000811771	 	103.318	 	0.453101	 	1069416130	 	8.83236	 	1.40853	 	
9930000	-1.2365	 	619.688	 	-0.000703856	 	103.313	 	0.453089	 	1070503623	 	8.83223	 	1.40861	 	
9940000	-1.23649	 	619.675	 	-0.000767117	 	103.304	 	0.453058	 	1071599424	 	8.83311	 	1.40857	 	
9950000	-1.23648	 	619.669	 	-0.000785621	 	103.301	 	0.453044	 	1072687641	 	8.83396	 	1.40865	 	
9960000	-1.2365	 	619.69	 	-0.000762667	 	103.315	 	0.453087	 	1073732536	 	8.8332	 	1.40867	 	
9970000	-1.2365	 	619.686	 	-0.000925823	 	103.312	 	0.453078	 	1074817770	 	8.83352	 	1.40866	 	
9980000	-1.23647	 	619.66	 	-0.000804893	 	103.295	 	0.45303	 	1075934821	 	8.83333	 	1.40863	 	
9990000	-1.23646	 	619.645	 	-0.000778544	 	103.285	 	0.453006	 	1077034267	 	8.83283	 	1.40851	 	
