MCcycles: 10000000	 L = 20	 T = 1	 Randomstart = 1
MCcycles 	 E 		 E2 		 M 		 M2 		 Mabs 		 accepted		 X 		 Cv
1	-0.73	 	213.16	 	-0.025	 	0.25	 	0.025	 	193	 	0	 	0	 	
10000	-1.99517	 	1592.69	 	-0.995784	 	397.648	 	0.99585	 	5200	 	0.960912	 	0.403052	 	
20000	-1.99608	 	1593.95	 	-0.997506	 	398.517	 	0.99754	 	8188	 	0.482459	 	0.214425	 	
30000	-1.99645	 	1594.48	 	-0.998099	 	398.821	 	0.998121	 	11090	 	0.322439	 	0.15082	 	
40000	-1.99664	 	1594.75	 	-0.998395	 	398.973	 	0.998412	 	13886	 	0.242307	 	0.118793	 	
50000	-1.99675	 	1594.9	 	-0.998572	 	399.064	 	0.998586	 	16746	 	0.194214	 	0.0997652	 	
60000	-1.99681	 	1594.99	 	-0.998688	 	399.122	 	0.998699	 	19556	 	0.16214	 	0.0871158	 	
70000	-1.99686	 	1595.06	 	-0.998771	 	399.165	 	0.998781	 	22482	 	0.139214	 	0.0780163	 	
80000	-1.99688	 	1595.08	 	-0.99883	 	399.193	 	0.998838	 	25408	 	0.122038	 	0.0714216	 	
90000	-1.99692	 	1595.14	 	-0.998882	 	399.22	 	0.998889	 	28384	 	0.108656	 	0.0660495	 	
100000	-1.99695	 	1595.18	 	-0.998922	 	399.241	 	0.998929	 	31302	 	0.0979465	 	0.0617222	 	
110000	-1.99695	 	1595.19	 	-0.998951	 	399.255	 	0.998957	 	34211	 	0.0891967	 	0.058354	 	
120000	-1.99697	 	1595.21	 	-0.998979	 	399.27	 	0.998984	 	37092	 	0.081897	 	0.0554525	 	
130000	-1.99698	 	1595.23	 	-0.999	 	399.28	 	0.999005	 	39992	 	0.0757221	 	0.0530382	 	
140000	-1.99699	 	1595.24	 	-0.99902	 	399.29	 	0.999024	 	42960	 	0.0704271	 	0.0509114	 	
150000	-1.997	 	1595.26	 	-0.999036	 	399.299	 	0.999041	 	45840	 	0.0658411	 	0.0491317	 	
160000	-1.99701	 	1595.27	 	-0.999051	 	399.306	 	0.999055	 	48780	 	0.0618269	 	0.0475338	 	
170000	-1.99704	 	1595.31	 	-0.999068	 	399.316	 	0.999072	 	51560	 	0.0582775	 	0.0459893	 	
180000	-1.99704	 	1595.31	 	-0.999079	 	399.321	 	0.999082	 	54490	 	0.0551251	 	0.0447131	 	
190000	-1.99705	 	1595.33	 	-0.99909	 	399.327	 	0.999094	 	57329	 	0.052303	 	0.0435156	 	
200000	-1.99707	 	1595.35	 	-0.999103	 	399.335	 	0.999106	 	60137	 	0.049758	 	0.0423868	 	
210000	-1.99707	 	1595.35	 	-0.999109	 	399.338	 	0.999113	 	63027	 	0.0474678	 	0.0415317	 	
220000	-1.99707	 	1595.36	 	-0.999117	 	399.342	 	0.99912	 	65883	 	0.0453824	 	0.0406864	 	
230000	-1.99708	 	1595.37	 	-0.999125	 	399.346	 	0.999128	 	68748	 	0.0434775	 	0.0399184	 	
240000	-1.99709	 	1595.38	 	-0.999132	 	399.35	 	0.999135	 	71608	 	0.0417288	 	0.0391918	 	
250000	-1.99709	 	1595.39	 	-0.999138	 	399.353	 	0.999141	 	74542	 	0.0401228	 	0.0385592	 	
260000	-1.99709	 	1595.38	 	-0.999142	 	399.355	 	0.999145	 	77522	 	0.0386441	 	0.038034	 	
270000	-1.99709	 	1595.38	 	-0.999146	 	399.357	 	0.999149	 	80460	 	0.0372731	 	0.0375241	 	
280000	-1.99709	 	1595.39	 	-0.999152	 	399.359	 	0.999154	 	83279	 	0.0359951	 	0.036974	 	
290000	-1.99709	 	1595.38	 	-0.999155	 	399.361	 	0.999157	 	86274	 	0.0348119	 	0.0365581	 	
300000	-1.99709	 	1595.39	 	-0.999159	 	399.363	 	0.999161	 	89180	 	0.0337038	 	0.0361193	 	
310000	-1.9971	 	1595.39	 	-0.999163	 	399.365	 	0.999165	 	92098	 	0.0326694	 	0.0357092	 	
320000	-1.9971	 	1595.4	 	-0.999167	 	399.367	 	0.999169	 	94960	 	0.0316925	 	0.0352665	 	
330000	-1.9971	 	1595.4	 	-0.99917	 	399.368	 	0.999172	 	97909	 	0.0307818	 	0.0349421	 	
340000	-1.99711	 	1595.41	 	-0.999174	 	399.371	 	0.999176	 	100665	 	0.0299204	 	0.034568	 	
350000	-1.99712	 	1595.42	 	-0.999179	 	399.374	 	0.999181	 	103440	 	0.0291058	 	0.0341708	 	
360000	-1.99712	 	1595.43	 	-0.999183	 	399.377	 	0.999185	 	106256	 	0.0283365	 	0.033809	 	
370000	-1.99713	 	1595.44	 	-0.999186	 	399.378	 	0.999188	 	109088	 	0.0276124	 	0.033511	 	
380000	-1.99713	 	1595.44	 	-0.999189	 	399.38	 	0.99919	 	111936	 	0.0269276	 	0.0332498	 	
390000	-1.99713	 	1595.44	 	-0.999191	 	399.381	 	0.999193	 	114898	 	0.0262775	 	0.0330045	 	
400000	-1.99713	 	1595.44	 	-0.999193	 	399.382	 	0.999195	 	117727	 	0.0256595	 	0.0327675	 	
410000	-1.99714	 	1595.46	 	-0.999197	 	399.385	 	0.999199	 	120466	 	0.0250666	 	0.0324602	 	
420000	-1.99714	 	1595.46	 	-0.999199	 	399.385	 	0.9992	 	123404	 	0.0245084	 	0.0322633	 	
430000	-1.99713	 	1595.45	 	-0.999199	 	399.385	 	0.999201	 	126454	 	0.0239799	 	0.0321065	 	
440000	-1.99714	 	1595.45	 	-0.999201	 	399.386	 	0.999203	 	129316	 	0.0234699	 	0.0318999	 	
450000	-1.99713	 	1595.45	 	-0.999203	 	399.386	 	0.999204	 	132246	 	0.0229839	 	0.0317199	 	
460000	-1.99713	 	1595.45	 	-0.999204	 	399.387	 	0.999205	 	135178	 	0.0225196	 	0.0315546	 	
470000	-1.99714	 	1595.45	 	-0.999206	 	399.388	 	0.999207	 	138030	 	0.022072	 	0.0313642	 	
480000	-1.99714	 	1595.45	 	-0.999207	 	399.389	 	0.999208	 	140994	 	0.0216479	 	0.031216	 	
490000	-1.99714	 	1595.45	 	-0.999208	 	399.389	 	0.99921	 	143882	 	0.0212379	 	0.031052	 	
500000	-1.99713	 	1595.45	 	-0.999209	 	399.389	 	0.99921	 	146846	 	0.020845	 	0.0309139	 	
510000	-1.99714	 	1595.45	 	-0.999211	 	399.39	 	0.999212	 	149698	 	0.0204664	 	0.0307619	 	
520000	-1.99713	 	1595.44	 	-0.999211	 	399.39	 	0.999212	 	152668	 	0.0201053	 	0.0306559	 	
530000	-1.99713	 	1595.44	 	-0.999212	 	399.391	 	0.999213	 	155636	 	0.019757	 	0.0305271	 	
540000	-1.99713	 	1595.45	 	-0.999214	 	399.392	 	0.999215	 	158406	 	0.0194201	 	0.0303843	 	
550000	-1.99714	 	1595.45	 	-0.999215	 	399.393	 	0.999217	 	161298	 	0.019096	 	0.0302557	 	
560000	-1.99714	 	1595.46	 	-0.999217	 	399.393	 	0.999218	 	164122	 	0.0187816	 	0.0301149	 	
570000	-1.99714	 	1595.46	 	-0.999218	 	399.394	 	0.999219	 	167196	 	0.0184797	 	0.0299971	 	
580000	-1.99714	 	1595.46	 	-0.999218	 	399.394	 	0.99922	 	170106	 	0.0181884	 	0.0298824	 	
590000	-1.99714	 	1595.45	 	-0.999218	 	399.394	 	0.99922	 	173130	 	0.0179089	 	0.029804	 	
600000	-1.99714	 	1595.45	 	-0.99922	 	399.395	 	0.999221	 	176008	 	0.0176353	 	0.0296886	 	
610000	-1.99714	 	1595.45	 	-0.999221	 	399.395	 	0.999222	 	178944	 	0.017372	 	0.029589	 	
620000	-1.99713	 	1595.45	 	-0.999221	 	399.395	 	0.999222	 	181956	 	0.0171186	 	0.0295132	 	
630000	-1.99714	 	1595.45	 	-0.999222	 	399.396	 	0.999223	 	184902	 	0.0168704	 	0.0293927	 	
640000	-1.99714	 	1595.45	 	-0.999223	 	399.396	 	0.999224	 	187883	 	0.016633	 	0.0293242	 	
650000	-1.99713	 	1595.45	 	-0.999223	 	399.396	 	0.999224	 	190766	 	0.0164019	 	0.0292487	 	
660000	-1.99713	 	1595.45	 	-0.999224	 	399.396	 	0.999225	 	193632	 	0.0161771	 	0.0291647	 	
670000	-1.99713	 	1595.45	 	-0.999224	 	399.396	 	0.999225	 	196599	 	0.0159599	 	0.0290818	 	
680000	-1.99713	 	1595.45	 	-0.999225	 	399.397	 	0.999226	 	199656	 	0.0157484	 	0.0290032	 	
690000	-1.99713	 	1595.44	 	-0.999225	 	399.397	 	0.999226	 	202698	 	0.0155455	 	0.0289553	 	
700000	-1.99713	 	1595.44	 	-0.999225	 	399.396	 	0.999226	 	205624	 	0.0153477	 	0.0288978	 	
710000	-1.99713	 	1595.44	 	-0.999226	 	399.397	 	0.999227	 	208332	 	0.0151533	 	0.0288111	 	
720000	-1.99713	 	1595.44	 	-0.999227	 	399.397	 	0.999228	 	211202	 	0.0149637	 	0.0287262	 	
730000	-1.99713	 	1595.45	 	-0.999228	 	399.398	 	0.999229	 	214078	 	0.0147792	 	0.0286425	 	
740000	-1.99713	 	1595.45	 	-0.999228	 	399.398	 	0.999229	 	216898	 	0.0146001	 	0.0285669	 	
750000	-1.99714	 	1595.45	 	-0.999229	 	399.399	 	0.99923	 	219786	 	0.0144251	 	0.0284829	 	
760000	-1.99713	 	1595.45	 	-0.99923	 	399.399	 	0.999231	 	222626	 	0.0142572	 	0.0284286	 	
770000	-1.99714	 	1595.45	 	-0.999231	 	399.399	 	0.999231	 	225404	 	0.0140911	 	0.0283471	 	
780000	-1.99714	 	1595.45	 	-0.999231	 	399.4	 	0.999232	 	228328	 	0.0139312	 	0.0282947	 	
790000	-1.99714	 	1595.45	 	-0.999232	 	399.4	 	0.999233	 	231209	 	0.0137735	 	0.0282188	 	
800000	-1.99713	 	1595.45	 	-0.999232	 	399.4	 	0.999233	 	234138	 	0.0136225	 	0.0281798	 	
810000	-1.99713	 	1595.44	 	-0.999232	 	399.4	 	0.999233	 	237122	 	0.0134739	 	0.0281269	 	
820000	-1.99713	 	1595.45	 	-0.999233	 	399.4	 	0.999234	 	240030	 	0.0133281	 	0.0280637	 	
830000	-1.99713	 	1595.44	 	-0.999233	 	399.4	 	0.999234	 	242962	 	0.0131881	 	0.0280291	 	
840000	-1.99713	 	1595.45	 	-0.999234	 	399.401	 	0.999234	 	245801	 	0.0130493	 	0.0279647	 	
850000	-1.99714	 	1595.45	 	-0.999234	 	399.401	 	0.999235	 	248678	 	0.0129135	 	0.0278982	 	
860000	-1.99714	 	1595.45	 	-0.999235	 	399.402	 	0.999236	 	251484	 	0.0127805	 	0.0278325	 	
870000	-1.99714	 	1595.45	 	-0.999235	 	399.402	 	0.999236	 	254439	 	0.0126533	 	0.0278009	 	
880000	-1.99714	 	1595.45	 	-0.999236	 	399.402	 	0.999236	 	257320	 	0.0125282	 	0.0277619	 	
890000	-1.99714	 	1595.45	 	-0.999236	 	399.402	 	0.999236	 	260230	 	0.0124062	 	0.0277288	 	
900000	-1.99713	 	1595.45	 	-0.999236	 	399.402	 	0.999237	 	263132	 	0.0122868	 	0.0276895	 	
910000	-1.99714	 	1595.45	 	-0.999236	 	399.402	 	0.999237	 	266044	 	0.0121689	 	0.0276414	 	
920000	-1.99714	 	1595.45	 	-0.999237	 	399.403	 	0.999238	 	268870	 	0.0120533	 	0.0275833	 	
930000	-1.99714	 	1595.45	 	-0.999238	 	399.403	 	0.999238	 	271724	 	0.0119399	 	0.0275314	 	
940000	-1.99714	 	1595.45	 	-0.999238	 	399.403	 	0.999239	 	274490	 	0.0118287	 	0.0274737	 	
950000	-1.99714	 	1595.46	 	-0.999239	 	399.404	 	0.99924	 	277202	 	0.0117203	 	0.0274221	 	
960000	-1.99714	 	1595.45	 	-0.999239	 	399.404	 	0.99924	 	280264	 	0.0116151	 	0.0273904	 	
970000	-1.99714	 	1595.45	 	-0.99924	 	399.404	 	0.99924	 	283248	 	0.0115114	 	0.0273459	 	
980000	-1.99714	 	1595.45	 	-0.99924	 	399.404	 	0.999241	 	286146	 	0.0114098	 	0.0273046	 	
990000	-1.99714	 	1595.45	 	-0.99924	 	399.404	 	0.999241	 	289091	 	0.0113109	 	0.0272731	 	
1000000	-1.99714	 	1595.45	 	-0.99924	 	399.404	 	0.999241	 	291990	 	0.0112142	 	0.0272431	 	
1010000	-1.99714	 	1595.45	 	-0.999241	 	399.404	 	0.999241	 	294798	 	0.0111181	 	0.0271962	 	
1020000	-1.99714	 	1595.46	 	-0.999241	 	399.405	 	0.999242	 	297536	 	0.0110233	 	0.0271422	 	
1030000	-1.99714	 	1595.46	 	-0.999242	 	399.405	 	0.999242	 	300422	 	0.0109312	 	0.0271021	 	
1040000	-1.99714	 	1595.46	 	-0.999242	 	399.405	 	0.999243	 	303310	 	0.0108408	 	0.0270613	 	
1050000	-1.99714	 	1595.46	 	-0.999243	 	399.405	 	0.999243	 	306248	 	0.0107525	 	0.0270285	 	
1060000	-1.99714	 	1595.46	 	-0.999243	 	399.406	 	0.999243	 	309148	 	0.0106665	 	0.0269996	 	
1070000	-1.99714	 	1595.46	 	-0.999243	 	399.406	 	0.999244	 	312072	 	0.0105819	 	0.0269697	 	
1080000	-1.99714	 	1595.46	 	-0.999243	 	399.406	 	0.999244	 	314900	 	0.0104986	 	0.026939	 	
1090000	-1.99714	 	1595.46	 	-0.999244	 	399.407	 	0.999245	 	317721	 	0.0104152	 	0.0268853	 	
1100000	-1.99714	 	1595.46	 	-0.999245	 	399.407	 	0.999245	 	320572	 	0.0103347	 	0.0268506	 	
1110000	-1.99714	 	1595.46	 	-0.999245	 	399.407	 	0.999245	 	323438	 	0.0102562	 	0.0268259	 	
1120000	-1.99714	 	1595.46	 	-0.999245	 	399.407	 	0.999246	 	326337	 	0.0101783	 	0.026791	 	
1130000	-1.99714	 	1595.46	 	-0.999245	 	399.407	 	0.999245	 	329410	 	0.0101029	 	0.026772	 	
1140000	-1.99714	 	1595.46	 	-0.999245	 	399.407	 	0.999246	 	332370	 	0.0100287	 	0.0267487	 	
1150000	-1.99714	 	1595.46	 	-0.999246	 	399.407	 	0.999246	 	335362	 	0.009955	 	0.0267161	 	
1160000	-1.99714	 	1595.46	 	-0.999246	 	399.407	 	0.999246	 	338224	 	0.00988267	 	0.0266891	 	
1170000	-1.99714	 	1595.46	 	-0.999246	 	399.407	 	0.999246	 	341148	 	0.00981197	 	0.0266656	 	
1180000	-1.99714	 	1595.46	 	-0.999246	 	399.407	 	0.999246	 	344054	 	0.00974291	 	0.0266457	 	
1190000	-1.99714	 	1595.46	 	-0.999246	 	399.407	 	0.999246	 	347006	 	0.00967498	 	0.0266233	 	
1200000	-1.99714	 	1595.46	 	-0.999246	 	399.407	 	0.999247	 	349924	 	0.00960708	 	0.0265931	 	
1210000	-1.99714	 	1595.46	 	-0.999246	 	399.407	 	0.999247	 	352888	 	0.00954103	 	0.0265721	 	
1220000	-1.99714	 	1595.46	 	-0.999246	 	399.407	 	0.999247	 	355846	 	0.00947593	 	0.0265526	 	
1230000	-1.99714	 	1595.46	 	-0.999247	 	399.407	 	0.999247	 	358768	 	0.00941144	 	0.0265203	 	
1240000	-1.99714	 	1595.46	 	-0.999247	 	399.407	 	0.999247	 	361814	 	0.00934927	 	0.0265055	 	
1250000	-1.99714	 	1595.46	 	-0.999247	 	399.407	 	0.999247	 	364808	 	0.00928736	 	0.0264861	 	
1260000	-1.99714	 	1595.46	 	-0.999247	 	399.407	 	0.999247	 	367714	 	0.00922615	 	0.0264596	 	
1270000	-1.99714	 	1595.46	 	-0.999247	 	399.408	 	0.999248	 	370588	 	0.00916531	 	0.02643	 	
1280000	-1.99714	 	1595.46	 	-0.999248	 	399.408	 	0.999248	 	373429	 	0.00910568	 	0.0264018	 	
1290000	-1.99714	 	1595.46	 	-0.999248	 	399.408	 	0.999249	 	376448	 	0.00904774	 	0.0263844	 	
1300000	-1.99714	 	1595.46	 	-0.999248	 	399.408	 	0.999249	 	379168	 	0.00899089	 	0.0263703	 	
1310000	-1.99714	 	1595.46	 	-0.999248	 	399.408	 	0.999249	 	382116	 	0.00893447	 	0.0263544	 	
1320000	-1.99714	 	1595.46	 	-0.999248	 	399.408	 	0.999249	 	385036	 	0.00887876	 	0.0263346	 	
1330000	-1.99714	 	1595.46	 	-0.999249	 	399.408	 	0.999249	 	387930	 	0.00882394	 	0.0263159	 	
1340000	-1.99714	 	1595.46	 	-0.999249	 	399.408	 	0.999249	 	390884	 	0.00876989	 	0.0262891	 	
1350000	-1.99714	 	1595.46	 	-0.999249	 	399.409	 	0.99925	 	393719	 	0.00871709	 	0.0262753	 	
1360000	-1.99714	 	1595.46	 	-0.99925	 	399.409	 	0.99925	 	396392	 	0.00866372	 	0.0262444	 	
1370000	-1.99715	 	1595.46	 	-0.99925	 	399.409	 	0.99925	 	399260	 	0.00861164	 	0.0262166	 	
1380000	-1.99715	 	1595.46	 	-0.99925	 	399.409	 	0.99925	 	402208	 	0.00856081	 	0.0261997	 	
1390000	-1.99714	 	1595.46	 	-0.99925	 	399.409	 	0.99925	 	405239	 	0.00851199	 	0.0261965	 	
1400000	-1.99714	 	1595.46	 	-0.99925	 	399.409	 	0.999251	 	408132	 	0.00846216	 	0.02617	 	
1410000	-1.99714	 	1595.46	 	-0.99925	 	399.409	 	0.999251	 	410964	 	0.00841376	 	0.0261544	 	
1420000	-1.99715	 	1595.46	 	-0.999251	 	399.41	 	0.999251	 	413712	 	0.00836488	 	0.0261264	 	
1430000	-1.99715	 	1595.46	 	-0.999251	 	399.41	 	0.999251	 	416622	 	0.00831727	 	0.0261044	 	
1440000	-1.99715	 	1595.46	 	-0.999251	 	399.41	 	0.999252	 	419501	 	0.00827004	 	0.0260804	 	
1450000	-1.99715	 	1595.46	 	-0.999251	 	399.41	 	0.999252	 	422350	 	0.00822425	 	0.0260666	 	
1460000	-1.99715	 	1595.47	 	-0.999252	 	399.41	 	0.999252	 	425170	 	0.0081783	 	0.0260423	 	
1470000	-1.99715	 	1595.46	 	-0.999252	 	399.41	 	0.999252	 	428074	 	0.00813347	 	0.0260283	 	
1480000	-1.99715	 	1595.47	 	-0.999252	 	399.411	 	0.999253	 	430920	 	0.00808829	 	0.0259997	 	
1490000	-1.99715	 	1595.47	 	-0.999252	 	399.411	 	0.999253	 	433754	 	0.00804413	 	0.0259773	 	
1500000	-1.99715	 	1595.47	 	-0.999253	 	399.411	 	0.999253	 	436562	 	0.00800005	 	0.0259471	 	
1510000	-1.99715	 	1595.47	 	-0.999253	 	399.411	 	0.999254	 	439504	 	0.00795749	 	0.0259307	 	
1520000	-1.99715	 	1595.47	 	-0.999253	 	399.411	 	0.999254	 	442384	 	0.00791556	 	0.0259147	 	
1530000	-1.99715	 	1595.47	 	-0.999253	 	399.411	 	0.999253	 	445416	 	0.00787536	 	0.0259125	 	
1540000	-1.99715	 	1595.47	 	-0.999254	 	399.411	 	0.999254	 	448180	 	0.00783357	 	0.0258849	 	
1550000	-1.99715	 	1595.47	 	-0.999254	 	399.411	 	0.999254	 	451062	 	0.00779285	 	0.0258642	 	
1560000	-1.99715	 	1595.47	 	-0.999254	 	399.412	 	0.999255	 	453868	 	0.00775233	 	0.0258385	 	
1570000	-1.99715	 	1595.47	 	-0.999254	 	399.412	 	0.999255	 	456752	 	0.00771296	 	0.0258239	 	
1580000	-1.99715	 	1595.47	 	-0.999254	 	399.411	 	0.999254	 	459842	 	0.00767516	 	0.0258231	 	
1590000	-1.99715	 	1595.47	 	-0.999254	 	399.412	 	0.999255	 	462626	 	0.00763657	 	0.0258024	 	
1600000	-1.99715	 	1595.47	 	-0.999254	 	399.412	 	0.999255	 	465582	 	0.00759968	 	0.0257983	 	
1610000	-1.99715	 	1595.47	 	-0.999255	 	399.412	 	0.999255	 	468396	 	0.00756186	 	0.025775	 	
1620000	-1.99715	 	1595.47	 	-0.999255	 	399.412	 	0.999255	 	471358	 	0.00752507	 	0.025764	 	
1630000	-1.99715	 	1595.47	 	-0.999255	 	399.412	 	0.999255	 	474388	 	0.00748859	 	0.0257506	 	
1640000	-1.99715	 	1595.47	 	-0.999255	 	399.412	 	0.999255	 	477286	 	0.00745254	 	0.025737	 	
1650000	-1.99715	 	1595.47	 	-0.999255	 	399.412	 	0.999255	 	480142	 	0.00741688	 	0.0257195	 	
1660000	-1.99715	 	1595.47	 	-0.999255	 	399.412	 	0.999255	 	483102	 	0.00738176	 	0.0257072	 	
1670000	-1.99715	 	1595.47	 	-0.999255	 	399.412	 	0.999255	 	486024	 	0.00734735	 	0.0256963	 	
1680000	-1.99715	 	1595.47	 	-0.999255	 	399.412	 	0.999256	 	488898	 	0.0073129	 	0.0256837	 	
1690000	-1.99715	 	1595.47	 	-0.999255	 	399.412	 	0.999256	 	491826	 	0.00727876	 	0.0256696	 	
1700000	-1.99715	 	1595.47	 	-0.999255	 	399.412	 	0.999256	 	494788	 	0.00724566	 	0.0256652	 	
1710000	-1.99715	 	1595.47	 	-0.999255	 	399.412	 	0.999256	 	497568	 	0.00721215	 	0.0256485	 	
1720000	-1.99715	 	1595.47	 	-0.999255	 	399.412	 	0.999256	 	500468	 	0.00717951	 	0.0256404	 	
1730000	-1.99715	 	1595.47	 	-0.999256	 	399.412	 	0.999256	 	503362	 	0.00714686	 	0.0256245	 	
1740000	-1.99715	 	1595.47	 	-0.999256	 	399.412	 	0.999256	 	506322	 	0.0071153	 	0.0256202	 	
1750000	-1.99715	 	1595.47	 	-0.999256	 	399.412	 	0.999256	 	509190	 	0.00708423	 	0.0256165	 	
1760000	-1.99715	 	1595.47	 	-0.999256	 	399.412	 	0.999256	 	511964	 	0.00705219	 	0.0255957	 	
1770000	-1.99715	 	1595.47	 	-0.999256	 	399.412	 	0.999256	 	514974	 	0.00702208	 	0.0255928	 	
1780000	-1.99715	 	1595.47	 	-0.999256	 	399.412	 	0.999256	 	517928	 	0.00699163	 	0.0255823	 	
1790000	-1.99715	 	1595.47	 	-0.999256	 	399.412	 	0.999256	 	520920	 	0.00696145	 	0.0255706	 	
1800000	-1.99715	 	1595.47	 	-0.999256	 	399.412	 	0.999257	 	523756	 	0.00693118	 	0.0255545	 	
1810000	-1.99715	 	1595.47	 	-0.999256	 	399.413	 	0.999257	 	526658	 	0.00690129	 	0.0255399	 	
1820000	-1.99715	 	1595.47	 	-0.999257	 	399.413	 	0.999257	 	529434	 	0.00687186	 	0.0255261	 	
1830000	-1.99715	 	1595.47	 	-0.999257	 	399.413	 	0.999257	 	532350	 	0.00684301	 	0.0255146	 	
1840000	-1.99715	 	1595.47	 	-0.999257	 	399.413	 	0.999257	 	535296	 	0.0068147	 	0.0255075	 	
1850000	-1.99715	 	1595.47	 	-0.999257	 	399.413	 	0.999258	 	538185	 	0.00678595	 	0.0254927	 	
1860000	-1.99715	 	1595.47	 	-0.999257	 	399.413	 	0.999258	 	541114	 	0.00675741	 	0.0254764	 	
1870000	-1.99715	 	1595.47	 	-0.999258	 	399.413	 	0.999258	 	543928	 	0.00672915	 	0.0254594	 	
1880000	-1.99715	 	1595.47	 	-0.999258	 	399.413	 	0.999258	 	546900	 	0.00670237	 	0.0254551	 	
1890000	-1.99715	 	1595.47	 	-0.999258	 	399.413	 	0.999258	 	549870	 	0.00667529	 	0.0254452	 	
1900000	-1.99715	 	1595.47	 	-0.999257	 	399.413	 	0.999258	 	552939	 	0.0066491	 	0.025442	 	
1910000	-1.99715	 	1595.47	 	-0.999258	 	399.413	 	0.999258	 	555724	 	0.00662209	 	0.0254243	 	
1920000	-1.99715	 	1595.47	 	-0.999258	 	399.414	 	0.999258	 	558567	 	0.00659477	 	0.025402	 	
1930000	-1.99715	 	1595.47	 	-0.999258	 	399.413	 	0.999258	 	561478	 	0.00656881	 	0.0253934	 	
1940000	-1.99715	 	1595.47	 	-0.999258	 	399.413	 	0.999258	 	564548	 	0.0065433	 	0.0253848	 	
1950000	-1.99715	 	1595.47	 	-0.999258	 	399.414	 	0.999259	 	567450	 	0.00651755	 	0.0253725	 	
1960000	-1.99715	 	1595.47	 	-0.999258	 	399.413	 	0.999258	 	570556	 	0.00649265	 	0.025367	 	
1970000	-1.99715	 	1595.47	 	-0.999258	 	399.414	 	0.999259	 	573558	 	0.00646748	 	0.0253534	 	
1980000	-1.99715	 	1595.47	 	-0.999259	 	399.414	 	0.999259	 	576367	 	0.00644225	 	0.025336	 	
1990000	-1.99715	 	1595.47	 	-0.999259	 	399.414	 	0.999259	 	579346	 	0.00641787	 	0.0253288	 	
2000000	-1.99715	 	1595.47	 	-0.999259	 	399.414	 	0.999259	 	582312	 	0.00639368	 	0.0253213	 	
2010000	-1.99715	 	1595.47	 	-0.999259	 	399.414	 	0.999259	 	585213	 	0.00637011	 	0.0253172	 	
2020000	-1.99715	 	1595.47	 	-0.999259	 	399.414	 	0.999259	 	588114	 	0.00634637	 	0.025307	 	
2030000	-1.99715	 	1595.47	 	-0.999259	 	399.414	 	0.999259	 	590992	 	0.00632298	 	0.0252995	 	
2040000	-1.99715	 	1595.47	 	-0.999259	 	399.414	 	0.999259	 	594000	 	0.00629998	 	0.0252934	 	
2050000	-1.99715	 	1595.47	 	-0.999259	 	399.414	 	0.999259	 	596812	 	0.00627657	 	0.0252784	 	
2060000	-1.99715	 	1595.47	 	-0.999259	 	399.414	 	0.999259	 	599696	 	0.00625422	 	0.0252762	 	
2070000	-1.99715	 	1595.47	 	-0.999259	 	399.414	 	0.999259	 	602626	 	0.00623188	 	0.0252714	 	
2080000	-1.99715	 	1595.47	 	-0.999259	 	399.414	 	0.999259	 	605538	 	0.00620937	 	0.025262	 	
2090000	-1.99715	 	1595.47	 	-0.999259	 	399.414	 	0.999259	 	608550	 	0.00618753	 	0.0252581	 	
2100000	-1.99715	 	1595.47	 	-0.999259	 	399.414	 	0.999259	 	611468	 	0.00616534	 	0.0252491	 	
2110000	-1.99715	 	1595.47	 	-0.999259	 	399.414	 	0.999259	 	614400	 	0.00614345	 	0.0252409	 	
2120000	-1.99715	 	1595.47	 	-0.999259	 	399.414	 	0.99926	 	617154	 	0.00612152	 	0.0252255	 	
2130000	-1.99715	 	1595.47	 	-0.999259	 	399.414	 	0.999259	 	620064	 	0.00610051	 	0.0252217	 	
2140000	-1.99715	 	1595.47	 	-0.999259	 	399.414	 	0.99926	 	623038	 	0.00607885	 	0.0252065	 	
2150000	-1.99715	 	1595.47	 	-0.999259	 	399.414	 	0.999259	 	626008	 	0.00605845	 	0.025206	 	
2160000	-1.99715	 	1595.47	 	-0.999259	 	399.414	 	0.999259	 	628906	 	0.00603806	 	0.0252038	 	
2170000	-1.99715	 	1595.47	 	-0.999259	 	399.414	 	0.99926	 	631786	 	0.00601733	 	0.0251915	 	
2180000	-1.99715	 	1595.47	 	-0.999259	 	399.414	 	0.99926	 	634856	 	0.00599735	 	0.0251892	 	
2190000	-1.99715	 	1595.47	 	-0.999259	 	399.414	 	0.999259	 	637852	 	0.00597726	 	0.0251817	 	
2200000	-1.99715	 	1595.47	 	-0.999259	 	399.414	 	0.999259	 	640810	 	0.00595818	 	0.0251832	 	
2210000	-1.99715	 	1595.47	 	-0.999259	 	399.414	 	0.999259	 	643796	 	0.00593844	 	0.0251778	 	
2220000	-1.99715	 	1595.47	 	-0.999259	 	399.414	 	0.999259	 	646774	 	0.00591874	 	0.0251703	 	
2230000	-1.99715	 	1595.46	 	-0.999259	 	399.413	 	0.999259	 	649804	 	0.00589986	 	0.0251706	 	
2240000	-1.99715	 	1595.47	 	-0.999259	 	399.414	 	0.99926	 	652550	 	0.00588017	 	0.0251563	 	
2250000	-1.99715	 	1595.47	 	-0.999259	 	399.414	 	0.99926	 	655486	 	0.00586078	 	0.0251459	 	
2260000	-1.99715	 	1595.47	 	-0.99926	 	399.414	 	0.99926	 	658260	 	0.00584151	 	0.0251326	 	
2270000	-1.99715	 	1595.47	 	-0.99926	 	399.414	 	0.99926	 	661102	 	0.0058224	 	0.0251204	 	
2280000	-1.99715	 	1595.47	 	-0.99926	 	399.414	 	0.99926	 	663954	 	0.00580387	 	0.025111	 	
2290000	-1.99715	 	1595.47	 	-0.99926	 	399.414	 	0.99926	 	666860	 	0.00578604	 	0.0251124	 	
2300000	-1.99715	 	1595.47	 	-0.99926	 	399.414	 	0.99926	 	669702	 	0.00576764	 	0.0251062	 	
2310000	-1.99715	 	1595.47	 	-0.99926	 	399.414	 	0.99926	 	672614	 	0.00574935	 	0.0250979	 	
2320000	-1.99715	 	1595.47	 	-0.99926	 	399.414	 	0.99926	 	675534	 	0.00573137	 	0.0250891	 	
2330000	-1.99715	 	1595.47	 	-0.99926	 	399.414	 	0.999261	 	678355	 	0.00571299	 	0.0250756	 	
2340000	-1.99715	 	1595.47	 	-0.99926	 	399.414	 	0.999261	 	681276	 	0.00569519	 	0.0250672	 	
2350000	-1.99715	 	1595.47	 	-0.99926	 	399.414	 	0.999261	 	684340	 	0.00567801	 	0.0250645	 	
2360000	-1.99715	 	1595.47	 	-0.99926	 	399.414	 	0.999261	 	687184	 	0.00566025	 	0.0250523	 	
2370000	-1.99715	 	1595.47	 	-0.99926	 	399.414	 	0.999261	 	690144	 	0.00564322	 	0.0250481	 	
2380000	-1.99715	 	1595.47	 	-0.999261	 	399.414	 	0.999261	 	692936	 	0.00562587	 	0.0250382	 	
2390000	-1.99715	 	1595.47	 	-0.99926	 	399.414	 	0.999261	 	696062	 	0.00560915	 	0.0250349	 	
2400000	-1.99715	 	1595.47	 	-0.99926	 	399.414	 	0.999261	 	698912	 	0.00559244	 	0.0250307	 	
2410000	-1.99715	 	1595.47	 	-0.99926	 	399.414	 	0.999261	 	701850	 	0.00557604	 	0.0250283	 	
2420000	-1.99715	 	1595.47	 	-0.99926	 	399.414	 	0.999261	 	704715	 	0.00555936	 	0.0250189	 	
2430000	-1.99715	 	1595.47	 	-0.999261	 	399.414	 	0.999261	 	707682	 	0.00554303	 	0.0250121	 	
2440000	-1.99715	 	1595.47	 	-0.999261	 	399.415	 	0.999261	 	710476	 	0.00552585	 	0.0249942	 	
2450000	-1.99715	 	1595.47	 	-0.999261	 	399.415	 	0.999261	 	713272	 	0.00550969	 	0.024987	 	
2460000	-1.99715	 	1595.47	 	-0.999261	 	399.415	 	0.999261	 	716112	 	0.00549355	 	0.0249786	 	
2470000	-1.99715	 	1595.47	 	-0.999261	 	399.415	 	0.999261	 	718932	 	0.00547771	 	0.0249729	 	
2480000	-1.99715	 	1595.47	 	-0.999262	 	399.415	 	0.999262	 	721856	 	0.00546176	 	0.0249621	 	
2490000	-1.99715	 	1595.47	 	-0.999262	 	399.415	 	0.999262	 	724866	 	0.00544631	 	0.0249585	 	
2500000	-1.99715	 	1595.47	 	-0.999262	 	399.415	 	0.999262	 	727842	 	0.00543086	 	0.0249536	 	
2510000	-1.99715	 	1595.47	 	-0.999262	 	399.415	 	0.999262	 	730614	 	0.00541525	 	0.0249438	 	
2520000	-1.99715	 	1595.47	 	-0.999262	 	399.415	 	0.999262	 	733469	 	0.00539975	 	0.0249358	 	
2530000	-1.99715	 	1595.47	 	-0.999262	 	399.415	 	0.999262	 	736374	 	0.00538482	 	0.0249341	 	
2540000	-1.99715	 	1595.47	 	-0.999262	 	399.415	 	0.999262	 	739144	 	0.00536932	 	0.0249215	 	
2550000	-1.99715	 	1595.47	 	-0.999262	 	399.415	 	0.999262	 	742068	 	0.0053542	 	0.0249133	 	
2560000	-1.99715	 	1595.47	 	-0.999262	 	399.415	 	0.999262	 	744974	 	0.00533981	 	0.0249124	 	
2570000	-1.99715	 	1595.47	 	-0.999262	 	399.416	 	0.999263	 	747722	 	0.00532466	 	0.0248986	 	
2580000	-1.99715	 	1595.47	 	-0.999262	 	399.416	 	0.999263	 	750546	 	0.00530977	 	0.0248886	 	
2590000	-1.99715	 	1595.47	 	-0.999262	 	399.416	 	0.999263	 	753600	 	0.00529564	 	0.0248889	 	
2600000	-1.99715	 	1595.47	 	-0.999262	 	399.416	 	0.999263	 	756538	 	0.00528148	 	0.024886	 	
2610000	-1.99715	 	1595.47	 	-0.999262	 	399.416	 	0.999263	 	759458	 	0.00526723	 	0.0248797	 	
2620000	-1.99715	 	1595.47	 	-0.999262	 	399.415	 	0.999262	 	762358	 	0.00525351	 	0.0248791	 	
2630000	-1.99715	 	1595.47	 	-0.999262	 	399.415	 	0.999262	 	765366	 	0.00524022	 	0.0248804	 	
2640000	-1.99715	 	1595.47	 	-0.999262	 	399.415	 	0.999262	 	768430	 	0.00522711	 	0.0248844	 	
2650000	-1.99715	 	1595.47	 	-0.999262	 	399.415	 	0.999262	 	771368	 	0.00521383	 	0.0248852	 	
2660000	-1.99715	 	1595.47	 	-0.999262	 	399.415	 	0.999262	 	774200	 	0.0051997	 	0.0248728	 	
2670000	-1.99715	 	1595.47	 	-0.999262	 	399.415	 	0.999262	 	777224	 	0.00518628	 	0.0248708	 	
2680000	-1.99715	 	1595.47	 	-0.999262	 	399.415	 	0.999262	 	780075	 	0.00517268	 	0.0248631	 	
2690000	-1.99715	 	1595.47	 	-0.999262	 	399.415	 	0.999262	 	782920	 	0.00515904	 	0.0248549	 	
2700000	-1.99715	 	1595.47	 	-0.999262	 	399.415	 	0.999262	 	785900	 	0.00514602	 	0.0248536	 	
2710000	-1.99715	 	1595.47	 	-0.999262	 	399.415	 	0.999262	 	788709	 	0.00513271	 	0.0248466	 	
2720000	-1.99715	 	1595.47	 	-0.999262	 	399.415	 	0.999262	 	791614	 	0.00511959	 	0.0248405	 	
2730000	-1.99715	 	1595.47	 	-0.999262	 	399.415	 	0.999262	 	794501	 	0.0051067	 	0.0248355	 	
2740000	-1.99715	 	1595.47	 	-0.999262	 	399.415	 	0.999262	 	797263	 	0.00509371	 	0.0248293	 	
2750000	-1.99715	 	1595.47	 	-0.999262	 	399.415	 	0.999262	 	800183	 	0.00508072	 	0.0248227	 	
2760000	-1.99715	 	1595.47	 	-0.999262	 	399.415	 	0.999262	 	803162	 	0.00506815	 	0.0248204	 	
2770000	-1.99715	 	1595.47	 	-0.999262	 	399.415	 	0.999263	 	805958	 	0.00505542	 	0.0248107	 	
2780000	-1.99715	 	1595.47	 	-0.999262	 	399.415	 	0.999263	 	808770	 	0.00504274	 	0.0248034	 	
2790000	-1.99715	 	1595.47	 	-0.999262	 	399.415	 	0.999263	 	811642	 	0.00503036	 	0.0248003	 	
2800000	-1.99715	 	1595.47	 	-0.999262	 	399.415	 	0.999263	 	814510	 	0.00501805	 	0.0247962	 	
2810000	-1.99715	 	1595.47	 	-0.999262	 	399.415	 	0.999263	 	817458	 	0.00500589	 	0.0247932	 	
2820000	-1.99715	 	1595.47	 	-0.999262	 	399.415	 	0.999263	 	820327	 	0.0049939	 	0.0247909	 	
2830000	-1.99715	 	1595.47	 	-0.999262	 	399.415	 	0.999263	 	823228	 	0.00498171	 	0.0247854	 	
2840000	-1.99715	 	1595.47	 	-0.999263	 	399.415	 	0.999263	 	826070	 	0.00496955	 	0.024777	 	
2850000	-1.99715	 	1595.47	 	-0.999263	 	399.415	 	0.999263	 	828998	 	0.00495767	 	0.0247739	 	
2860000	-1.99715	 	1595.47	 	-0.999262	 	399.415	 	0.999263	 	832064	 	0.00494642	 	0.0247774	 	
2870000	-1.99715	 	1595.47	 	-0.999262	 	399.415	 	0.999263	 	835012	 	0.00493499	 	0.0247761	 	
2880000	-1.99715	 	1595.47	 	-0.999262	 	399.415	 	0.999263	 	837980	 	0.00492344	 	0.0247717	 	
2890000	-1.99715	 	1595.47	 	-0.999262	 	399.415	 	0.999263	 	840896	 	0.00491189	 	0.0247669	 	
2900000	-1.99715	 	1595.47	 	-0.999262	 	399.415	 	0.999263	 	843914	 	0.00490092	 	0.0247694	 	
2910000	-1.99715	 	1595.47	 	-0.999262	 	399.415	 	0.999263	 	846774	 	0.00488919	 	0.0247604	 	
2920000	-1.99715	 	1595.47	 	-0.999263	 	399.415	 	0.999263	 	849680	 	0.00487771	 	0.0247538	 	
2930000	-1.99715	 	1595.47	 	-0.999262	 	399.415	 	0.999263	 	852584	 	0.0048666	 	0.0247521	 	
2940000	-1.99715	 	1595.47	 	-0.999262	 	399.415	 	0.999263	 	855610	 	0.00485587	 	0.0247553	 	
2950000	-1.99715	 	1595.47	 	-0.999262	 	399.415	 	0.999263	 	858472	 	0.00484477	 	0.0247508	 	
2960000	-1.99715	 	1595.47	 	-0.999262	 	399.415	 	0.999263	 	861388	 	0.0048336	 	0.0247451	 	
2970000	-1.99715	 	1595.47	 	-0.999263	 	399.415	 	0.999263	 	864220	 	0.00482248	 	0.0247389	 	
2980000	-1.99715	 	1595.47	 	-0.999262	 	399.415	 	0.999263	 	867198	 	0.00481174	 	0.0247361	 	
2990000	-1.99715	 	1595.47	 	-0.999263	 	399.415	 	0.999263	 	870048	 	0.00480065	 	0.0247279	 	
3000000	-1.99715	 	1595.47	 	-0.999263	 	399.415	 	0.999263	 	872846	 	0.00478954	 	0.0247197	 	
3010000	-1.99715	 	1595.47	 	-0.999263	 	399.415	 	0.999263	 	875706	 	0.00477881	 	0.0247154	 	
3020000	-1.99715	 	1595.47	 	-0.999263	 	399.415	 	0.999263	 	878640	 	0.00476838	 	0.0247134	 	
3030000	-1.99715	 	1595.47	 	-0.999263	 	399.415	 	0.999263	 	881501	 	0.00475779	 	0.0247086	 	
3040000	-1.99715	 	1595.47	 	-0.999263	 	399.416	 	0.999263	 	884320	 	0.00474705	 	0.0247001	 	
3050000	-1.99715	 	1595.47	 	-0.999263	 	399.415	 	0.999263	 	887386	 	0.00473692	 	0.0247003	 	
3060000	-1.99715	 	1595.47	 	-0.999263	 	399.415	 	0.999263	 	890265	 	0.00472679	 	0.0246972	 	
3070000	-1.99715	 	1595.47	 	-0.999263	 	399.415	 	0.999263	 	893270	 	0.00471673	 	0.0246959	 	
3080000	-1.99715	 	1595.47	 	-0.999263	 	399.415	 	0.999263	 	896152	 	0.00470624	 	0.0246893	 	
3090000	-1.99715	 	1595.47	 	-0.999263	 	399.416	 	0.999263	 	898974	 	0.00469607	 	0.0246843	 	
3100000	-1.99715	 	1595.47	 	-0.999263	 	399.416	 	0.999263	 	901862	 	0.004686	 	0.0246805	 	
3110000	-1.99715	 	1595.47	 	-0.999263	 	399.415	 	0.999263	 	904850	 	0.0046765	 	0.0246832	 	
3120000	-1.99715	 	1595.47	 	-0.999263	 	399.415	 	0.999263	 	907933	 	0.00466687	 	0.0246842	 	
3130000	-1.99715	 	1595.47	 	-0.999263	 	399.415	 	0.999263	 	910790	 	0.00465679	 	0.0246782	 	
3140000	-1.99715	 	1595.47	 	-0.999263	 	399.415	 	0.999263	 	913714	 	0.0046472	 	0.0246763	 	
3150000	-1.99715	 	1595.47	 	-0.999263	 	399.415	 	0.999263	 	916606	 	0.00463752	 	0.0246728	 	
3160000	-1.99715	 	1595.47	 	-0.999263	 	399.415	 	0.999263	 	919422	 	0.00462756	 	0.024666	 	
3170000	-1.99715	 	1595.47	 	-0.999263	 	399.415	 	0.999263	 	922358	 	0.00461776	 	0.0246606	 	
3180000	-1.99715	 	1595.47	 	-0.999263	 	399.416	 	0.999263	 	925318	 	0.00460796	 	0.0246549	 	
3190000	-1.99715	 	1595.47	 	-0.999263	 	399.416	 	0.999263	 	928278	 	0.00459862	 	0.0246542	 	
3200000	-1.99715	 	1595.47	 	-0.999263	 	399.416	 	0.999263	 	931140	 	0.00458911	 	0.0246499	 	
3210000	-1.99715	 	1595.47	 	-0.999263	 	399.415	 	0.999263	 	934266	 	0.00458009	 	0.0246523	 	
3220000	-1.99715	 	1595.46	 	-0.999263	 	399.415	 	0.999263	 	937302	 	0.00457103	 	0.0246522	 	
3230000	-1.99715	 	1595.46	 	-0.999263	 	399.415	 	0.999263	 	940226	 	0.00456189	 	0.0246509	 	
3240000	-1.99715	 	1595.46	 	-0.999263	 	399.415	 	0.999263	 	943222	 	0.00455276	 	0.0246493	 	
3250000	-1.99715	 	1595.46	 	-0.999263	 	399.415	 	0.999263	 	946104	 	0.00454349	 	0.0246445	 	
3260000	-1.99715	 	1595.46	 	-0.999263	 	399.415	 	0.999263	 	949000	 	0.00453423	 	0.0246399	 	
3270000	-1.99715	 	1595.46	 	-0.999263	 	399.415	 	0.999263	 	951940	 	0.00452527	 	0.0246374	 	
3280000	-1.99715	 	1595.46	 	-0.999263	 	399.415	 	0.999263	 	954952	 	0.00451632	 	0.0246339	 	
3290000	-1.99715	 	1595.46	 	-0.999263	 	399.416	 	0.999263	 	957864	 	0.00450717	 	0.0246275	 	
3300000	-1.99715	 	1595.47	 	-0.999263	 	399.416	 	0.999264	 	960644	 	0.00449789	 	0.0246171	 	
3310000	-1.99715	 	1595.46	 	-0.999263	 	399.416	 	0.999264	 	963606	 	0.00448934	 	0.0246162	 	
3320000	-1.99715	 	1595.47	 	-0.999263	 	399.416	 	0.999264	 	966515	 	0.00448048	 	0.0246115	 	
3330000	-1.99715	 	1595.47	 	-0.999264	 	399.416	 	0.999264	 	969356	 	0.00447119	 	0.0246016	 	
3340000	-1.99715	 	1595.47	 	-0.999264	 	399.416	 	0.999264	 	972338	 	0.00446239	 	0.0245959	 	
3350000	-1.99715	 	1595.47	 	-0.999264	 	399.416	 	0.999264	 	975212	 	0.0044537	 	0.0245915	 	
3360000	-1.99715	 	1595.47	 	-0.999264	 	399.416	 	0.999264	 	978110	 	0.00444547	 	0.0245923	 	
3370000	-1.99715	 	1595.47	 	-0.999264	 	399.416	 	0.999264	 	981098	 	0.00443696	 	0.0245894	 	
3380000	-1.99715	 	1595.47	 	-0.999264	 	399.416	 	0.999264	 	983876	 	0.00442822	 	0.024582	 	
3390000	-1.99715	 	1595.47	 	-0.999264	 	399.416	 	0.999264	 	986774	 	0.00441998	 	0.0245813	 	
3400000	-1.99715	 	1595.47	 	-0.999264	 	399.416	 	0.999264	 	989474	 	0.00441112	 	0.0245712	 	
3410000	-1.99715	 	1595.47	 	-0.999264	 	399.416	 	0.999264	 	992354	 	0.00440275	 	0.0245671	 	
3420000	-1.99715	 	1595.47	 	-0.999264	 	399.416	 	0.999264	 	995356	 	0.00439481	 	0.0245668	 	
3430000	-1.99715	 	1595.47	 	-0.999264	 	399.416	 	0.999264	 	998226	 	0.00438685	 	0.0245685	 	
3440000	-1.99715	 	1595.47	 	-0.999264	 	399.416	 	0.999264	 	1001058	 	0.0043787	 	0.0245658	 	
3450000	-1.99715	 	1595.47	 	-0.999264	 	399.416	 	0.999264	 	1003853	 	0.00437022	 	0.024559	 	
3460000	-1.99715	 	1595.47	 	-0.999264	 	399.416	 	0.999264	 	1006848	 	0.00436245	 	0.0245617	 	
3470000	-1.99715	 	1595.47	 	-0.999264	 	399.416	 	0.999264	 	1009758	 	0.0043545	 	0.0245578	 	
3480000	-1.99715	 	1595.47	 	-0.999264	 	399.416	 	0.999264	 	1012868	 	0.00434686	 	0.0245586	 	
3490000	-1.99715	 	1595.47	 	-0.999264	 	399.416	 	0.999264	 	1015594	 	0.00433865	 	0.024553	 	
3500000	-1.99715	 	1595.47	 	-0.999264	 	399.416	 	0.999265	 	1018423	 	0.00433041	 	0.024545	 	
3510000	-1.99715	 	1595.47	 	-0.999264	 	399.416	 	0.999265	 	1021222	 	0.00432226	 	0.0245382	 	
3520000	-1.99715	 	1595.47	 	-0.999264	 	399.416	 	0.999265	 	1024038	 	0.00431449	 	0.0245354	 	
3530000	-1.99715	 	1595.47	 	-0.999264	 	399.416	 	0.999265	 	1027060	 	0.00430682	 	0.0245329	 	
3540000	-1.99715	 	1595.47	 	-0.999264	 	399.416	 	0.999265	 	1029899	 	0.00429886	 	0.0245261	 	
3550000	-1.99715	 	1595.47	 	-0.999265	 	399.416	 	0.999265	 	1032722	 	0.00429102	 	0.0245204	 	
3560000	-1.99715	 	1595.47	 	-0.999264	 	399.416	 	0.999265	 	1035708	 	0.0042837	 	0.0245214	 	
3570000	-1.99715	 	1595.47	 	-0.999264	 	399.416	 	0.999265	 	1038699	 	0.00427631	 	0.0245217	 	
3580000	-1.99715	 	1595.47	 	-0.999264	 	399.416	 	0.999265	 	1041556	 	0.00426854	 	0.0245148	 	
3590000	-1.99715	 	1595.47	 	-0.999264	 	399.416	 	0.999265	 	1044536	 	0.00426135	 	0.0245157	 	
3600000	-1.99715	 	1595.47	 	-0.999264	 	399.416	 	0.999265	 	1047333	 	0.00425377	 	0.0245113	 	
3610000	-1.99715	 	1595.47	 	-0.999264	 	399.416	 	0.999265	 	1050238	 	0.00424635	 	0.0245089	 	
3620000	-1.99715	 	1595.47	 	-0.999265	 	399.416	 	0.999265	 	1053136	 	0.00423886	 	0.0245048	 	
3630000	-1.99715	 	1595.47	 	-0.999264	 	399.416	 	0.999265	 	1056117	 	0.00423171	 	0.0245055	 	
3640000	-1.99715	 	1595.47	 	-0.999264	 	399.416	 	0.999265	 	1059064	 	0.00422429	 	0.0245011	 	
3650000	-1.99715	 	1595.47	 	-0.999265	 	399.416	 	0.999265	 	1061942	 	0.00421704	 	0.024498	 	
3660000	-1.99715	 	1595.47	 	-0.999265	 	399.416	 	0.999265	 	1064765	 	0.00420996	 	0.0244952	 	
3670000	-1.99715	 	1595.47	 	-0.999265	 	399.416	 	0.999265	 	1067587	 	0.00420259	 	0.0244896	 	
3680000	-1.99715	 	1595.47	 	-0.999265	 	399.416	 	0.999265	 	1070498	 	0.00419567	 	0.0244891	 	
3690000	-1.99715	 	1595.47	 	-0.999265	 	399.416	 	0.999265	 	1073444	 	0.00418892	 	0.0244915	 	
3700000	-1.99715	 	1595.47	 	-0.999265	 	399.416	 	0.999265	 	1076140	 	0.00418147	 	0.0244837	 	
3710000	-1.99715	 	1595.47	 	-0.999265	 	399.416	 	0.999265	 	1078992	 	0.0041745	 	0.0244809	 	
3720000	-1.99715	 	1595.47	 	-0.999265	 	399.416	 	0.999265	 	1081813	 	0.0041674	 	0.0244768	 	
3730000	-1.99715	 	1595.47	 	-0.999265	 	399.416	 	0.999265	 	1084613	 	0.0041605	 	0.0244744	 	
3740000	-1.99715	 	1595.47	 	-0.999265	 	399.416	 	0.999265	 	1087536	 	0.00415368	 	0.0244731	 	
3750000	-1.99715	 	1595.47	 	-0.999265	 	399.416	 	0.999265	 	1090547	 	0.00414738	 	0.0244764	 	
3760000	-1.99715	 	1595.47	 	-0.999265	 	399.416	 	0.999265	 	1093398	 	0.00414047	 	0.0244723	 	
3770000	-1.99715	 	1595.47	 	-0.999265	 	399.416	 	0.999265	 	1096314	 	0.00413353	 	0.0244682	 	
3780000	-1.99715	 	1595.47	 	-0.999265	 	399.416	 	0.999265	 	1099280	 	0.00412672	 	0.0244659	 	
3790000	-1.99715	 	1595.47	 	-0.999265	 	399.416	 	0.999265	 	1102120	 	0.00411986	 	0.0244625	 	
3800000	-1.99715	 	1595.47	 	-0.999265	 	399.416	 	0.999265	 	1105072	 	0.00411326	 	0.0244624	 	
3810000	-1.99715	 	1595.47	 	-0.999265	 	399.416	 	0.999265	 	1108132	 	0.00410673	 	0.0244624	 	
3820000	-1.99715	 	1595.47	 	-0.999265	 	399.416	 	0.999265	 	1111116	 	0.00410027	 	0.0244629	 	
3830000	-1.99715	 	1595.47	 	-0.999265	 	399.416	 	0.999265	 	1114073	 	0.00409366	 	0.0244597	 	
3840000	-1.99715	 	1595.47	 	-0.999265	 	399.416	 	0.999265	 	1116928	 	0.00408698	 	0.0244556	 	
3850000	-1.99715	 	1595.47	 	-0.999265	 	399.416	 	0.999265	 	1119718	 	0.0040804	 	0.0244521	 	
3860000	-1.99715	 	1595.47	 	-0.999265	 	399.416	 	0.999265	 	1122530	 	0.00407388	 	0.0244492	 	
3870000	-1.99715	 	1595.47	 	-0.999265	 	399.416	 	0.999265	 	1125426	 	0.00406773	 	0.0244508	 	
3880000	-1.99715	 	1595.47	 	-0.999265	 	399.416	 	0.999265	 	1128236	 	0.00406089	 	0.0244433	 	
3890000	-1.99715	 	1595.47	 	-0.999265	 	399.417	 	0.999265	 	1131010	 	0.00405435	 	0.0244378	 	
3900000	-1.99715	 	1595.47	 	-0.999265	 	399.417	 	0.999265	 	1133892	 	0.00404801	 	0.0244354	 	
3910000	-1.99715	 	1595.47	 	-0.999265	 	399.417	 	0.999265	 	1136696	 	0.00404129	 	0.0244282	 	
3920000	-1.99715	 	1595.47	 	-0.999265	 	399.417	 	0.999266	 	1139604	 	0.00403494	 	0.0244254	 	
3930000	-1.99715	 	1595.47	 	-0.999265	 	399.417	 	0.999266	 	1142444	 	0.00402869	 	0.0244227	 	
3940000	-1.99715	 	1595.47	 	-0.999265	 	399.417	 	0.999266	 	1145324	 	0.00402258	 	0.0244218	 	
3950000	-1.99715	 	1595.47	 	-0.999265	 	399.417	 	0.999266	 	1148131	 	0.00401602	 	0.0244147	 	
3960000	-1.99715	 	1595.47	 	-0.999265	 	399.417	 	0.999266	 	1151037	 	0.0040098	 	0.0244131	 	
3970000	-1.99715	 	1595.47	 	-0.999266	 	399.417	 	0.999266	 	1153916	 	0.0040034	 	0.0244065	 	
3980000	-1.99715	 	1595.47	 	-0.999266	 	399.417	 	0.999266	 	1156882	 	0.00399724	 	0.0244034	 	
3990000	-1.99715	 	1595.47	 	-0.999266	 	399.417	 	0.999266	 	1159558	 	0.00399069	 	0.0243949	 	
4000000	-1.99715	 	1595.47	 	-0.999266	 	399.417	 	0.999266	 	1162312	 	0.00398456	 	0.0243917	 	
4010000	-1.99715	 	1595.47	 	-0.999266	 	399.417	 	0.999266	 	1165456	 	0.00397886	 	0.0243932	 	
4020000	-1.99715	 	1595.47	 	-0.999266	 	399.417	 	0.999266	 	1168400	 	0.00397293	 	0.0243916	 	
4030000	-1.99715	 	1595.47	 	-0.999266	 	399.417	 	0.999266	 	1171410	 	0.00396704	 	0.0243896	 	
4040000	-1.99715	 	1595.47	 	-0.999266	 	399.417	 	0.999266	 	1174298	 	0.0039612	 	0.0243878	 	
4050000	-1.99715	 	1595.47	 	-0.999266	 	399.417	 	0.999266	 	1177216	 	0.0039556	 	0.0243896	 	
4060000	-1.99715	 	1595.47	 	-0.999266	 	399.417	 	0.999266	 	1180008	 	0.00394968	 	0.0243857	 	
4070000	-1.99715	 	1595.47	 	-0.999266	 	399.417	 	0.999266	 	1182854	 	0.00394393	 	0.0243847	 	
4080000	-1.99715	 	1595.47	 	-0.999266	 	399.417	 	0.999266	 	1185690	 	0.00393785	 	0.0243788	 	
4090000	-1.99715	 	1595.47	 	-0.999266	 	399.417	 	0.999266	 	1188580	 	0.00393222	 	0.0243773	 	
4100000	-1.99715	 	1595.47	 	-0.999266	 	399.417	 	0.999266	 	1191618	 	0.00392667	 	0.0243792	 	
4110000	-1.99715	 	1595.47	 	-0.999266	 	399.417	 	0.999266	 	1194618	 	0.00392126	 	0.0243812	 	
4120000	-1.99715	 	1595.47	 	-0.999266	 	399.417	 	0.999266	 	1197524	 	0.00391566	 	0.02438	 	
4130000	-1.99715	 	1595.47	 	-0.999266	 	399.417	 	0.999266	 	1200286	 	0.00390958	 	0.0243719	 	
4140000	-1.99715	 	1595.47	 	-0.999266	 	399.417	 	0.999266	 	1203092	 	0.00390386	 	0.0243685	 	
4150000	-1.99715	 	1595.47	 	-0.999266	 	399.417	 	0.999266	 	1206052	 	0.00389821	 	0.024365	 	
4160000	-1.99715	 	1595.47	 	-0.999266	 	399.417	 	0.999266	 	1208972	 	0.00389256	 	0.0243616	 	
4170000	-1.99715	 	1595.47	 	-0.999266	 	399.417	 	0.999266	 	1211954	 	0.00388715	 	0.0243614	 	
4180000	-1.99715	 	1595.47	 	-0.999266	 	399.417	 	0.999266	 	1214782	 	0.00388132	 	0.0243554	 	
4190000	-1.99715	 	1595.47	 	-0.999266	 	399.417	 	0.999266	 	1217658	 	0.0038759	 	0.0243549	 	
4200000	-1.99715	 	1595.47	 	-0.999266	 	399.417	 	0.999266	 	1220566	 	0.00387042	 	0.0243517	 	
4210000	-1.99715	 	1595.47	 	-0.999266	 	399.417	 	0.999266	 	1223378	 	0.00386485	 	0.0243487	 	
4220000	-1.99715	 	1595.47	 	-0.999266	 	399.417	 	0.999266	 	1226290	 	0.00385952	 	0.0243481	 	
4230000	-1.99715	 	1595.47	 	-0.999266	 	399.417	 	0.999266	 	1229250	 	0.00385423	 	0.0243479	 	
4240000	-1.99715	 	1595.47	 	-0.999266	 	399.417	 	0.999266	 	1232252	 	0.00384907	 	0.0243492	 	
4250000	-1.99715	 	1595.47	 	-0.999266	 	399.417	 	0.999266	 	1235190	 	0.00384374	 	0.0243462	 	
4260000	-1.99715	 	1595.47	 	-0.999266	 	399.417	 	0.999266	 	1238234	 	0.00383861	 	0.0243463	 	
4270000	-1.99715	 	1595.47	 	-0.999266	 	399.417	 	0.999266	 	1241070	 	0.0038331	 	0.0243419	 	
4280000	-1.99715	 	1595.47	 	-0.999266	 	399.417	 	0.999266	 	1244016	 	0.00382802	 	0.0243425	 	
4290000	-1.99715	 	1595.47	 	-0.999266	 	399.417	 	0.999266	 	1247048	 	0.00382277	 	0.0243394	 	
4300000	-1.99715	 	1595.47	 	-0.999266	 	399.417	 	0.999266	 	1250050	 	0.00381751	 	0.0243372	 	
4310000	-1.99715	 	1595.47	 	-0.999266	 	399.417	 	0.999266	 	1252949	 	0.00381224	 	0.0243347	 	
4320000	-1.99715	 	1595.47	 	-0.999266	 	399.417	 	0.999266	 	1255991	 	0.00380724	 	0.0243354	 	
4330000	-1.99715	 	1595.47	 	-0.999266	 	399.417	 	0.999266	 	1258728	 	0.00380187	 	0.0243313	 	
4340000	-1.99715	 	1595.47	 	-0.999266	 	399.417	 	0.999267	 	1261645	 	0.00379649	 	0.0243249	 	
4350000	-1.99715	 	1595.47	 	-0.999266	 	399.417	 	0.999267	 	1264552	 	0.00379132	 	0.0243218	 	
4360000	-1.99715	 	1595.47	 	-0.999266	 	399.417	 	0.999266	 	1267602	 	0.00378656	 	0.0243241	 	
4370000	-1.99715	 	1595.47	 	-0.999266	 	399.417	 	0.999266	 	1270590	 	0.00378159	 	0.0243219	 	
4380000	-1.99715	 	1595.47	 	-0.999266	 	399.417	 	0.999266	 	1273604	 	0.00377674	 	0.0243229	 	
4390000	-1.99715	 	1595.47	 	-0.999266	 	399.417	 	0.999266	 	1276388	 	0.00377157	 	0.0243191	 	
4400000	-1.99715	 	1595.47	 	-0.999266	 	399.417	 	0.999266	 	1279248	 	0.00376656	 	0.0243173	 	
4410000	-1.99715	 	1595.47	 	-0.999266	 	399.417	 	0.999267	 	1282143	 	0.00376143	 	0.0243129	 	
4420000	-1.99715	 	1595.47	 	-0.999266	 	399.417	 	0.999267	 	1285063	 	0.00375654	 	0.0243114	 	
4430000	-1.99715	 	1595.47	 	-0.999266	 	399.417	 	0.999267	 	1287922	 	0.00375171	 	0.0243099	 	
4440000	-1.99715	 	1595.47	 	-0.999266	 	399.417	 	0.999267	 	1290844	 	0.00374684	 	0.0243079	 	
4450000	-1.99715	 	1595.47	 	-0.999266	 	399.417	 	0.999267	 	1293698	 	0.00374203	 	0.0243063	 	
4460000	-1.99715	 	1595.47	 	-0.999266	 	399.417	 	0.999267	 	1296642	 	0.00373728	 	0.0243056	 	
4470000	-1.99715	 	1595.47	 	-0.999266	 	399.417	 	0.999267	 	1299463	 	0.00373238	 	0.0243029	 	
4480000	-1.99715	 	1595.47	 	-0.999266	 	399.417	 	0.999267	 	1302462	 	0.00372763	 	0.0243013	 	
4490000	-1.99715	 	1595.47	 	-0.999267	 	399.417	 	0.999267	 	1305310	 	0.00372273	 	0.0242976	 	
4500000	-1.99715	 	1595.47	 	-0.999266	 	399.417	 	0.999267	 	1308234	 	0.00371807	 	0.0242976	 	
4510000	-1.99715	 	1595.47	 	-0.999266	 	399.417	 	0.999267	 	1311122	 	0.00371325	 	0.0242951	 	
4520000	-1.99715	 	1595.47	 	-0.999267	 	399.417	 	0.999267	 	1313972	 	0.00370845	 	0.0242935	 	
4530000	-1.99715	 	1595.47	 	-0.999267	 	399.417	 	0.999267	 	1316798	 	0.00370354	 	0.0242891	 	
4540000	-1.99715	 	1595.47	 	-0.999267	 	399.417	 	0.999267	 	1319656	 	0.00369871	 	0.0242845	 	
4550000	-1.99715	 	1595.47	 	-0.999267	 	399.417	 	0.999267	 	1322480	 	0.00369408	 	0.0242827	 	
4560000	-1.99715	 	1595.47	 	-0.999267	 	399.418	 	0.999267	 	1325290	 	0.0036894	 	0.02428	 	
4570000	-1.99715	 	1595.47	 	-0.999267	 	399.417	 	0.999267	 	1328256	 	0.00368484	 	0.0242783	 	
4580000	-1.99715	 	1595.47	 	-0.999267	 	399.418	 	0.999267	 	1331122	 	0.00367998	 	0.0242735	 	
4590000	-1.99715	 	1595.47	 	-0.999267	 	399.418	 	0.999267	 	1334020	 	0.00367543	 	0.0242731	 	
4600000	-1.99715	 	1595.47	 	-0.999267	 	399.418	 	0.999267	 	1336782	 	0.00367069	 	0.0242698	 	
4610000	-1.99715	 	1595.47	 	-0.999267	 	399.418	 	0.999267	 	1339552	 	0.003666	 	0.0242658	 	
4620000	-1.99715	 	1595.47	 	-0.999267	 	399.418	 	0.999267	 	1342702	 	0.00366167	 	0.0242675	 	
4630000	-1.99715	 	1595.47	 	-0.999267	 	399.418	 	0.999267	 	1345428	 	0.0036568	 	0.0242614	 	
4640000	-1.99715	 	1595.47	 	-0.999267	 	399.418	 	0.999267	 	1348297	 	0.00365252	 	0.0242621	 	
4650000	-1.99715	 	1595.47	 	-0.999267	 	399.418	 	0.999267	 	1351216	 	0.00364806	 	0.0242609	 	
4660000	-1.99715	 	1595.47	 	-0.999267	 	399.418	 	0.999267	 	1354146	 	0.00364353	 	0.024258	 	
4670000	-1.99715	 	1595.47	 	-0.999267	 	399.418	 	0.999267	 	1357074	 	0.00363928	 	0.0242582	 	
4680000	-1.99715	 	1595.47	 	-0.999267	 	399.418	 	0.999267	 	1360000	 	0.0036348	 	0.0242558	 	
4690000	-1.99715	 	1595.47	 	-0.999267	 	399.418	 	0.999267	 	1363078	 	0.00363072	 	0.0242575	 	
4700000	-1.99715	 	1595.47	 	-0.999267	 	399.418	 	0.999267	 	1365858	 	0.00362609	 	0.0242529	 	
4710000	-1.99715	 	1595.47	 	-0.999267	 	399.418	 	0.999267	 	1368646	 	0.00362161	 	0.0242498	 	
4720000	-1.99715	 	1595.47	 	-0.999267	 	399.418	 	0.999267	 	1371548	 	0.0036173	 	0.0242485	 	
4730000	-1.99715	 	1595.47	 	-0.999267	 	399.418	 	0.999267	 	1374410	 	0.00361278	 	0.0242437	 	
4740000	-1.99715	 	1595.47	 	-0.999267	 	399.418	 	0.999267	 	1377250	 	0.00360854	 	0.0242436	 	
4750000	-1.99715	 	1595.47	 	-0.999267	 	399.418	 	0.999267	 	1380270	 	0.00360446	 	0.0242455	 	
4760000	-1.99715	 	1595.47	 	-0.999267	 	399.418	 	0.999267	 	1383174	 	0.00359988	 	0.0242397	 	
4770000	-1.99715	 	1595.47	 	-0.999267	 	399.418	 	0.999267	 	1386030	 	0.00359569	 	0.0242385	 	
4780000	-1.99715	 	1595.47	 	-0.999267	 	399.418	 	0.999267	 	1389002	 	0.00359136	 	0.0242358	 	
4790000	-1.99715	 	1595.47	 	-0.999267	 	399.418	 	0.999268	 	1391947	 	0.00358692	 	0.024231	 	
4800000	-1.99715	 	1595.47	 	-0.999267	 	399.418	 	0.999268	 	1394764	 	0.00358254	 	0.0242273	 	
4810000	-1.99715	 	1595.47	 	-0.999268	 	399.418	 	0.999268	 	1397534	 	0.00357816	 	0.0242222	 	
4820000	-1.99715	 	1595.47	 	-0.999268	 	399.418	 	0.999268	 	1400462	 	0.00357421	 	0.0242232	 	
4830000	-1.99715	 	1595.47	 	-0.999268	 	399.418	 	0.999268	 	1403412	 	0.00356999	 	0.0242208	 	
4840000	-1.99715	 	1595.47	 	-0.999268	 	399.418	 	0.999268	 	1406296	 	0.00356592	 	0.0242197	 	
4850000	-1.99715	 	1595.47	 	-0.999268	 	399.418	 	0.999268	 	1409080	 	0.00356176	 	0.0242171	 	
4860000	-1.99715	 	1595.47	 	-0.999268	 	399.418	 	0.999268	 	1411958	 	0.00355757	 	0.024215	 	
4870000	-1.99715	 	1595.47	 	-0.999268	 	399.418	 	0.999268	 	1414812	 	0.00355337	 	0.0242116	 	
4880000	-1.99715	 	1595.47	 	-0.999268	 	399.418	 	0.999268	 	1417582	 	0.00354873	 	0.0242019	 	
4890000	-1.99716	 	1595.48	 	-0.999268	 	399.418	 	0.999268	 	1420380	 	0.00354431	 	0.0241952	 	
4900000	-1.99716	 	1595.48	 	-0.999268	 	399.418	 	0.999268	 	1423225	 	0.00354026	 	0.0241939	 	
4910000	-1.99716	 	1595.48	 	-0.999268	 	399.418	 	0.999268	 	1426028	 	0.00353607	 	0.0241904	 	
4920000	-1.99716	 	1595.48	 	-0.999268	 	399.419	 	0.999268	 	1428940	 	0.00353226	 	0.0241886	 	
4930000	-1.99716	 	1595.48	 	-0.999268	 	399.419	 	0.999268	 	1431856	 	0.00352817	 	0.0241856	 	
4940000	-1.99716	 	1595.48	 	-0.999268	 	399.419	 	0.999269	 	1434782	 	0.00352393	 	0.0241812	 	
4950000	-1.99716	 	1595.48	 	-0.999269	 	399.419	 	0.999269	 	1437700	 	0.00351977	 	0.0241768	 	
4960000	-1.99716	 	1595.48	 	-0.999268	 	399.419	 	0.999269	 	1440760	 	0.00351609	 	0.0241789	 	
4970000	-1.99716	 	1595.48	 	-0.999269	 	399.419	 	0.999269	 	1443602	 	0.00351209	 	0.0241759	 	
4980000	-1.99716	 	1595.48	 	-0.999269	 	399.419	 	0.999269	 	1446476	 	0.00350813	 	0.0241736	 	
4990000	-1.99716	 	1595.48	 	-0.999269	 	399.419	 	0.999269	 	1449460	 	0.00350422	 	0.0241726	 	
5000000	-1.99716	 	1595.48	 	-0.999269	 	399.419	 	0.999269	 	1452288	 	0.00350023	 	0.0241682	 	
5010000	-1.99716	 	1595.48	 	-0.999269	 	399.419	 	0.999269	 	1455030	 	0.00349617	 	0.0241634	 	
5020000	-1.99716	 	1595.48	 	-0.999269	 	399.419	 	0.999269	 	1457996	 	0.00349261	 	0.0241656	 	
5030000	-1.99716	 	1595.48	 	-0.999269	 	399.419	 	0.999269	 	1460992	 	0.00348871	 	0.0241634	 	
5040000	-1.99716	 	1595.48	 	-0.999269	 	399.419	 	0.999269	 	1463818	 	0.00348472	 	0.0241601	 	
5050000	-1.99716	 	1595.48	 	-0.999269	 	399.419	 	0.999269	 	1466772	 	0.003481	 	0.0241593	 	
5060000	-1.99716	 	1595.48	 	-0.999269	 	399.419	 	0.999269	 	1469644	 	0.00347711	 	0.0241565	 	
5070000	-1.99716	 	1595.48	 	-0.999269	 	399.419	 	0.999269	 	1472518	 	0.00347323	 	0.0241531	 	
5080000	-1.99716	 	1595.48	 	-0.999269	 	399.419	 	0.999269	 	1475490	 	0.00346942	 	0.0241505	 	
5090000	-1.99716	 	1595.48	 	-0.999269	 	399.419	 	0.999269	 	1478338	 	0.00346561	 	0.0241482	 	
5100000	-1.99716	 	1595.48	 	-0.999269	 	399.419	 	0.999269	 	1481296	 	0.00346194	 	0.0241475	 	
5110000	-1.99716	 	1595.48	 	-0.999269	 	399.419	 	0.999269	 	1484246	 	0.00345853	 	0.0241503	 	
5120000	-1.99716	 	1595.48	 	-0.999269	 	399.419	 	0.999269	 	1487152	 	0.00345476	 	0.0241475	 	
5130000	-1.99716	 	1595.48	 	-0.999269	 	399.419	 	0.999269	 	1490040	 	0.00345112	 	0.0241464	 	
5140000	-1.99716	 	1595.48	 	-0.999269	 	399.419	 	0.999269	 	1492849	 	0.00344737	 	0.0241444	 	
5150000	-1.99716	 	1595.48	 	-0.999269	 	399.419	 	0.999269	 	1495784	 	0.00344378	 	0.024144	 	
5160000	-1.99716	 	1595.48	 	-0.999269	 	399.419	 	0.999269	 	1498672	 	0.00344014	 	0.0241421	 	
5170000	-1.99716	 	1595.48	 	-0.999269	 	399.419	 	0.999269	 	1501758	 	0.00343674	 	0.0241435	 	
5180000	-1.99716	 	1595.48	 	-0.999269	 	399.419	 	0.999269	 	1504691	 	0.0034332	 	0.0241432	 	
5190000	-1.99716	 	1595.48	 	-0.999269	 	399.419	 	0.999269	 	1507640	 	0.00342982	 	0.0241445	 	
5200000	-1.99716	 	1595.48	 	-0.999269	 	399.419	 	0.999269	 	1510456	 	0.00342621	 	0.0241414	 	
5210000	-1.99716	 	1595.48	 	-0.999269	 	399.419	 	0.999269	 	1513308	 	0.00342265	 	0.0241405	 	
5220000	-1.99716	 	1595.48	 	-0.999269	 	399.419	 	0.999269	 	1516248	 	0.00341905	 	0.0241379	 	
5230000	-1.99716	 	1595.48	 	-0.999269	 	399.419	 	0.999269	 	1519018	 	0.00341527	 	0.0241338	 	
5240000	-1.99716	 	1595.48	 	-0.999269	 	399.419	 	0.999269	 	1521858	 	0.00341163	 	0.0241303	 	
5250000	-1.99716	 	1595.48	 	-0.999269	 	399.419	 	0.999269	 	1524698	 	0.00340817	 	0.0241296	 	
5260000	-1.99716	 	1595.48	 	-0.999269	 	399.419	 	0.999269	 	1527563	 	0.00340468	 	0.0241285	 	
5270000	-1.99716	 	1595.48	 	-0.999269	 	399.419	 	0.999269	 	1530306	 	0.00340102	 	0.0241252	 	
5280000	-1.99716	 	1595.48	 	-0.999269	 	399.419	 	0.999269	 	1533140	 	0.00339762	 	0.0241246	 	
5290000	-1.99716	 	1595.48	 	-0.999269	 	399.419	 	0.999269	 	1535948	 	0.00339393	 	0.0241206	 	
5300000	-1.99716	 	1595.48	 	-0.999269	 	399.419	 	0.999269	 	1538918	 	0.00339049	 	0.0241195	 	
5310000	-1.99716	 	1595.48	 	-0.999269	 	399.419	 	0.999269	 	1541823	 	0.0033871	 	0.0241181	 	
5320000	-1.99716	 	1595.48	 	-0.999269	 	399.419	 	0.999269	 	1544740	 	0.00338398	 	0.0241199	 	
5330000	-1.99716	 	1595.48	 	-0.999269	 	399.419	 	0.999269	 	1547671	 	0.00338058	 	0.0241185	 	
5340000	-1.99716	 	1595.48	 	-0.999269	 	399.419	 	0.999269	 	1550474	 	0.00337713	 	0.0241164	 	
5350000	-1.99716	 	1595.48	 	-0.999269	 	399.419	 	0.999269	 	1553356	 	0.0033737	 	0.0241152	 	
5360000	-1.99716	 	1595.48	 	-0.999269	 	399.419	 	0.999269	 	1556308	 	0.00337025	 	0.0241132	 	
5370000	-1.99716	 	1595.48	 	-0.999269	 	399.419	 	0.999269	 	1559176	 	0.00336694	 	0.0241128	 	
5380000	-1.99716	 	1595.48	 	-0.999269	 	399.419	 	0.999269	 	1562044	 	0.00336362	 	0.0241122	 	
5390000	-1.99716	 	1595.48	 	-0.999269	 	399.419	 	0.999269	 	1564944	 	0.00336045	 	0.0241128	 	
5400000	-1.99716	 	1595.48	 	-0.999269	 	399.419	 	0.999269	 	1567770	 	0.00335726	 	0.0241134	 	
5410000	-1.99716	 	1595.48	 	-0.999269	 	399.419	 	0.999269	 	1570778	 	0.00335417	 	0.0241146	 	
5420000	-1.99716	 	1595.48	 	-0.999269	 	399.419	 	0.999269	 	1573636	 	0.00335093	 	0.0241146	 	
5430000	-1.99716	 	1595.48	 	-0.999269	 	399.419	 	0.999269	 	1576515	 	0.00334769	 	0.0241137	 	
5440000	-1.99716	 	1595.48	 	-0.999269	 	399.419	 	0.999269	 	1579466	 	0.00334455	 	0.0241137	 	
5450000	-1.99716	 	1595.48	 	-0.999269	 	399.419	 	0.999269	 	1582297	 	0.00334117	 	0.0241107	 	
5460000	-1.99716	 	1595.48	 	-0.999269	 	399.419	 	0.999269	 	1585232	 	0.00333804	 	0.0241111	 	
5470000	-1.99716	 	1595.48	 	-0.999269	 	399.419	 	0.999269	 	1588272	 	0.00333519	 	0.0241137	 	
5480000	-1.99716	 	1595.48	 	-0.999269	 	399.419	 	0.999269	 	1591206	 	0.00333209	 	0.0241131	 	
5490000	-1.99716	 	1595.48	 	-0.999269	 	399.419	 	0.999269	 	1594084	 	0.00332876	 	0.0241109	 	
5500000	-1.99716	 	1595.48	 	-0.999269	 	399.419	 	0.999269	 	1597024	 	0.0033257	 	0.0241113	 	
5510000	-1.99716	 	1595.48	 	-0.999269	 	399.419	 	0.999269	 	1599992	 	0.00332263	 	0.0241116	 	
5520000	-1.99716	 	1595.48	 	-0.999269	 	399.419	 	0.999269	 	1602884	 	0.00331962	 	0.0241112	 	
5530000	-1.99716	 	1595.48	 	-0.999269	 	399.419	 	0.999269	 	1605799	 	0.00331647	 	0.0241099	 	
5540000	-1.99716	 	1595.48	 	-0.999269	 	399.419	 	0.999269	 	1608661	 	0.00331324	 	0.0241082	 	
5550000	-1.99716	 	1595.48	 	-0.999269	 	399.419	 	0.999269	 	1611542	 	0.00331002	 	0.0241062	 	
5560000	-1.99716	 	1595.48	 	-0.999269	 	399.419	 	0.999269	 	1614472	 	0.00330717	 	0.0241063	 	
5570000	-1.99716	 	1595.48	 	-0.999269	 	399.419	 	0.999269	 	1617426	 	0.0033042	 	0.0241066	 	
5580000	-1.99716	 	1595.48	 	-0.999269	 	399.419	 	0.999269	 	1620372	 	0.00330145	 	0.0241085	 	
5590000	-1.99716	 	1595.48	 	-0.999269	 	399.419	 	0.999269	 	1623286	 	0.00329834	 	0.0241072	 	
5600000	-1.99716	 	1595.48	 	-0.999269	 	399.419	 	0.999269	 	1626198	 	0.00329538	 	0.0241073	 	
5610000	-1.99716	 	1595.48	 	-0.999269	 	399.419	 	0.999269	 	1629162	 	0.0032923	 	0.0241062	 	
5620000	-1.99715	 	1595.48	 	-0.999269	 	399.419	 	0.999269	 	1632150	 	0.00328944	 	0.0241078	 	
5630000	-1.99716	 	1595.48	 	-0.999269	 	399.419	 	0.999269	 	1634970	 	0.00328621	 	0.0241051	 	
5640000	-1.99715	 	1595.47	 	-0.999269	 	399.419	 	0.999269	 	1637958	 	0.00328339	 	0.0241076	 	
5650000	-1.99715	 	1595.47	 	-0.999269	 	399.419	 	0.999269	 	1640886	 	0.00328037	 	0.0241074	 	
5660000	-1.99715	 	1595.47	 	-0.999269	 	399.419	 	0.999269	 	1643816	 	0.00327745	 	0.0241073	 	
5670000	-1.99715	 	1595.47	 	-0.999269	 	399.419	 	0.999269	 	1646698	 	0.00327459	 	0.0241071	 	
5680000	-1.99715	 	1595.47	 	-0.999269	 	399.419	 	0.999269	 	1649648	 	0.00327159	 	0.024106	 	
5690000	-1.99715	 	1595.47	 	-0.999269	 	399.419	 	0.999269	 	1652572	 	0.00326862	 	0.024105	 	
5700000	-1.99715	 	1595.47	 	-0.999269	 	399.419	 	0.999269	 	1655518	 	0.00326566	 	0.0241042	 	
5710000	-1.99715	 	1595.47	 	-0.999269	 	399.419	 	0.999269	 	1658360	 	0.00326265	 	0.0241017	 	
5720000	-1.99715	 	1595.47	 	-0.999269	 	399.419	 	0.999269	 	1661082	 	0.00325954	 	0.0240982	 	
5730000	-1.99715	 	1595.47	 	-0.999269	 	399.419	 	0.999269	 	1663976	 	0.00325658	 	0.0240975	 	
5740000	-1.99715	 	1595.47	 	-0.999269	 	399.419	 	0.999269	 	1666994	 	0.00325353	 	0.0240958	 	
5750000	-1.99715	 	1595.47	 	-0.999269	 	399.419	 	0.999269	 	1669844	 	0.00325061	 	0.0240942	 	
5760000	-1.99715	 	1595.48	 	-0.999269	 	399.419	 	0.999269	 	1672750	 	0.00324766	 	0.0240919	 	
5770000	-1.99716	 	1595.48	 	-0.999269	 	399.419	 	0.999269	 	1675609	 	0.0032446	 	0.0240882	 	
5780000	-1.99715	 	1595.48	 	-0.999269	 	399.419	 	0.999269	 	1678434	 	0.00324172	 	0.0240879	 	
5790000	-1.99715	 	1595.48	 	-0.999269	 	399.419	 	0.999269	 	1681372	 	0.00323884	 	0.024087	 	
5800000	-1.99716	 	1595.48	 	-0.999269	 	399.419	 	0.999269	 	1684240	 	0.00323586	 	0.0240833	 	
5810000	-1.99716	 	1595.48	 	-0.999269	 	399.419	 	0.999269	 	1687121	 	0.003233	 	0.0240821	 	
5820000	-1.99716	 	1595.48	 	-0.999269	 	399.419	 	0.999269	 	1689950	 	0.00323019	 	0.0240822	 	
5830000	-1.99716	 	1595.48	 	-0.999269	 	399.419	 	0.999269	 	1692820	 	0.00322738	 	0.0240813	 	
5840000	-1.99716	 	1595.48	 	-0.999269	 	399.419	 	0.999269	 	1695792	 	0.00322457	 	0.0240814	 	
5850000	-1.99716	 	1595.48	 	-0.999269	 	399.419	 	0.999269	 	1698808	 	0.00322183	 	0.0240811	 	
5860000	-1.99716	 	1595.48	 	-0.999269	 	399.419	 	0.999269	 	1701618	 	0.00321891	 	0.0240776	 	
5870000	-1.99716	 	1595.48	 	-0.999269	 	399.419	 	0.999269	 	1704556	 	0.00321609	 	0.0240775	 	
5880000	-1.99716	 	1595.48	 	-0.999269	 	399.419	 	0.999269	 	1707506	 	0.00321324	 	0.0240752	 	
5890000	-1.99716	 	1595.48	 	-0.999269	 	399.419	 	0.999269	 	1710436	 	0.00321051	 	0.0240745	 	
5900000	-1.99716	 	1595.48	 	-0.999269	 	399.419	 	0.999269	 	1713334	 	0.00320786	 	0.0240754	 	
5910000	-1.99716	 	1595.48	 	-0.999269	 	399.419	 	0.999269	 	1716205	 	0.003205	 	0.024074	 	
5920000	-1.99716	 	1595.48	 	-0.999269	 	399.419	 	0.999269	 	1719038	 	0.00320218	 	0.0240729	 	
5930000	-1.99715	 	1595.48	 	-0.999269	 	399.419	 	0.999269	 	1721990	 	0.00319952	 	0.0240734	 	
5940000	-1.99715	 	1595.47	 	-0.999269	 	399.419	 	0.999269	 	1724969	 	0.00319679	 	0.0240724	 	
5950000	-1.99715	 	1595.48	 	-0.999269	 	399.419	 	0.999269	 	1727808	 	0.00319405	 	0.0240713	 	
5960000	-1.99715	 	1595.47	 	-0.999269	 	399.419	 	0.999269	 	1730714	 	0.0031914	 	0.0240718	 	
5970000	-1.99715	 	1595.48	 	-0.999269	 	399.419	 	0.999269	 	1733516	 	0.00318854	 	0.0240685	 	
5980000	-1.99715	 	1595.47	 	-0.999269	 	399.419	 	0.999269	 	1736524	 	0.00318603	 	0.02407	 	
5990000	-1.99715	 	1595.47	 	-0.999269	 	399.419	 	0.999269	 	1739304	 	0.00318334	 	0.0240691	 	
6000000	-1.99715	 	1595.47	 	-0.999269	 	399.419	 	0.999269	 	1742216	 	0.00318081	 	0.0240696	 	
6010000	-1.99715	 	1595.47	 	-0.999269	 	399.419	 	0.999269	 	1745118	 	0.00317812	 	0.024069	 	
6020000	-1.99715	 	1595.47	 	-0.999269	 	399.419	 	0.999269	 	1748144	 	0.00317571	 	0.0240711	 	
6030000	-1.99715	 	1595.47	 	-0.999269	 	399.419	 	0.999269	 	1750978	 	0.00317295	 	0.0240683	 	
6040000	-1.99715	 	1595.47	 	-0.999269	 	399.419	 	0.999269	 	1753930	 	0.00317037	 	0.0240686	 	
6050000	-1.99715	 	1595.47	 	-0.999269	 	399.419	 	0.999269	 	1756738	 	0.00316753	 	0.0240651	 	
6060000	-1.99715	 	1595.47	 	-0.999269	 	399.419	 	0.999269	 	1759528	 	0.00316483	 	0.024063	 	
6070000	-1.99715	 	1595.47	 	-0.999269	 	399.419	 	0.999269	 	1762404	 	0.00316226	 	0.0240629	 	
6080000	-1.99715	 	1595.47	 	-0.999269	 	399.419	 	0.999269	 	1765370	 	0.00315973	 	0.0240619	 	
6090000	-1.99715	 	1595.47	 	-0.999269	 	399.419	 	0.999269	 	1768318	 	0.00315706	 	0.0240604	 	
6100000	-1.99715	 	1595.47	 	-0.999269	 	399.419	 	0.999269	 	1771276	 	0.00315446	 	0.0240596	 	
6110000	-1.99715	 	1595.47	 	-0.999269	 	399.419	 	0.999269	 	1774106	 	0.00315173	 	0.0240571	 	
6120000	-1.99715	 	1595.47	 	-0.999269	 	399.419	 	0.999269	 	1777014	 	0.00314937	 	0.0240584	 	
6130000	-1.99715	 	1595.47	 	-0.999269	 	399.419	 	0.999269	 	1780100	 	0.00314699	 	0.0240594	 	
6140000	-1.99715	 	1595.47	 	-0.999269	 	399.419	 	0.999269	 	1783034	 	0.00314452	 	0.0240605	 	
6150000	-1.99715	 	1595.47	 	-0.999269	 	399.419	 	0.999269	 	1785990	 	0.00314202	 	0.02406	 	
6160000	-1.99715	 	1595.47	 	-0.999269	 	399.419	 	0.999269	 	1788956	 	0.0031395	 	0.0240597	 	
6170000	-1.99715	 	1595.47	 	-0.999269	 	399.419	 	0.999269	 	1791972	 	0.00313697	 	0.0240587	 	
6180000	-1.99715	 	1595.47	 	-0.999269	 	399.419	 	0.999269	 	1794832	 	0.00313439	 	0.0240568	 	
6190000	-1.99715	 	1595.47	 	-0.999269	 	399.419	 	0.999269	 	1797760	 	0.00313196	 	0.024057	 	
6200000	-1.99715	 	1595.47	 	-0.999269	 	399.419	 	0.999269	 	1800600	 	0.00312943	 	0.0240561	 	
6210000	-1.99715	 	1595.47	 	-0.999269	 	399.419	 	0.999269	 	1803552	 	0.00312698	 	0.0240558	 	
6220000	-1.99715	 	1595.47	 	-0.999269	 	399.419	 	0.999269	 	1806467	 	0.00312452	 	0.0240553	 	
6230000	-1.99715	 	1595.47	 	-0.999269	 	399.419	 	0.999269	 	1809320	 	0.00312193	 	0.0240532	 	
6240000	-1.99715	 	1595.47	 	-0.999269	 	399.419	 	0.999269	 	1812100	 	0.00311933	 	0.0240511	 	
6250000	-1.99715	 	1595.47	 	-0.999269	 	399.419	 	0.999269	 	1814932	 	0.00311654	 	0.0240461	 	
6260000	-1.99715	 	1595.47	 	-0.999269	 	399.419	 	0.999269	 	1817803	 	0.00311409	 	0.0240452	 	
6270000	-1.99715	 	1595.47	 	-0.999269	 	399.419	 	0.999269	 	1820764	 	0.00311176	 	0.0240453	 	
6280000	-1.99715	 	1595.47	 	-0.999269	 	399.419	 	0.999269	 	1823848	 	0.00310956	 	0.0240489	 	
6290000	-1.99715	 	1595.47	 	-0.999269	 	399.419	 	0.999269	 	1826892	 	0.00310718	 	0.0240491	 	
6300000	-1.99715	 	1595.47	 	-0.999269	 	399.419	 	0.999269	 	1829946	 	0.00310506	 	0.0240521	 	
6310000	-1.99715	 	1595.47	 	-0.999269	 	399.419	 	0.999269	 	1832870	 	0.00310257	 	0.0240505	 	
6320000	-1.99715	 	1595.47	 	-0.999269	 	399.419	 	0.999269	 	1835702	 	0.00310024	 	0.0240509	 	
6330000	-1.99715	 	1595.47	 	-0.999269	 	399.419	 	0.999269	 	1838626	 	0.00309781	 	0.0240496	 	
6340000	-1.99715	 	1595.47	 	-0.999269	 	399.419	 	0.999269	 	1841578	 	0.0030954	 	0.0240491	 	
6350000	-1.99715	 	1595.47	 	-0.999269	 	399.419	 	0.999269	 	1844447	 	0.00309296	 	0.0240481	 	
6360000	-1.99715	 	1595.47	 	-0.999269	 	399.419	 	0.999269	 	1847414	 	0.00309052	 	0.0240472	 	
6370000	-1.99715	 	1595.47	 	-0.999269	 	399.419	 	0.999269	 	1850351	 	0.00308831	 	0.0240484	 	
6380000	-1.99715	 	1595.47	 	-0.999269	 	399.419	 	0.999269	 	1853316	 	0.00308599	 	0.0240477	 	
6390000	-1.99715	 	1595.47	 	-0.999269	 	399.419	 	0.999269	 	1856207	 	0.0030837	 	0.0240475	 	
6400000	-1.99715	 	1595.47	 	-0.999269	 	399.419	 	0.999269	 	1859160	 	0.00308138	 	0.0240478	 	
6410000	-1.99715	 	1595.47	 	-0.999269	 	399.419	 	0.999269	 	1861996	 	0.00307902	 	0.024047	 	
6420000	-1.99715	 	1595.47	 	-0.999269	 	399.419	 	0.999269	 	1864928	 	0.00307673	 	0.0240473	 	
6430000	-1.99715	 	1595.47	 	-0.999269	 	399.419	 	0.999269	 	1867886	 	0.00307451	 	0.0240483	 	
6440000	-1.99715	 	1595.47	 	-0.999269	 	399.419	 	0.999269	 	1870904	 	0.00307232	 	0.0240491	 	
6450000	-1.99715	 	1595.47	 	-0.999269	 	399.419	 	0.999269	 	1873782	 	0.00306989	 	0.0240468	 	
6460000	-1.99715	 	1595.47	 	-0.999269	 	399.419	 	0.999269	 	1876676	 	0.00306757	 	0.0240452	 	
6470000	-1.99715	 	1595.47	 	-0.999269	 	399.419	 	0.999269	 	1879562	 	0.00306519	 	0.0240433	 	
6480000	-1.99715	 	1595.47	 	-0.999269	 	399.419	 	0.999269	 	1882382	 	0.00306253	 	0.0240377	 	
6490000	-1.99715	 	1595.47	 	-0.999269	 	399.419	 	0.999269	 	1885211	 	0.00306021	 	0.0240365	 	
6500000	-1.99715	 	1595.47	 	-0.999269	 	399.419	 	0.999269	 	1888010	 	0.0030579	 	0.0240358	 	
6510000	-1.99715	 	1595.47	 	-0.999269	 	399.419	 	0.999269	 	1891083	 	0.00305586	 	0.0240377	 	
6520000	-1.99715	 	1595.47	 	-0.999269	 	399.419	 	0.999269	 	1893870	 	0.00305343	 	0.024035	 	
6530000	-1.99715	 	1595.47	 	-0.999269	 	399.419	 	0.999269	 	1896766	 	0.00305112	 	0.0240344	 	
6540000	-1.99715	 	1595.47	 	-0.999269	 	399.419	 	0.999269	 	1899605	 	0.00304878	 	0.0240319	 	
6550000	-1.99715	 	1595.47	 	-0.999269	 	399.419	 	0.999269	 	1902502	 	0.00304645	 	0.0240301	 	
6560000	-1.99715	 	1595.47	 	-0.999269	 	399.419	 	0.999269	 	1905384	 	0.00304424	 	0.0240299	 	
6570000	-1.99715	 	1595.47	 	-0.999269	 	399.419	 	0.999269	 	1908288	 	0.00304188	 	0.0240276	 	
6580000	-1.99715	 	1595.47	 	-0.999269	 	399.419	 	0.999269	 	1911208	 	0.00303963	 	0.0240267	 	
6590000	-1.99715	 	1595.47	 	-0.999269	 	399.419	 	0.99927	 	1914090	 	0.00303724	 	0.0240237	 	
6600000	-1.99715	 	1595.47	 	-0.999269	 	399.419	 	0.99927	 	1916954	 	0.00303488	 	0.0240212	 	
6610000	-1.99715	 	1595.47	 	-0.999269	 	399.419	 	0.99927	 	1919908	 	0.0030327	 	0.0240207	 	
6620000	-1.99715	 	1595.47	 	-0.999269	 	399.419	 	0.99927	 	1922961	 	0.00303052	 	0.0240202	 	
6630000	-1.99715	 	1595.47	 	-0.999269	 	399.419	 	0.999269	 	1926038	 	0.00302858	 	0.0240223	 	
6640000	-1.99715	 	1595.47	 	-0.999269	 	399.419	 	0.99927	 	1928892	 	0.00302629	 	0.0240204	 	
6650000	-1.99715	 	1595.47	 	-0.999269	 	399.419	 	0.99927	 	1931859	 	0.00302413	 	0.0240197	 	
6660000	-1.99715	 	1595.47	 	-0.999269	 	399.419	 	0.99927	 	1934816	 	0.00302203	 	0.0240196	 	
6670000	-1.99715	 	1595.47	 	-0.99927	 	399.419	 	0.99927	 	1937598	 	0.00301964	 	0.0240159	 	
6680000	-1.99715	 	1595.47	 	-0.999269	 	399.419	 	0.99927	 	1940656	 	0.00301763	 	0.0240169	 	
6690000	-1.99715	 	1595.47	 	-0.999269	 	399.419	 	0.99927	 	1943508	 	0.00301551	 	0.0240155	 	
6700000	-1.99715	 	1595.47	 	-0.999269	 	399.419	 	0.99927	 	1946420	 	0.00301339	 	0.0240151	 	
6710000	-1.99715	 	1595.47	 	-0.999269	 	399.419	 	0.99927	 	1949396	 	0.00301127	 	0.0240146	 	
6720000	-1.99715	 	1595.47	 	-0.999269	 	399.419	 	0.99927	 	1952162	 	0.00300911	 	0.0240137	 	
6730000	-1.99715	 	1595.47	 	-0.999269	 	399.419	 	0.99927	 	1955120	 	0.00300713	 	0.0240143	 	
6740000	-1.99715	 	1595.47	 	-0.999269	 	399.419	 	0.99927	 	1958050	 	0.00300487	 	0.0240117	 	
6750000	-1.99715	 	1595.47	 	-0.99927	 	399.419	 	0.99927	 	1960790	 	0.00300266	 	0.0240101	 	
6760000	-1.99715	 	1595.47	 	-0.99927	 	399.419	 	0.99927	 	1963724	 	0.00300061	 	0.0240097	 	
6770000	-1.99715	 	1595.47	 	-0.99927	 	399.419	 	0.99927	 	1966610	 	0.00299838	 	0.0240078	 	
6780000	-1.99715	 	1595.47	 	-0.99927	 	399.419	 	0.99927	 	1969543	 	0.00299631	 	0.0240077	 	
6790000	-1.99715	 	1595.47	 	-0.99927	 	399.419	 	0.99927	 	1972372	 	0.00299414	 	0.0240059	 	
6800000	-1.99715	 	1595.47	 	-0.99927	 	399.419	 	0.99927	 	1975340	 	0.00299199	 	0.024005	 	
6810000	-1.99715	 	1595.47	 	-0.99927	 	399.419	 	0.99927	 	1978352	 	0.00298993	 	0.0240053	 	
6820000	-1.99715	 	1595.47	 	-0.999269	 	399.419	 	0.99927	 	1981292	 	0.00298798	 	0.0240059	 	
6830000	-1.99715	 	1595.47	 	-0.99927	 	399.419	 	0.99927	 	1984204	 	0.00298585	 	0.024004	 	
6840000	-1.99715	 	1595.47	 	-0.999269	 	399.419	 	0.99927	 	1987254	 	0.00298404	 	0.0240058	 	
6850000	-1.99715	 	1595.47	 	-0.999269	 	399.419	 	0.99927	 	1990128	 	0.00298195	 	0.0240052	 	
6860000	-1.99715	 	1595.47	 	-0.999269	 	399.419	 	0.99927	 	1993131	 	0.00297986	 	0.0240037	 	
6870000	-1.99715	 	1595.47	 	-0.999269	 	399.419	 	0.999269	 	1996098	 	0.00297791	 	0.0240035	 	
6880000	-1.99715	 	1595.47	 	-0.999269	 	399.419	 	0.999269	 	1999074	 	0.00297594	 	0.0240038	 	
6890000	-1.99715	 	1595.47	 	-0.999269	 	399.419	 	0.999269	 	2002054	 	0.00297401	 	0.0240045	 	
6900000	-1.99715	 	1595.47	 	-0.999269	 	399.419	 	0.999269	 	2004968	 	0.00297187	 	0.0240021	 	
6910000	-1.99715	 	1595.47	 	-0.999269	 	399.419	 	0.99927	 	2007746	 	0.00296965	 	0.0239989	 	
6920000	-1.99715	 	1595.47	 	-0.99927	 	399.419	 	0.99927	 	2010516	 	0.00296746	 	0.0239959	 	
6930000	-1.99715	 	1595.47	 	-0.99927	 	399.419	 	0.99927	 	2013466	 	0.00296545	 	0.0239945	 	
6940000	-1.99715	 	1595.47	 	-0.99927	 	399.419	 	0.99927	 	2016376	 	0.00296347	 	0.0239937	 	
6950000	-1.99715	 	1595.47	 	-0.99927	 	399.419	 	0.99927	 	2019164	 	0.00296133	 	0.0239914	 	
6960000	-1.99715	 	1595.47	 	-0.99927	 	399.419	 	0.99927	 	2022042	 	0.00295927	 	0.0239899	 	
6970000	-1.99715	 	1595.47	 	-0.99927	 	399.419	 	0.99927	 	2024908	 	0.00295717	 	0.0239877	 	
6980000	-1.99715	 	1595.47	 	-0.99927	 	399.419	 	0.99927	 	2027844	 	0.00295516	 	0.023987	 	
6990000	-1.99715	 	1595.47	 	-0.99927	 	399.419	 	0.99927	 	2030900	 	0.00295327	 	0.023988	 	
7000000	-1.99715	 	1595.47	 	-0.99927	 	399.419	 	0.99927	 	2033846	 	0.0029515	 	0.0239898	 	
7010000	-1.99715	 	1595.47	 	-0.99927	 	399.419	 	0.99927	 	2036944	 	0.00294969	 	0.0239916	 	
7020000	-1.99715	 	1595.47	 	-0.99927	 	399.419	 	0.99927	 	2039848	 	0.00294771	 	0.0239912	 	
7030000	-1.99715	 	1595.47	 	-0.99927	 	399.419	 	0.99927	 	2042735	 	0.00294569	 	0.02399	 	
7040000	-1.99715	 	1595.47	 	-0.99927	 	399.419	 	0.99927	 	2045610	 	0.00294371	 	0.0239888	 	
7050000	-1.99715	 	1595.47	 	-0.99927	 	399.419	 	0.99927	 	2048460	 	0.00294173	 	0.023987	 	
7060000	-1.99715	 	1595.47	 	-0.99927	 	399.419	 	0.99927	 	2051368	 	0.00293954	 	0.0239833	 	
7070000	-1.99715	 	1595.47	 	-0.99927	 	399.419	 	0.99927	 	2054262	 	0.00293757	 	0.0239817	 	
7080000	-1.99715	 	1595.47	 	-0.99927	 	399.419	 	0.99927	 	2057100	 	0.00293563	 	0.0239805	 	
7090000	-1.99715	 	1595.47	 	-0.99927	 	399.419	 	0.99927	 	2059892	 	0.00293371	 	0.0239795	 	
7100000	-1.99715	 	1595.47	 	-0.99927	 	399.419	 	0.99927	 	2062894	 	0.00293192	 	0.0239805	 	
7110000	-1.99715	 	1595.47	 	-0.99927	 	399.419	 	0.99927	 	2065802	 	0.00293001	 	0.0239804	 	
7120000	-1.99715	 	1595.47	 	-0.99927	 	399.419	 	0.99927	 	2068818	 	0.00292818	 	0.0239811	 	
7130000	-1.99715	 	1595.47	 	-0.99927	 	399.419	 	0.99927	 	2071783	 	0.00292625	 	0.0239804	 	
7140000	-1.99715	 	1595.47	 	-0.99927	 	399.419	 	0.99927	 	2074892	 	0.00292436	 	0.0239798	 	
7150000	-1.99715	 	1595.47	 	-0.99927	 	399.419	 	0.99927	 	2077835	 	0.00292254	 	0.0239802	 	
7160000	-1.99715	 	1595.47	 	-0.99927	 	399.419	 	0.99927	 	2080834	 	0.00292068	 	0.0239804	 	
7170000	-1.99715	 	1595.47	 	-0.99927	 	399.419	 	0.99927	 	2083842	 	0.00291883	 	0.0239796	 	
7180000	-1.99715	 	1595.47	 	-0.99927	 	399.419	 	0.99927	 	2086688	 	0.00291686	 	0.0239773	 	
7190000	-1.99715	 	1595.47	 	-0.99927	 	399.419	 	0.99927	 	2089602	 	0.0029151	 	0.0239779	 	
7200000	-1.99715	 	1595.47	 	-0.99927	 	399.419	 	0.99927	 	2092362	 	0.0029131	 	0.0239756	 	
7210000	-1.99715	 	1595.47	 	-0.99927	 	399.419	 	0.99927	 	2095184	 	0.00291131	 	0.023975	 	
7220000	-1.99715	 	1595.47	 	-0.99927	 	399.419	 	0.99927	 	2098288	 	0.00290973	 	0.0239778	 	
7230000	-1.99715	 	1595.47	 	-0.99927	 	399.419	 	0.99927	 	2101092	 	0.0029077	 	0.0239746	 	
7240000	-1.99715	 	1595.47	 	-0.99927	 	399.419	 	0.99927	 	2104096	 	0.0029059	 	0.023974	 	
7250000	-1.99715	 	1595.47	 	-0.99927	 	399.419	 	0.99927	 	2106928	 	0.00290385	 	0.0239705	 	
7260000	-1.99715	 	1595.47	 	-0.99927	 	399.419	 	0.99927	 	2109878	 	0.00290204	 	0.0239704	 	
7270000	-1.99715	 	1595.47	 	-0.99927	 	399.419	 	0.99927	 	2112674	 	0.00290008	 	0.0239677	 	
7280000	-1.99715	 	1595.47	 	-0.99927	 	399.419	 	0.99927	 	2115668	 	0.00289833	 	0.023968	 	
7290000	-1.99715	 	1595.47	 	-0.99927	 	399.419	 	0.99927	 	2118592	 	0.00289656	 	0.0239679	 	
7300000	-1.99715	 	1595.47	 	-0.99927	 	399.419	 	0.99927	 	2121490	 	0.00289471	 	0.0239667	 	
7310000	-1.99715	 	1595.47	 	-0.99927	 	399.419	 	0.99927	 	2124386	 	0.00289283	 	0.0239645	 	
7320000	-1.99715	 	1595.47	 	-0.99927	 	399.419	 	0.99927	 	2127221	 	0.00289122	 	0.0239662	 	
7330000	-1.99715	 	1595.47	 	-0.99927	 	399.419	 	0.99927	 	2130090	 	0.00288946	 	0.0239665	 	
7340000	-1.99715	 	1595.47	 	-0.99927	 	399.419	 	0.99927	 	2132960	 	0.00288762	 	0.0239655	 	
7350000	-1.99715	 	1595.47	 	-0.99927	 	399.419	 	0.99927	 	2135862	 	0.00288565	 	0.0239626	 	
7360000	-1.99715	 	1595.47	 	-0.99927	 	399.419	 	0.99927	 	2138834	 	0.00288386	 	0.0239618	 	
7370000	-1.99715	 	1595.47	 	-0.99927	 	399.419	 	0.99927	 	2141656	 	0.00288189	 	0.0239585	 	
7380000	-1.99715	 	1595.47	 	-0.99927	 	399.419	 	0.99927	 	2144646	 	0.00288025	 	0.0239603	 	
7390000	-1.99715	 	1595.47	 	-0.99927	 	399.419	 	0.99927	 	2147726	 	0.0028786	 	0.0239611	 	
7400000	-1.99715	 	1595.47	 	-0.99927	 	399.419	 	0.99927	 	2150629	 	0.00287673	 	0.0239591	 	
7410000	-1.99715	 	1595.47	 	-0.99927	 	399.419	 	0.99927	 	2153459	 	0.00287491	 	0.0239571	 	
7420000	-1.99715	 	1595.47	 	-0.99927	 	399.419	 	0.99927	 	2156500	 	0.00287323	 	0.0239578	 	
7430000	-1.99715	 	1595.47	 	-0.99927	 	399.419	 	0.99927	 	2159351	 	0.00287139	 	0.0239554	 	
7440000	-1.99715	 	1595.47	 	-0.99927	 	399.419	 	0.99927	 	2162228	 	0.00286968	 	0.0239552	 	
7450000	-1.99715	 	1595.47	 	-0.99927	 	399.419	 	0.99927	 	2165298	 	0.00286799	 	0.0239556	 	
7460000	-1.99715	 	1595.47	 	-0.99927	 	399.419	 	0.99927	 	2168260	 	0.00286639	 	0.0239573	 	
7470000	-1.99715	 	1595.47	 	-0.99927	 	399.419	 	0.99927	 	2171088	 	0.00286458	 	0.023956	 	
7480000	-1.99715	 	1595.47	 	-0.99927	 	399.419	 	0.99927	 	2174084	 	0.00286279	 	0.0239551	 	
7490000	-1.99715	 	1595.47	 	-0.99927	 	399.419	 	0.99927	 	2177008	 	0.00286099	 	0.0239535	 	
7500000	-1.99715	 	1595.47	 	-0.99927	 	399.419	 	0.99927	 	2179798	 	0.0028592	 	0.0239514	 	
7510000	-1.99715	 	1595.47	 	-0.99927	 	399.419	 	0.99927	 	2182859	 	0.00285753	 	0.0239512	 	
7520000	-1.99715	 	1595.47	 	-0.99927	 	399.419	 	0.99927	 	2185722	 	0.00285586	 	0.0239505	 	
7530000	-1.99715	 	1595.47	 	-0.99927	 	399.419	 	0.99927	 	2188518	 	0.00285411	 	0.0239493	 	
7540000	-1.99715	 	1595.47	 	-0.99927	 	399.419	 	0.99927	 	2191266	 	0.00285227	 	0.023947	 	
7550000	-1.99715	 	1595.47	 	-0.99927	 	399.419	 	0.99927	 	2194124	 	0.00285057	 	0.0239456	 	
7560000	-1.99715	 	1595.47	 	-0.99927	 	399.419	 	0.99927	 	2196998	 	0.00284901	 	0.023947	 	
7570000	-1.99715	 	1595.47	 	-0.99927	 	399.419	 	0.99927	 	2199854	 	0.00284733	 	0.0239461	 	
7580000	-1.99715	 	1595.47	 	-0.99927	 	399.419	 	0.99927	 	2202776	 	0.00284574	 	0.0239462	 	
7590000	-1.99715	 	1595.47	 	-0.99927	 	399.419	 	0.99927	 	2205672	 	0.00284406	 	0.023946	 	
7600000	-1.99715	 	1595.47	 	-0.99927	 	399.419	 	0.99927	 	2208590	 	0.00284244	 	0.0239453	 	
7610000	-1.99715	 	1595.47	 	-0.99927	 	399.419	 	0.99927	 	2211438	 	0.00284076	 	0.0239447	 	
7620000	-1.99715	 	1595.47	 	-0.99927	 	399.419	 	0.99927	 	2214232	 	0.00283911	 	0.0239447	 	
7630000	-1.99715	 	1595.47	 	-0.99927	 	399.419	 	0.99927	 	2217238	 	0.00283768	 	0.0239472	 	
7640000	-1.99715	 	1595.47	 	-0.99927	 	399.419	 	0.99927	 	2220048	 	0.00283599	 	0.0239459	 	
7650000	-1.99715	 	1595.47	 	-0.99927	 	399.419	 	0.99927	 	2222946	 	0.00283424	 	0.0239437	 	
7660000	-1.99715	 	1595.47	 	-0.99927	 	399.419	 	0.99927	 	2225938	 	0.00283287	 	0.0239468	 	
7670000	-1.99715	 	1595.47	 	-0.99927	 	399.419	 	0.99927	 	2228736	 	0.0028312	 	0.0239458	 	
7680000	-1.99715	 	1595.47	 	-0.99927	 	399.419	 	0.99927	 	2231698	 	0.00282964	 	0.0239458	 	
7690000	-1.99715	 	1595.47	 	-0.99927	 	399.419	 	0.99927	 	2234556	 	0.00282813	 	0.0239468	 	
7700000	-1.99715	 	1595.47	 	-0.99927	 	399.419	 	0.99927	 	2237507	 	0.0028264	 	0.0239446	 	
7710000	-1.99715	 	1595.47	 	-0.99927	 	399.419	 	0.99927	 	2240430	 	0.00282473	 	0.0239432	 	
7720000	-1.99715	 	1595.47	 	-0.99927	 	399.419	 	0.99927	 	2243358	 	0.00282316	 	0.0239436	 	
7730000	-1.99715	 	1595.47	 	-0.99927	 	399.419	 	0.99927	 	2246206	 	0.00282146	 	0.0239415	 	
7740000	-1.99715	 	1595.47	 	-0.99927	 	399.419	 	0.99927	 	2249240	 	0.00281997	 	0.0239421	 	
7750000	-1.99715	 	1595.47	 	-0.99927	 	399.419	 	0.99927	 	2252210	 	0.00281844	 	0.0239424	 	
7760000	-1.99715	 	1595.47	 	-0.99927	 	399.419	 	0.99927	 	2255184	 	0.00281709	 	0.0239446	 	
7770000	-1.99715	 	1595.47	 	-0.99927	 	399.419	 	0.99927	 	2258080	 	0.00281548	 	0.0239441	 	
7780000	-1.99715	 	1595.47	 	-0.99927	 	399.419	 	0.99927	 	2260842	 	0.00281392	 	0.0239441	 	
7790000	-1.99715	 	1595.47	 	-0.99927	 	399.419	 	0.99927	 	2263776	 	0.00281228	 	0.0239425	 	
7800000	-1.99715	 	1595.47	 	-0.99927	 	399.419	 	0.99927	 	2266560	 	0.00281054	 	0.02394	 	
7810000	-1.99715	 	1595.47	 	-0.99927	 	399.419	 	0.99927	 	2269238	 	0.00280872	 	0.0239361	 	
7820000	-1.99715	 	1595.47	 	-0.99927	 	399.419	 	0.99927	 	2272202	 	0.00280725	 	0.0239376	 	
7830000	-1.99715	 	1595.47	 	-0.99927	 	399.419	 	0.99927	 	2275136	 	0.0028057	 	0.023937	 	
7840000	-1.99715	 	1595.47	 	-0.99927	 	399.419	 	0.99927	 	2278062	 	0.00280404	 	0.0239355	 	
7850000	-1.99715	 	1595.47	 	-0.99927	 	399.419	 	0.99927	 	2280985	 	0.00280242	 	0.0239343	 	
7860000	-1.99715	 	1595.47	 	-0.99927	 	399.419	 	0.99927	 	2283959	 	0.00280089	 	0.0239342	 	
7870000	-1.99715	 	1595.47	 	-0.99927	 	399.419	 	0.99927	 	2286990	 	0.00279946	 	0.0239358	 	
7880000	-1.99715	 	1595.47	 	-0.99927	 	399.419	 	0.99927	 	2289860	 	0.00279799	 	0.0239367	 	
7890000	-1.99715	 	1595.47	 	-0.99927	 	399.419	 	0.99927	 	2292706	 	0.00279638	 	0.023935	 	
7900000	-1.99715	 	1595.47	 	-0.99927	 	399.419	 	0.99927	 	2295548	 	0.00279481	 	0.0239344	 	
7910000	-1.99715	 	1595.47	 	-0.99927	 	399.419	 	0.99927	 	2298514	 	0.00279329	 	0.0239337	 	
7920000	-1.99715	 	1595.47	 	-0.99927	 	399.419	 	0.99927	 	2301372	 	0.00279187	 	0.0239343	 	
7930000	-1.99715	 	1595.47	 	-0.99927	 	399.419	 	0.99927	 	2304174	 	0.00279023	 	0.0239321	 	
7940000	-1.99715	 	1595.47	 	-0.99927	 	399.419	 	0.99927	 	2307114	 	0.00278877	 	0.0239326	 	
7950000	-1.99715	 	1595.47	 	-0.99927	 	399.419	 	0.99927	 	2310074	 	0.00278731	 	0.0239326	 	
7960000	-1.99715	 	1595.47	 	-0.99927	 	399.419	 	0.99927	 	2313022	 	0.00278582	 	0.0239321	 	
7970000	-1.99715	 	1595.47	 	-0.99927	 	399.419	 	0.99927	 	2315942	 	0.00278423	 	0.023931	 	
7980000	-1.99715	 	1595.47	 	-0.99927	 	399.419	 	0.99927	 	2318913	 	0.00278273	 	0.0239306	 	
7990000	-1.99715	 	1595.47	 	-0.99927	 	399.419	 	0.99927	 	2321828	 	0.00278132	 	0.023931	 	
8000000	-1.99715	 	1595.47	 	-0.99927	 	399.419	 	0.99927	 	2324618	 	0.00277967	 	0.0239288	 	
8010000	-1.99715	 	1595.47	 	-0.99927	 	399.419	 	0.99927	 	2327564	 	0.00277831	 	0.0239297	 	
8020000	-1.99715	 	1595.47	 	-0.99927	 	399.419	 	0.99927	 	2330440	 	0.00277685	 	0.0239299	 	
8030000	-1.99715	 	1595.47	 	-0.99927	 	399.419	 	0.99927	 	2333428	 	0.00277538	 	0.0239296	 	
8040000	-1.99715	 	1595.47	 	-0.99927	 	399.419	 	0.99927	 	2336234	 	0.0027738	 	0.0239275	 	
8050000	-1.99715	 	1595.47	 	-0.99927	 	399.419	 	0.99927	 	2339210	 	0.00277238	 	0.0239277	 	
8060000	-1.99715	 	1595.47	 	-0.99927	 	399.419	 	0.99927	 	2342246	 	0.00277102	 	0.0239291	 	
8070000	-1.99715	 	1595.47	 	-0.99927	 	399.419	 	0.99927	 	2345198	 	0.00276959	 	0.0239298	 	
8080000	-1.99715	 	1595.47	 	-0.99927	 	399.419	 	0.99927	 	2348258	 	0.00276845	 	0.0239334	 	
8090000	-1.99715	 	1595.47	 	-0.99927	 	399.419	 	0.99927	 	2351342	 	0.00276715	 	0.0239352	 	
8100000	-1.99715	 	1595.47	 	-0.99927	 	399.419	 	0.99927	 	2354152	 	0.00276556	 	0.023933	 	
8110000	-1.99715	 	1595.47	 	-0.99927	 	399.419	 	0.99927	 	2357010	 	0.00276406	 	0.0239322	 	
8120000	-1.99715	 	1595.47	 	-0.99927	 	399.419	 	0.99927	 	2359840	 	0.00276257	 	0.0239313	 	
8130000	-1.99715	 	1595.47	 	-0.99927	 	399.419	 	0.99927	 	2362778	 	0.00276108	 	0.0239303	 	
8140000	-1.99715	 	1595.47	 	-0.99927	 	399.419	 	0.99927	 	2365768	 	0.00275975	 	0.0239312	 	
8150000	-1.99715	 	1595.47	 	-0.99927	 	399.419	 	0.99927	 	2368728	 	0.0027583	 	0.0239306	 	
8160000	-1.99715	 	1595.47	 	-0.99927	 	399.419	 	0.99927	 	2371702	 	0.00275695	 	0.0239309	 	
8170000	-1.99715	 	1595.47	 	-0.99927	 	399.419	 	0.99927	 	2374598	 	0.00275534	 	0.0239283	 	
8180000	-1.99715	 	1595.47	 	-0.99927	 	399.419	 	0.99927	 	2377370	 	0.00275365	 	0.0239245	 	
8190000	-1.99715	 	1595.47	 	-0.99927	 	399.419	 	0.99927	 	2380356	 	0.00275226	 	0.0239245	 	
8200000	-1.99715	 	1595.47	 	-0.99927	 	399.419	 	0.99927	 	2383194	 	0.00275065	 	0.0239217	 	
8210000	-1.99715	 	1595.47	 	-0.99927	 	399.419	 	0.99927	 	2386092	 	0.00274924	 	0.0239215	 	
8220000	-1.99715	 	1595.47	 	-0.99927	 	399.419	 	0.99927	 	2389000	 	0.00274777	 	0.0239198	 	
8230000	-1.99715	 	1595.47	 	-0.99927	 	399.419	 	0.99927	 	2391954	 	0.00274623	 	0.0239174	 	
8240000	-1.99715	 	1595.47	 	-0.99927	 	399.419	 	0.99927	 	2394774	 	0.00274479	 	0.0239167	 	
8250000	-1.99715	 	1595.47	 	-0.99927	 	399.419	 	0.99927	 	2397562	 	0.00274335	 	0.0239163	 	
8260000	-1.99715	 	1595.47	 	-0.99927	 	399.419	 	0.99927	 	2400548	 	0.00274208	 	0.0239176	 	
8270000	-1.99715	 	1595.47	 	-0.99927	 	399.419	 	0.99927	 	2403536	 	0.00274062	 	0.0239163	 	
8280000	-1.99715	 	1595.47	 	-0.99927	 	399.419	 	0.99927	 	2406342	 	0.0027391	 	0.0239142	 	
8290000	-1.99715	 	1595.47	 	-0.99927	 	399.419	 	0.99927	 	2409139	 	0.00273742	 	0.0239104	 	
8300000	-1.99715	 	1595.47	 	-0.99927	 	399.419	 	0.99927	 	2411918	 	0.00273591	 	0.0239085	 	
8310000	-1.99715	 	1595.47	 	-0.99927	 	399.419	 	0.99927	 	2414778	 	0.00273452	 	0.0239083	 	
8320000	-1.99715	 	1595.47	 	-0.99927	 	399.419	 	0.99927	 	2417630	 	0.00273304	 	0.0239066	 	
8330000	-1.99715	 	1595.47	 	-0.99927	 	399.419	 	0.999271	 	2420362	 	0.00273147	 	0.0239037	 	
8340000	-1.99715	 	1595.47	 	-0.99927	 	399.419	 	0.999271	 	2423228	 	0.00272993	 	0.0239015	 	
8350000	-1.99715	 	1595.47	 	-0.99927	 	399.419	 	0.999271	 	2426226	 	0.00272865	 	0.0239023	 	
8360000	-1.99715	 	1595.47	 	-0.99927	 	399.419	 	0.99927	 	2429194	 	0.00272728	 	0.0239022	 	
8370000	-1.99715	 	1595.47	 	-0.99927	 	399.419	 	0.999271	 	2432116	 	0.00272588	 	0.0239013	 	
8380000	-1.99715	 	1595.47	 	-0.99927	 	399.419	 	0.999271	 	2435032	 	0.00272445	 	0.0239001	 	
8390000	-1.99715	 	1595.47	 	-0.99927	 	399.419	 	0.999271	 	2438018	 	0.00272314	 	0.0239001	 	
8400000	-1.99715	 	1595.47	 	-0.999271	 	399.419	 	0.999271	 	2440784	 	0.00272164	 	0.0238974	 	
8410000	-1.99715	 	1595.47	 	-0.999271	 	399.419	 	0.999271	 	2443714	 	0.0027203	 	0.0238973	 	
8420000	-1.99715	 	1595.47	 	-0.999271	 	399.419	 	0.999271	 	2446696	 	0.002719	 	0.0238974	 	
8430000	-1.99715	 	1595.47	 	-0.999271	 	399.419	 	0.999271	 	2449607	 	0.00271761	 	0.0238965	 	
8440000	-1.99715	 	1595.47	 	-0.99927	 	399.419	 	0.999271	 	2452480	 	0.00271637	 	0.0238974	 	
8450000	-1.99715	 	1595.47	 	-0.99927	 	399.419	 	0.999271	 	2455554	 	0.00271517	 	0.0238989	 	
8460000	-1.99715	 	1595.47	 	-0.99927	 	399.419	 	0.999271	 	2458338	 	0.00271386	 	0.0238992	 	
8470000	-1.99715	 	1595.47	 	-0.99927	 	399.419	 	0.99927	 	2461306	 	0.00271261	 	0.0238996	 	
8480000	-1.99715	 	1595.47	 	-0.99927	 	399.419	 	0.99927	 	2464184	 	0.00271123	 	0.0238989	 	
8490000	-1.99715	 	1595.47	 	-0.99927	 	399.419	 	0.999271	 	2467006	 	0.00270984	 	0.0238981	 	
8500000	-1.99715	 	1595.47	 	-0.99927	 	399.419	 	0.999271	 	2469946	 	0.00270845	 	0.0238967	 	
8510000	-1.99715	 	1595.47	 	-0.99927	 	399.419	 	0.999271	 	2472894	 	0.00270704	 	0.0238952	 	
8520000	-1.99715	 	1595.47	 	-0.999271	 	399.419	 	0.999271	 	2475842	 	0.00270569	 	0.0238941	 	
8530000	-1.99715	 	1595.47	 	-0.999271	 	399.419	 	0.999271	 	2478800	 	0.00270431	 	0.0238933	 	
8540000	-1.99715	 	1595.47	 	-0.99927	 	399.419	 	0.999271	 	2481730	 	0.00270296	 	0.0238925	 	
8550000	-1.99715	 	1595.47	 	-0.99927	 	399.419	 	0.999271	 	2484729	 	0.00270175	 	0.0238928	 	
8560000	-1.99715	 	1595.47	 	-0.99927	 	399.419	 	0.99927	 	2487662	 	0.00270057	 	0.0238936	 	
8570000	-1.99715	 	1595.47	 	-0.99927	 	399.419	 	0.99927	 	2490586	 	0.00269926	 	0.0238932	 	
8580000	-1.99715	 	1595.47	 	-0.99927	 	399.419	 	0.99927	 	2493496	 	0.00269792	 	0.0238924	 	
8590000	-1.99715	 	1595.47	 	-0.99927	 	399.419	 	0.99927	 	2496476	 	0.0026968	 	0.0238949	 	
8600000	-1.99715	 	1595.47	 	-0.99927	 	399.419	 	0.99927	 	2499334	 	0.00269542	 	0.0238936	 	
8610000	-1.99715	 	1595.47	 	-0.99927	 	399.419	 	0.99927	 	2502278	 	0.00269415	 	0.023893	 	
8620000	-1.99715	 	1595.47	 	-0.99927	 	399.419	 	0.99927	 	2505239	 	0.00269293	 	0.0238935	 	
8630000	-1.99715	 	1595.47	 	-0.99927	 	399.419	 	0.99927	 	2508128	 	0.00269167	 	0.0238937	 	
8640000	-1.99715	 	1595.47	 	-0.99927	 	399.419	 	0.99927	 	2511026	 	0.00269038	 	0.0238932	 	
8650000	-1.99715	 	1595.47	 	-0.99927	 	399.419	 	0.99927	 	2513946	 	0.0026892	 	0.0238938	 	
8660000	-1.99715	 	1595.47	 	-0.99927	 	399.419	 	0.99927	 	2516940	 	0.0026879	 	0.0238933	 	
8670000	-1.99715	 	1595.47	 	-0.99927	 	399.419	 	0.99927	 	2519740	 	0.00268647	 	0.0238909	 	
8680000	-1.99715	 	1595.47	 	-0.99927	 	399.419	 	0.99927	 	2522628	 	0.00268517	 	0.0238907	 	
8690000	-1.99715	 	1595.47	 	-0.99927	 	399.419	 	0.99927	 	2525460	 	0.00268382	 	0.0238888	 	
8700000	-1.99715	 	1595.47	 	-0.99927	 	399.419	 	0.99927	 	2528395	 	0.0026826	 	0.0238888	 	
8710000	-1.99715	 	1595.47	 	-0.99927	 	399.419	 	0.99927	 	2531438	 	0.00268153	 	0.0238903	 	
8720000	-1.99715	 	1595.47	 	-0.99927	 	399.419	 	0.99927	 	2534328	 	0.00268018	 	0.0238891	 	
8730000	-1.99715	 	1595.47	 	-0.99927	 	399.419	 	0.99927	 	2537208	 	0.00267888	 	0.0238883	 	
8740000	-1.99715	 	1595.47	 	-0.99927	 	399.419	 	0.99927	 	2540224	 	0.00267775	 	0.0238899	 	
8750000	-1.99715	 	1595.47	 	-0.99927	 	399.419	 	0.99927	 	2543100	 	0.00267649	 	0.0238897	 	
8760000	-1.99715	 	1595.47	 	-0.99927	 	399.419	 	0.99927	 	2545974	 	0.00267525	 	0.023889	 	
8770000	-1.99715	 	1595.47	 	-0.99927	 	399.419	 	0.99927	 	2548939	 	0.00267405	 	0.0238892	 	
8780000	-1.99715	 	1595.47	 	-0.99927	 	399.419	 	0.99927	 	2551770	 	0.00267267	 	0.0238868	 	
8790000	-1.99715	 	1595.47	 	-0.99927	 	399.419	 	0.99927	 	2554718	 	0.0026714	 	0.0238858	 	
8800000	-1.99715	 	1595.47	 	-0.99927	 	399.419	 	0.99927	 	2557574	 	0.00267004	 	0.0238838	 	
8810000	-1.99715	 	1595.47	 	-0.99927	 	399.419	 	0.99927	 	2560604	 	0.00266889	 	0.0238844	 	
8820000	-1.99715	 	1595.47	 	-0.99927	 	399.419	 	0.99927	 	2563506	 	0.00266769	 	0.0238844	 	
8830000	-1.99715	 	1595.47	 	-0.99927	 	399.419	 	0.99927	 	2566458	 	0.00266646	 	0.0238846	 	
8840000	-1.99715	 	1595.47	 	-0.99927	 	399.419	 	0.99927	 	2569120	 	0.00266506	 	0.0238816	 	
8850000	-1.99715	 	1595.47	 	-0.99927	 	399.419	 	0.99927	 	2572034	 	0.00266381	 	0.023881	 	
8860000	-1.99715	 	1595.47	 	-0.99927	 	399.419	 	0.99927	 	2575016	 	0.0026627	 	0.0238817	 	
8870000	-1.99715	 	1595.47	 	-0.99927	 	399.419	 	0.999271	 	2577838	 	0.00266135	 	0.0238796	 	
8880000	-1.99715	 	1595.47	 	-0.99927	 	399.419	 	0.99927	 	2580712	 	0.00266013	 	0.0238798	 	
8890000	-1.99715	 	1595.47	 	-0.99927	 	399.419	 	0.99927	 	2583656	 	0.00265883	 	0.0238784	 	
8900000	-1.99715	 	1595.47	 	-0.99927	 	399.419	 	0.99927	 	2586675	 	0.00265756	 	0.0238773	 	
8910000	-1.99715	 	1595.47	 	-0.99927	 	399.419	 	0.99927	 	2589494	 	0.00265632	 	0.0238761	 	
8920000	-1.99715	 	1595.47	 	-0.99927	 	399.419	 	0.99927	 	2592504	 	0.0026552	 	0.0238765	 	
8930000	-1.99715	 	1595.47	 	-0.99927	 	399.419	 	0.99927	 	2595496	 	0.00265403	 	0.0238765	 	
8940000	-1.99715	 	1595.47	 	-0.99927	 	399.419	 	0.99927	 	2598498	 	0.00265284	 	0.0238765	 	
8950000	-1.99715	 	1595.47	 	-0.99927	 	399.419	 	0.99927	 	2601330	 	0.00265159	 	0.0238756	 	
8960000	-1.99715	 	1595.47	 	-0.99927	 	399.419	 	0.99927	 	2604114	 	0.00265037	 	0.0238748	 	
8970000	-1.99715	 	1595.47	 	-0.99927	 	399.419	 	0.99927	 	2607042	 	0.00264913	 	0.023874	 	
8980000	-1.99715	 	1595.47	 	-0.99927	 	399.419	 	0.99927	 	2609894	 	0.00264785	 	0.0238725	 	
8990000	-1.99715	 	1595.47	 	-0.99927	 	399.419	 	0.999271	 	2612828	 	0.00264672	 	0.0238719	 	
9000000	-1.99715	 	1595.47	 	-0.999271	 	399.419	 	0.999271	 	2615634	 	0.0026454	 	0.0238694	 	
9010000	-1.99715	 	1595.47	 	-0.999271	 	399.419	 	0.999271	 	2618472	 	0.0026441	 	0.0238674	 	
9020000	-1.99715	 	1595.47	 	-0.999271	 	399.419	 	0.999271	 	2621352	 	0.00264287	 	0.023867	 	
9030000	-1.99715	 	1595.47	 	-0.999271	 	399.419	 	0.999271	 	2624194	 	0.00264172	 	0.023867	 	
9040000	-1.99715	 	1595.47	 	-0.999271	 	399.419	 	0.999271	 	2627224	 	0.0026407	 	0.023869	 	
9050000	-1.99715	 	1595.47	 	-0.999271	 	399.419	 	0.999271	 	2630034	 	0.00263942	 	0.0238668	 	
9060000	-1.99715	 	1595.47	 	-0.999271	 	399.419	 	0.999271	 	2632961	 	0.00263828	 	0.0238663	 	
9070000	-1.99715	 	1595.47	 	-0.999271	 	399.419	 	0.999271	 	2635808	 	0.00263701	 	0.0238643	 	
9080000	-1.99715	 	1595.47	 	-0.999271	 	399.419	 	0.999271	 	2638758	 	0.00263585	 	0.0238641	 	
9090000	-1.99715	 	1595.47	 	-0.999271	 	399.419	 	0.999271	 	2641636	 	0.00263472	 	0.0238642	 	
9100000	-1.99715	 	1595.47	 	-0.999271	 	399.419	 	0.999271	 	2644596	 	0.00263351	 	0.0238636	 	
9110000	-1.99715	 	1595.47	 	-0.999271	 	399.419	 	0.999271	 	2647548	 	0.00263235	 	0.0238634	 	
9120000	-1.99715	 	1595.47	 	-0.999271	 	399.419	 	0.999271	 	2650574	 	0.00263118	 	0.0238627	 	
9130000	-1.99715	 	1595.47	 	-0.999271	 	399.419	 	0.999271	 	2653506	 	0.00263003	 	0.0238624	 	
9140000	-1.99715	 	1595.47	 	-0.999271	 	399.419	 	0.999271	 	2656412	 	0.00262877	 	0.0238603	 	
9150000	-1.99715	 	1595.47	 	-0.999271	 	399.419	 	0.999271	 	2659310	 	0.00262752	 	0.0238588	 	
9160000	-1.99715	 	1595.47	 	-0.999271	 	399.419	 	0.999271	 	2662214	 	0.00262638	 	0.0238579	 	
9170000	-1.99715	 	1595.47	 	-0.999271	 	399.419	 	0.999271	 	2665172	 	0.00262524	 	0.0238574	 	
9180000	-1.99715	 	1595.47	 	-0.999271	 	399.419	 	0.999271	 	2668168	 	0.00262412	 	0.0238578	 	
9190000	-1.99715	 	1595.47	 	-0.999271	 	399.419	 	0.999271	 	2671124	 	0.00262303	 	0.0238574	 	
9200000	-1.99715	 	1595.47	 	-0.999271	 	399.419	 	0.999271	 	2674038	 	0.00262186	 	0.0238562	 	
9210000	-1.99715	 	1595.47	 	-0.999271	 	399.419	 	0.999271	 	2676902	 	0.00262062	 	0.0238544	 	
9220000	-1.99715	 	1595.47	 	-0.999271	 	399.419	 	0.999271	 	2679794	 	0.00261948	 	0.0238538	 	
9230000	-1.99715	 	1595.47	 	-0.999271	 	399.419	 	0.999271	 	2682722	 	0.00261836	 	0.0238535	 	
9240000	-1.99715	 	1595.47	 	-0.999271	 	399.419	 	0.999271	 	2685622	 	0.00261725	 	0.0238531	 	
9250000	-1.99715	 	1595.47	 	-0.999271	 	399.419	 	0.999271	 	2688460	 	0.00261606	 	0.0238515	 	
9260000	-1.99715	 	1595.47	 	-0.999271	 	399.42	 	0.999271	 	2691340	 	0.00261482	 	0.0238491	 	
9270000	-1.99715	 	1595.47	 	-0.999271	 	399.42	 	0.999271	 	2694220	 	0.00261377	 	0.0238496	 	
9280000	-1.99715	 	1595.47	 	-0.999271	 	399.42	 	0.999271	 	2697048	 	0.00261267	 	0.0238492	 	
9290000	-1.99715	 	1595.47	 	-0.999271	 	399.42	 	0.999271	 	2700008	 	0.00261152	 	0.0238485	 	
9300000	-1.99715	 	1595.47	 	-0.999271	 	399.42	 	0.999271	 	2702878	 	0.00261037	 	0.0238477	 	
9310000	-1.99715	 	1595.47	 	-0.999271	 	399.42	 	0.999271	 	2705710	 	0.00260929	 	0.0238475	 	
9320000	-1.99715	 	1595.47	 	-0.999271	 	399.42	 	0.999271	 	2708558	 	0.00260812	 	0.0238462	 	
9330000	-1.99715	 	1595.47	 	-0.999271	 	399.42	 	0.999271	 	2711664	 	0.00260707	 	0.0238468	 	
9340000	-1.99715	 	1595.47	 	-0.999271	 	399.42	 	0.999271	 	2714672	 	0.00260597	 	0.0238461	 	
9350000	-1.99715	 	1595.47	 	-0.999271	 	399.42	 	0.999271	 	2717448	 	0.00260485	 	0.0238446	 	
9360000	-1.99715	 	1595.47	 	-0.999271	 	399.42	 	0.999271	 	2720404	 	0.00260381	 	0.023845	 	
9370000	-1.99715	 	1595.47	 	-0.999271	 	399.42	 	0.999271	 	2723106	 	0.0026027	 	0.0238442	 	
9380000	-1.99715	 	1595.47	 	-0.999271	 	399.42	 	0.999271	 	2726034	 	0.00260156	 	0.023843	 	
9390000	-1.99715	 	1595.47	 	-0.999271	 	399.42	 	0.999271	 	2728908	 	0.00260053	 	0.0238437	 	
9400000	-1.99715	 	1595.47	 	-0.999271	 	399.42	 	0.999271	 	2731988	 	0.00259951	 	0.0238442	 	
9410000	-1.99715	 	1595.47	 	-0.999271	 	399.42	 	0.999271	 	2734802	 	0.00259835	 	0.0238428	 	
9420000	-1.99715	 	1595.47	 	-0.999271	 	399.42	 	0.999271	 	2737556	 	0.00259712	 	0.0238406	 	
9430000	-1.99715	 	1595.47	 	-0.999271	 	399.42	 	0.999271	 	2740581	 	0.00259617	 	0.0238423	 	
9440000	-1.99715	 	1595.47	 	-0.999271	 	399.419	 	0.999271	 	2743576	 	0.00259521	 	0.0238435	 	
9450000	-1.99715	 	1595.47	 	-0.999271	 	399.419	 	0.999271	 	2746468	 	0.00259413	 	0.0238431	 	
9460000	-1.99715	 	1595.47	 	-0.999271	 	399.419	 	0.999271	 	2749408	 	0.00259314	 	0.0238435	 	
9470000	-1.99715	 	1595.47	 	-0.999271	 	399.419	 	0.999271	 	2752262	 	0.00259206	 	0.0238434	 	
9480000	-1.99715	 	1595.47	 	-0.999271	 	399.419	 	0.999271	 	2755210	 	0.00259099	 	0.0238434	 	
9490000	-1.99715	 	1595.47	 	-0.999271	 	399.419	 	0.999271	 	2758033	 	0.00258993	 	0.023843	 	
9500000	-1.99715	 	1595.47	 	-0.999271	 	399.419	 	0.999271	 	2760868	 	0.00258881	 	0.0238418	 	
9510000	-1.99715	 	1595.47	 	-0.999271	 	399.419	 	0.999271	 	2763792	 	0.00258774	 	0.0238409	 	
9520000	-1.99715	 	1595.47	 	-0.999271	 	399.419	 	0.999271	 	2766588	 	0.00258667	 	0.0238406	 	
9530000	-1.99715	 	1595.47	 	-0.999271	 	399.419	 	0.999271	 	2769528	 	0.0025856	 	0.0238404	 	
9540000	-1.99715	 	1595.47	 	-0.999271	 	399.419	 	0.999271	 	2772380	 	0.00258459	 	0.0238405	 	
9550000	-1.99715	 	1595.47	 	-0.999271	 	399.419	 	0.999271	 	2775208	 	0.00258352	 	0.0238398	 	
9560000	-1.99715	 	1595.47	 	-0.999271	 	399.419	 	0.999271	 	2778166	 	0.00258242	 	0.0238388	 	
9570000	-1.99715	 	1595.47	 	-0.999271	 	399.419	 	0.999271	 	2781169	 	0.00258149	 	0.0238401	 	
9580000	-1.99715	 	1595.47	 	-0.999271	 	399.419	 	0.999271	 	2784152	 	0.00258039	 	0.0238394	 	
9590000	-1.99715	 	1595.47	 	-0.999271	 	399.419	 	0.999271	 	2787134	 	0.00257953	 	0.0238413	 	
9600000	-1.99715	 	1595.47	 	-0.999271	 	399.419	 	0.999271	 	2790150	 	0.00257861	 	0.023842	 	
9610000	-1.99715	 	1595.47	 	-0.999271	 	399.419	 	0.999271	 	2793140	 	0.00257756	 	0.0238417	 	
9620000	-1.99715	 	1595.47	 	-0.999271	 	399.419	 	0.999271	 	2796064	 	0.00257658	 	0.0238422	 	
9630000	-1.99715	 	1595.47	 	-0.999271	 	399.419	 	0.999271	 	2798912	 	0.00257542	 	0.0238403	 	
9640000	-1.99715	 	1595.47	 	-0.999271	 	399.419	 	0.999271	 	2801696	 	0.00257432	 	0.0238393	 	
9650000	-1.99715	 	1595.47	 	-0.999271	 	399.419	 	0.999271	 	2804809	 	0.00257352	 	0.0238421	 	
9660000	-1.99715	 	1595.47	 	-0.999271	 	399.419	 	0.999271	 	2807697	 	0.00257248	 	0.023842	 	
9670000	-1.99715	 	1595.47	 	-0.999271	 	399.419	 	0.999271	 	2810484	 	0.00257138	 	0.0238411	 	
9680000	-1.99715	 	1595.47	 	-0.999271	 	399.419	 	0.999271	 	2813454	 	0.0025703	 	0.0238402	 	
9690000	-1.99715	 	1595.47	 	-0.999271	 	399.419	 	0.999271	 	2816298	 	0.00256923	 	0.023839	 	
9700000	-1.99715	 	1595.47	 	-0.999271	 	399.419	 	0.999271	 	2819254	 	0.00256822	 	0.0238381	 	
9710000	-1.99715	 	1595.47	 	-0.999271	 	399.419	 	0.999271	 	2822290	 	0.00256727	 	0.0238384	 	
9720000	-1.99715	 	1595.47	 	-0.999271	 	399.419	 	0.999271	 	2825218	 	0.00256628	 	0.023839	 	
9730000	-1.99715	 	1595.47	 	-0.999271	 	399.419	 	0.999271	 	2828312	 	0.00256532	 	0.0238392	 	
9740000	-1.99715	 	1595.47	 	-0.999271	 	399.419	 	0.999271	 	2831036	 	0.0025643	 	0.0238383	 	
9750000	-1.99715	 	1595.47	 	-0.999271	 	399.419	 	0.999271	 	2833916	 	0.0025632	 	0.0238362	 	
9760000	-1.99715	 	1595.47	 	-0.999271	 	399.419	 	0.999271	 	2836789	 	0.00256216	 	0.0238353	 	
9770000	-1.99715	 	1595.47	 	-0.999271	 	399.419	 	0.999271	 	2839644	 	0.00256116	 	0.0238345	 	
9780000	-1.99715	 	1595.47	 	-0.999271	 	399.419	 	0.999271	 	2842561	 	0.0025602	 	0.0238342	 	
9790000	-1.99715	 	1595.47	 	-0.999271	 	399.419	 	0.999271	 	2845572	 	0.00255927	 	0.0238346	 	
9800000	-1.99715	 	1595.47	 	-0.999271	 	399.419	 	0.999271	 	2848494	 	0.0025583	 	0.0238344	 	
9810000	-1.99715	 	1595.47	 	-0.999271	 	399.419	 	0.999271	 	2851310	 	0.00255717	 	0.0238321	 	
9820000	-1.99715	 	1595.47	 	-0.999271	 	399.419	 	0.999271	 	2854184	 	0.00255606	 	0.0238302	 	
9830000	-1.99715	 	1595.47	 	-0.999271	 	399.419	 	0.999271	 	2856980	 	0.00255505	 	0.0238296	 	
9840000	-1.99715	 	1595.47	 	-0.999271	 	399.42	 	0.999271	 	2859824	 	0.00255401	 	0.0238287	 	
9850000	-1.99715	 	1595.47	 	-0.999271	 	399.42	 	0.999271	 	2862656	 	0.00255296	 	0.0238278	 	
9860000	-1.99715	 	1595.47	 	-0.999271	 	399.42	 	0.999271	 	2865452	 	0.00255191	 	0.0238264	 	
9870000	-1.99715	 	1595.47	 	-0.999271	 	399.42	 	0.999271	 	2868310	 	0.00255079	 	0.0238244	 	
9880000	-1.99715	 	1595.47	 	-0.999271	 	399.42	 	0.999271	 	2871144	 	0.0025498	 	0.023824	 	
9890000	-1.99715	 	1595.47	 	-0.999271	 	399.42	 	0.999271	 	2874022	 	0.00254875	 	0.0238226	 	
9900000	-1.99715	 	1595.47	 	-0.999271	 	399.42	 	0.999271	 	2876915	 	0.00254769	 	0.023821	 	
9910000	-1.99715	 	1595.47	 	-0.999271	 	399.42	 	0.999271	 	2879746	 	0.00254668	 	0.0238201	 	
9920000	-1.99715	 	1595.47	 	-0.999271	 	399.42	 	0.999271	 	2882596	 	0.00254561	 	0.0238187	 	
9930000	-1.99715	 	1595.47	 	-0.999271	 	399.42	 	0.999271	 	2885478	 	0.00254464	 	0.0238184	 	
9940000	-1.99715	 	1595.47	 	-0.999271	 	399.42	 	0.999271	 	2888476	 	0.00254366	 	0.0238179	 	
9950000	-1.99715	 	1595.47	 	-0.999271	 	399.42	 	0.999271	 	2891498	 	0.00254277	 	0.0238184	 	
9960000	-1.99715	 	1595.47	 	-0.999271	 	399.42	 	0.999271	 	2894388	 	0.0025418	 	0.0238175	 	
9970000	-1.99715	 	1595.47	 	-0.999271	 	399.42	 	0.999271	 	2897250	 	0.00254075	 	0.0238163	 	
9980000	-1.99715	 	1595.47	 	-0.999271	 	399.42	 	0.999271	 	2900022	 	0.00253966	 	0.0238146	 	
9990000	-1.99715	 	1595.47	 	-0.999271	 	399.42	 	0.999271	 	2902902	 	0.00253875	 	0.0238147	 	
