MCcycles: 100000	 L = 20	 T = 2.4	 Randomstart = 0
MCcycles 	 E 		 E2 		 M 		 M2 		 Mabs 		 accepted		 X 		 Cv
2	-1.795	 	1289.06	 	0.945	 	357.22	 	0.945	 	0.065	 	0.00416667	 	0.0434028	 	
200	-1.3463	 	735.238	 	0.6458	 	176.136	 	0.6458	 	0.31	 	3.88056	 	1.77572	 	
400	-1.2821	 	667.488	 	0.586237	 	146.704	 	0.586237	 	0.195	 	3.84759	 	1.73185	 	
600	-1.27315	 	657.547	 	0.5682	 	139.021	 	0.5682	 	0.275	 	4.11689	 	1.59423	 	
800	-1.27595	 	659.944	 	0.563069	 	137.876	 	0.563069	 	0.25	 	4.60741	 	1.51475	 	
1000	-1.2484	 	632.602	 	0.47786	 	117.175	 	0.4972	 	0.395	 	7.62154	 	1.59742	 	
1200	-1.23222	 	616.378	 	0.396067	 	103.704	 	0.455125	 	0.33	 	8.68669	 	1.5685	 	
1400	-1.22271	 	606.55	 	0.357432	 	97.6985	 	0.439268	 	0.35	 	8.54833	 	1.4835	 	
1600	-1.22325	 	606.831	 	0.371325	 	98.403	 	0.443019	 	0.2925	 	8.29029	 	1.44011	 	
1800	-1.21586	 	599.288	 	0.352775	 	93.1913	 	0.426036	 	0.295	 	8.57858	 	1.38199	 	
2000	-1.2139	 	597.356	 	0.291272	 	90.3529	 	0.415127	 	0.1675	 	8.92524	 	1.37752	 	
2200	-1.2162	 	599.745	 	0.246159	 	93.392	 	0.423291	 	0.3225	 	9.0508	 	1.40343	 	
2400	-1.21831	 	601.831	 	0.226635	 	94.6455	 	0.427781	 	0.2775	 	8.93617	 	1.40996	 	
2600	-1.215	 	598.546	 	0.206477	 	93.6552	 	0.427181	 	0.2525	 	8.60908	 	1.39859	 	
2800	-1.2141	 	597.559	 	0.214746	 	93.4214	 	0.427771	 	0.305	 	8.42753	 	1.37846	 	
3000	-1.2152	 	598.537	 	0.23416	 	94.7496	 	0.432983	 	0.2175	 	8.23326	 	1.36392	 	
3200	-1.21966	 	603.008	 	0.249147	 	97.9388	 	0.440394	 	0.29	 	8.4834	 	1.38488	 	
3400	-1.22363	 	606.91	 	0.2309	 	100.551	 	0.448406	 	0.235	 	8.38499	 	1.38977	 	
3600	-1.22328	 	606.593	 	0.227203	 	100.237	 	0.446572	 	0.28	 	8.52744	 	1.39401	 	
3800	-1.21914	 	602.468	 	0.219987	 	96.5581	 	0.434889	 	0.2625	 	8.71108	 	1.37898	 	
4000	-1.21728	 	600.434	 	0.220128	 	94.2283	 	0.427648	 	0.2725	 	8.78141	 	1.34082	 	
4200	-1.21314	 	596.409	 	0.200683	 	91.2838	 	0.418486	 	0.3375	 	8.84654	 	1.34108	 	
4400	-1.2128	 	596.095	 	0.189222	 	90.9744	 	0.417942	 	0.2375	 	8.7934	 	1.34404	 	
4600	-1.21196	 	595.218	 	0.17274	 	90.3684	 	0.416564	 	0.2475	 	8.73257	 	1.33261	 	
4800	-1.21129	 	594.435	 	0.157661	 	89.6987	 	0.414491	 	0.295	 	8.74071	 	1.31047	 	
5000	-1.2118	 	594.898	 	0.136698	 	89.3457	 	0.413994	 	0.225	 	8.66219	 	1.30426	 	
5200	-1.21228	 	595.309	 	0.118027	 	89.2051	 	0.412006	 	0.2675	 	8.87735	 	1.29539	 	
5400	-1.21502	 	598.058	 	0.10796	 	90.9993	 	0.416516	 	0.2275	 	9.00215	 	1.31079	 	
5600	-1.21693	 	599.882	 	0.100891	 	92.488	 	0.421588	 	0.2325	 	8.914	 	1.30386	 	
5800	-1.2206	 	603.618	 	0.093631	 	94.485	 	0.427295	 	0.2575	 	8.93859	 	1.33161	 	
6000	-1.22206	 	604.999	 	0.0927592	 	94.8276	 	0.428813	 	0.26	 	8.86481	 	1.3235	 	
6200	-1.2208	 	603.675	 	0.0939347	 	92.9102	 	0.423664	 	0.25	 	8.79744	 	1.30847	 	
6400	-1.2201	 	602.963	 	0.0881297	 	92.4761	 	0.423347	 	0.2325	 	8.66127	 	1.30333	 	
6600	-1.22016	 	603.001	 	0.0805924	 	91.9877	 	0.42242	 	0.325	 	8.58848	 	1.29941	 	
6800	-1.22083	 	603.693	 	0.0699132	 	92.2233	 	0.422256	 	0.2775	 	8.70969	 	1.30566	 	
7000	-1.22033	 	603.093	 	0.0657764	 	90.7875	 	0.418402	 	0.355	 	8.6514	 	1.28714	 	
7200	-1.218	 	600.795	 	0.0615486	 	89.1241	 	0.412894	 	0.3075	 	8.72142	 	1.2818	 	
7400	-1.21878	 	601.658	 	0.0519939	 	89.8402	 	0.41388	 	0.2975	 	8.8839	 	1.30034	 	
7600	-1.21985	 	602.73	 	0.0454092	 	90.3207	 	0.415166	 	0.245	 	8.90654	 	1.30512	 	
7800	-1.22157	 	604.508	 	0.0448769	 	92.0332	 	0.420032	 	0.3	 	8.9427	 	1.32258	 	
8000	-1.2236	 	606.636	 	0.0392675	 	93.3344	 	0.423451	 	0.255	 	9.00418	 	1.34694	 	
8200	-1.22355	 	606.585	 	0.0361628	 	93.2495	 	0.42352	 	0.2775	 	8.95908	 	1.3473	 	
8400	-1.22371	 	606.668	 	0.0353131	 	92.9477	 	0.423557	 	0.2575	 	8.82809	 	1.33315	 	
8600	-1.22586	 	608.885	 	0.0353203	 	94.4185	 	0.427551	 	0.19	 	8.87446	 	1.35272	 	
8800	-1.22637	 	609.489	 	0.0304284	 	94.9367	 	0.428797	 	0.405	 	8.91253	 	1.37028	 	
9000	-1.22629	 	609.475	 	0.0258067	 	95.5201	 	0.429998	 	0.2875	 	8.9837	 	1.38145	 	
9200	-1.22706	 	610.19	 	0.0257163	 	96.0099	 	0.432126	 	0.235	 	8.88198	 	1.37568	 	
9400	-1.22885	 	611.981	 	0.0264271	 	97.2404	 	0.43571	 	0.215	 	8.87628	 	1.38105	 	
9600	-1.22961	 	612.695	 	0.0236453	 	97.702	 	0.437127	 	0.2775	 	8.86255	 	1.37391	 	
9800	-1.23009	 	613.156	 	0.0179199	 	97.9223	 	0.437956	 	0.22	 	8.83344	 	1.37296	 	
10000	-1.23046	 	613.516	 	0.0191445	 	98.3989	 	0.439701	 	0.295	 	8.77666	 	1.37257	 	
10200	-1.22937	 	612.438	 	0.0186613	 	97.5815	 	0.437179	 	0.29	 	8.80474	 	1.37038	 	
10400	-1.231	 	614.051	 	0.0196188	 	98.9415	 	0.441028	 	0.2325	 	8.80794	 	1.37301	 	
10600	-1.23089	 	613.871	 	0.0179448	 	98.5649	 	0.440567	 	0.35	 	8.71888	 	1.36088	 	
10800	-1.23162	 	614.571	 	0.0161704	 	99.144	 	0.442618	 	0.2325	 	8.65828	 	1.35754	 	
11000	-1.23051	 	613.492	 	0.0126664	 	98.3346	 	0.440177	 	0.29	 	8.68007	 	1.35956	 	
11200	-1.23113	 	614.078	 	0.0142196	 	98.8546	 	0.441633	 	0.3075	 	8.68278	 	1.35506	 	
11400	-1.22975	 	612.692	 	0.0158899	 	98.1135	 	0.439648	 	0.375	 	8.66559	 	1.35109	 	
11600	-1.22825	 	611.224	 	0.0179625	 	96.832	 	0.435548	 	0.325	 	8.72968	 	1.35071	 	
11800	-1.22922	 	612.229	 	0.0270555	 	97.5101	 	0.437563	 	0.23	 	8.71894	 	1.36012	 	
12000	-1.22972	 	612.708	 	0.0344033	 	97.8043	 	0.438518	 	0.27	 	8.70209	 	1.35818	 	
12200	-1.22916	 	612.134	 	0.0383775	 	97.2624	 	0.436793	 	0.225	 	8.72799	 	1.35462	 	
12400	-1.22893	 	611.906	 	0.0408177	 	97.0431	 	0.43595	 	0.2675	 	8.75924	 	1.35354	 	
12600	-1.22767	 	610.632	 	0.0390933	 	95.9049	 	0.431991	 	0.33	 	8.85768	 	1.34778	 	
12800	-1.22676	 	609.725	 	0.0349121	 	95.1474	 	0.429343	 	0.2625	 	8.92226	 	1.34502	 	
13000	-1.2268	 	609.747	 	0.0290492	 	94.8983	 	0.428701	 	0.285	 	8.91021	 	1.34285	 	
13200	-1.22635	 	609.296	 	0.0295383	 	94.7815	 	0.428775	 	0.27	 	8.85089	 	1.34139	 	
13400	-1.22606	 	608.97	 	0.0262295	 	94.4433	 	0.427644	 	0.2075	 	8.87153	 	1.33293	 	
13600	-1.22651	 	609.411	 	0.0280735	 	94.6114	 	0.428157	 	0.0975	 	8.8683	 	1.33375	 	
13800	-1.22783	 	610.798	 	0.0305351	 	95.5687	 	0.430325	 	0.25	 	8.95703	 	1.34949	 	
14000	-1.22709	 	610.11	 	0.0335939	 	95.0429	 	0.428309	 	0.12	 	9.02647	 	1.35655	 	
14200	-1.22722	 	610.224	 	0.0362239	 	94.7366	 	0.427223	 	0.345	 	9.05362	 	1.35288	 	
14400	-1.22649	 	609.49	 	0.0402021	 	94.3961	 	0.426193	 	0.2725	 	9.05827	 	1.34979	 	
14600	-1.22674	 	609.731	 	0.0402291	 	94.7776	 	0.427352	 	0.29	 	9.05242	 	1.35005	 	
14800	-1.22588	 	608.882	 	0.0376787	 	94.2966	 	0.425977	 	0.3275	 	9.04747	 	1.34935	 	
15000	-1.2252	 	608.192	 	0.03347	 	93.7114	 	0.424092	 	0.3425	 	9.07075	 	1.34565	 	
15200	-1.22414	 	607.17	 	0.0359316	 	93.0069	 	0.421827	 	0.31	 	9.09655	 	1.3473	 	
15400	-1.22386	 	606.886	 	0.0408347	 	92.9979	 	0.421789	 	0.4	 	9.09808	 	1.34674	 	
15600	-1.22374	 	606.771	 	0.0454647	 	93.0324	 	0.421676	 	0.175	 	9.12845	 	1.34591	 	
15800	-1.22357	 	606.595	 	0.0458345	 	93.037	 	0.421897	 	0.33	 	9.09923	 	1.34526	 	
16000	-1.22293	 	605.948	 	0.0430087	 	92.3984	 	0.420409	 	0.2775	 	9.04208	 	1.34152	 	
16200	-1.22165	 	604.732	 	0.0402614	 	91.5503	 	0.417718	 	0.3175	 	9.06462	 	1.34751	 	
16400	-1.22142	 	604.493	 	0.0397101	 	91.3834	 	0.41715	 	0.2925	 	9.07401	 	1.34552	 	
16600	-1.22171	 	604.799	 	0.0414235	 	91.6369	 	0.41793	 	0.27	 	9.07119	 	1.34906	 	
16800	-1.22081	 	603.937	 	0.0444229	 	91.1354	 	0.416478	 	0.345	 	9.06416	 	1.35147	 	
17000	-1.21988	 	603.022	 	0.0464121	 	90.4892	 	0.41457	 	0.34	 	9.05915	 	1.35046	 	
17200	-1.22045	 	603.58	 	0.0483791	 	90.7602	 	0.415286	 	0.2875	 	9.07302	 	1.35135	 	
17400	-1.22068	 	603.855	 	0.0525083	 	90.8744	 	0.41535	 	0.3325	 	9.11169	 	1.35938	 	
17600	-1.2207	 	603.834	 	0.0564153	 	90.6775	 	0.415134	 	0.1625	 	9.05955	 	1.35225	 	
17800	-1.22087	 	603.982	 	0.0606497	 	90.7306	 	0.41545	 	0.2425	 	9.03792	 	1.34924	 	
18000	-1.22069	 	603.824	 	0.0636961	 	90.6634	 	0.415003	 	0.27	 	9.07178	 	1.35263	 	
18200	-1.21986	 	602.999	 	0.0654799	 	89.974	 	0.412985	 	0.3075	 	9.06299	 	1.35014	 	
18400	-1.21987	 	603	 	0.0687707	 	89.8875	 	0.412887	 	0.2375	 	9.04054	 	1.348	 	
18600	-1.22052	 	603.658	 	0.0737887	 	90.3164	 	0.414205	 	0.2725	 	9.03755	 	1.35248	 	
18800	-1.21962	 	602.777	 	0.0747415	 	89.5362	 	0.411607	 	0.2825	 	9.07006	 	1.35116	 	
19000	-1.21972	 	602.866	 	0.0779189	 	89.4328	 	0.411328	 	0.3325	 	9.06523	 	1.35072	 	
19200	-1.22042	 	603.557	 	0.0768464	 	90.1104	 	0.413302	 	0.2325	 	9.07631	 	1.35116	 	
19400	-1.22009	 	603.225	 	0.0742399	 	89.9786	 	0.412987	 	0.2975	 	9.06471	 	1.34989	 	
19600	-1.21908	 	602.236	 	0.0713301	 	89.4089	 	0.411158	 	0.345	 	9.07852	 	1.34892	 	
19800	-1.21881	 	601.942	 	0.0718487	 	89.2137	 	0.410765	 	0.3375	 	9.051	 	1.34413	 	
20000	-1.21932	 	602.425	 	0.0723827	 	89.4686	 	0.41168	 	0.2525	 	9.03182	 	1.342	 	
20200	-1.22037	 	603.578	 	0.0736597	 	90.2349	 	0.413535	 	0.3825	 	9.09601	 	1.3643	 	
20400	-1.22002	 	603.243	 	0.075725	 	90.2193	 	0.413474	 	0.34	 	9.09797	 	1.36491	 	
20600	-1.22073	 	604.002	 	0.0768743	 	90.9025	 	0.415111	 	0.1775	 	9.15655	 	1.37698	 	
20800	-1.2208	 	604.072	 	0.074932	 	91.1771	 	0.416056	 	0.25	 	9.13996	 	1.37633	 	
21000	-1.22138	 	604.624	 	0.073415	 	91.6497	 	0.417607	 	0.1675	 	9.1214	 	1.37379	 	
21200	-1.22236	 	605.647	 	0.0710778	 	92.3274	 	0.419296	 	0.2475	 	9.16821	 	1.38571	 	
21400	-1.22357	 	606.889	 	0.0698717	 	93.2061	 	0.421636	 	0.1575	 	9.20638	 	1.39528	 	
21600	-1.22391	 	607.209	 	0.0687685	 	93.4418	 	0.422546	 	0.2325	 	9.17652	 	1.39375	 	
21800	-1.2243	 	607.601	 	0.069267	 	93.8319	 	0.423795	 	0.29	 	9.16291	 	1.39468	 	
22000	-1.22433	 	607.612	 	0.0721698	 	93.9685	 	0.424183	 	0.185	 	9.16509	 	1.39226	 	
22200	-1.22504	 	608.327	 	0.0771045	 	94.6132	 	0.425948	 	0.33	 	9.18357	 	1.3947	 	
22400	-1.22516	 	608.463	 	0.0793699	 	94.6986	 	0.425836	 	0.31	 	9.23504	 	1.3982	 	
22600	-1.22557	 	608.879	 	0.0804363	 	95.0881	 	0.426736	 	0.2375	 	9.26947	 	1.40151	 	
22800	-1.22619	 	609.496	 	0.0784241	 	95.4492	 	0.427737	 	0.2425	 	9.27736	 	1.40248	 	
23000	-1.22662	 	609.923	 	0.07342	 	95.6141	 	0.428342	 	0.1975	 	9.25977	 	1.40338	 	
23200	-1.22733	 	610.649	 	0.0674894	 	96.1595	 	0.429947	 	0.2925	 	9.25742	 	1.4078	 	
23400	-1.22741	 	610.697	 	0.0621844	 	96.4183	 	0.431	 	0.265	 	9.2141	 	1.40244	 	
23600	-1.22818	 	611.504	 	0.0569369	 	96.9118	 	0.432117	 	0.2975	 	9.25908	 	1.41273	 	
23800	-1.22782	 	611.162	 	0.05592	 	96.5785	 	0.431141	 	0.34	 	9.26058	 	1.4132	 	
24000	-1.22733	 	610.649	 	0.0541158	 	96.019	 	0.429492	 	0.2725	 	9.26408	 	1.40896	 	
24200	-1.22681	 	610.13	 	0.0535455	 	95.6898	 	0.428526	 	0.3375	 	9.26493	 	1.40706	 	
24400	-1.22759	 	610.904	 	0.0535076	 	96.1747	 	0.429977	 	0.26	 	9.25944	 	1.40927	 	
24600	-1.22741	 	610.71	 	0.0551313	 	96.0327	 	0.429654	 	0.2575	 	9.24652	 	1.40618	 	
24800	-1.22685	 	610.168	 	0.0567812	 	95.7297	 	0.428746	 	0.375	 	9.25023	 	1.4064	 	
25000	-1.22636	 	609.691	 	0.0562188	 	95.5372	 	0.428481	 	0.2775	 	9.20787	 	1.40677	 	
25200	-1.22701	 	610.349	 	0.054973	 	96.069	 	0.429971	 	0.24	 	9.21629	 	1.41104	 	
25400	-1.22834	 	611.743	 	0.0545691	 	97.0097	 	0.432314	 	0.2375	 	9.27142	 	1.42542	 	
25600	-1.2289	 	612.31	 	0.0546656	 	97.4013	 	0.433393	 	0.3725	 	9.27903	 	1.42996	 	
25800	-1.22865	 	612.108	 	0.05227	 	97.4017	 	0.433224	 	0.3025	 	9.30349	 	1.43662	 	
26000	-1.22847	 	611.897	 	0.0507444	 	97.2053	 	0.432808	 	0.275	 	9.28169	 	1.43107	 	
26200	-1.22786	 	611.307	 	0.0498403	 	96.9284	 	0.431953	 	0.21	 	9.28958	 	1.43228	 	
26400	-1.22835	 	611.779	 	0.0475316	 	97.2135	 	0.43271	 	0.25	 	9.29932	 	1.43094	 	
26600	-1.22921	 	612.653	 	0.0423361	 	97.7989	 	0.434295	 	0.27	 	9.31421	 	1.43612	 	
26800	-1.22875	 	612.176	 	0.0421476	 	97.3587	 	0.433073	 	0.3725	 	9.30747	 	1.43171	 	
27000	-1.22837	 	611.782	 	0.0432854	 	96.9201	 	0.431796	 	0.3675	 	9.30878	 	1.42756	 	
27200	-1.22833	 	611.749	 	0.0460233	 	96.9803	 	0.43196	 	0.2575	 	9.31019	 	1.42908	 	
27400	-1.22919	 	612.635	 	0.0503469	 	97.512	 	0.433467	 	0.1725	 	9.31444	 	1.43653	 	
27600	-1.22989	 	613.339	 	0.0546074	 	98.0269	 	0.434951	 	0.2275	 	9.31415	 	1.43878	 	
27800	-1.22995	 	613.433	 	0.0575669	 	98.095	 	0.435174	 	0.2675	 	9.31015	 	1.44491	 	
28000	-1.22969	 	613.191	 	0.0589916	 	97.91	 	0.434596	 	0.3	 	9.31692	 	1.44644	 	
28200	-1.22963	 	613.116	 	0.0611037	 	97.8042	 	0.434335	 	0.2225	 	9.3106	 	1.44364	 	
28400	-1.22942	 	612.902	 	0.0593658	 	97.6629	 	0.43398	 	0.2475	 	9.30313	 	1.44273	 	
28600	-1.22995	 	613.445	 	0.0550037	 	98.0123	 	0.434892	 	0.3275	 	9.31661	 	1.44616	 	
28800	-1.23061	 	614.112	 	0.050363	 	98.4456	 	0.436131	 	0.1675	 	9.31734	 	1.45065	 	
29000	-1.22991	 	613.428	 	0.0493448	 	98.0243	 	0.434917	 	0.315	 	9.31794	 	1.45073	 	
29200	-1.23034	 	613.839	 	0.0529128	 	98.2946	 	0.435844	 	0.2675	 	9.29603	 	1.44852	 	
29400	-1.23028	 	613.764	 	0.0559468	 	98.3597	 	0.436273	 	0.345	 	9.26082	 	1.44568	 	
29600	-1.23033	 	613.813	 	0.0582968	 	98.4091	 	0.436263	 	0.3225	 	9.28282	 	1.44641	 	
29800	-1.2302	 	613.692	 	0.0597057	 	98.3593	 	0.436189	 	0.2825	 	9.27292	 	1.44685	 	
30000	-1.23033	 	613.81	 	0.061873	 	98.3618	 	0.4362	 	0.3225	 	9.27236	 	1.44565	 	
30200	-1.22995	 	613.437	 	0.0638752	 	98.2062	 	0.43583	 	0.38	 	9.26123	 	1.44469	 	
30400	-1.22954	 	613.013	 	0.0651362	 	97.8738	 	0.434899	 	0.3375	 	9.25787	 	1.44216	 	
30600	-1.22987	 	613.326	 	0.0686732	 	98.211	 	0.436019	 	0.2725	 	9.2358	 	1.4394	 	
30800	-1.23016	 	613.609	 	0.0721446	 	98.5641	 	0.437105	 	0.2975	 	9.22487	 	1.43905	 	
31000	-1.23028	 	613.715	 	0.0750227	 	98.7018	 	0.437629	 	0.2475	 	9.20592	 	1.43684	 	
31200	-1.23054	 	613.97	 	0.0782628	 	98.996	 	0.438545	 	0.24	 	9.19479	 	1.43766	 	
31400	-1.23087	 	614.292	 	0.0809869	 	99.1521	 	0.438979	 	0.185	 	9.19624	 	1.4361	 	
31600	-1.23067	 	614.107	 	0.0824913	 	99.0656	 	0.438525	 	0.215	 	9.22672	 	1.43932	 	
31800	-1.2306	 	614.035	 	0.0829863	 	99.1041	 	0.438639	 	0.2125	 	9.22605	 	1.43857	 	
32000	-1.23054	 	613.969	 	0.080975	 	99.0293	 	0.438322	 	0.28	 	9.24116	 	1.43667	 	
32200	-1.23116	 	614.608	 	0.0802073	 	99.5044	 	0.439595	 	0.28	 	9.25278	 	1.44174	 	
32400	-1.23116	 	614.579	 	0.0795306	 	99.5975	 	0.440108	 	0.2725	 	9.21649	 	1.43767	 	
32600	-1.23138	 	614.796	 	0.0781199	 	99.7149	 	0.440521	 	0.285	 	9.20471	 	1.43758	 	
32800	-1.23172	 	615.154	 	0.0742239	 	100.003	 	0.441287	 	0.2075	 	9.21228	 	1.44043	 	
33000	-1.23229	 	615.748	 	0.0699921	 	100.425	 	0.442394	 	0.27	 	9.22515	 	1.44622	 	
33200	-1.23246	 	615.908	 	0.0665907	 	100.509	 	0.442709	 	0.2	 	9.21363	 	1.44561	 	
33400	-1.23324	 	616.709	 	0.062044	 	101.085	 	0.444206	 	0.2	 	9.23222	 	1.45026	 	
33600	-1.23315	 	616.597	 	0.0594396	 	100.917	 	0.443806	 	0.2975	 	9.22151	 	1.44638	 	
33800	-1.23271	 	616.161	 	0.0571609	 	100.641	 	0.443107	 	0.29	 	9.20997	 	1.44567	 	
34000	-1.23276	 	616.221	 	0.0546168	 	100.619	 	0.442865	 	0.2525	 	9.23638	 	1.44876	 	
34200	-1.23299	 	616.446	 	0.0510684	 	100.816	 	0.443504	 	0.1825	 	9.22403	 	1.44879	 	
34400	-1.233	 	616.458	 	0.0481381	 	100.909	 	0.443853	 	0.27	 	9.21133	 	1.44816	 	
34600	-1.23262	 	616.066	 	0.0480923	 	100.61	 	0.443132	 	0.27	 	9.19311	 	1.4452	 	
34800	-1.2322	 	615.656	 	0.0495103	 	100.347	 	0.44236	 	0.2175	 	9.19731	 	1.44628	 	
35000	-1.23252	 	615.963	 	0.0526701	 	100.633	 	0.443275	 	0.225	 	9.18159	 	1.44487	 	
35200	-1.2324	 	615.839	 	0.0550585	 	100.65	 	0.443444	 	0.225	 	9.16367	 	1.44351	 	
35400	-1.23207	 	615.501	 	0.0562024	 	100.35	 	0.44257	 	0.2025	 	9.16775	 	1.44099	 	
35600	-1.23224	 	615.651	 	0.0590607	 	100.531	 	0.443257	 	0.2825	 	9.14166	 	1.43827	 	
35800	-1.2321	 	615.511	 	0.0611327	 	100.492	 	0.443198	 	0.375	 	9.13438	 	1.43741	 	
36000	-1.23205	 	615.439	 	0.0633844	 	100.493	 	0.443331	 	0.2925	 	9.11523	 	1.43449	 	
36200	-1.23167	 	615.057	 	0.0648494	 	100.226	 	0.442696	 	0.255	 	9.0974	 	1.43282	 	
36400	-1.23196	 	615.337	 	0.0674339	 	100.378	 	0.443205	 	0.22	 	9.08579	 	1.43118	 	
36600	-1.23228	 	615.644	 	0.0700843	 	100.58	 	0.443802	 	0.2	 	9.08175	 	1.43105	 	
36800	-1.23252	 	615.87	 	0.0729178	 	100.819	 	0.444604	 	0.2575	 	9.0626	 	1.42863	 	
37000	-1.23253	 	615.862	 	0.0748184	 	100.791	 	0.444545	 	0.305	 	9.05974	 	1.42615	 	
37200	-1.23228	 	615.607	 	0.0763082	 	100.653	 	0.44434	 	0.2075	 	9.03223	 	1.42395	 	
37400	-1.23228	 	615.595	 	0.0765799	 	100.525	 	0.44414	 	0.245	 	9.00887	 	1.42098	 	
37600	-1.23165	 	614.976	 	0.0771826	 	100.147	 	0.442977	 	0.2575	 	9.02314	 	1.42194	 	
37800	-1.23183	 	615.141	 	0.0797221	 	100.319	 	0.443581	 	0.215	 	9.00565	 	1.41931	 	
38000	-1.23211	 	615.433	 	0.0818432	 	100.483	 	0.443891	 	0.19	 	9.02805	 	1.42235	 	
38200	-1.23238	 	615.722	 	0.0835182	 	100.536	 	0.443817	 	0.2475	 	9.06093	 	1.42622	 	
38400	-1.23225	 	615.58	 	0.0851266	 	100.506	 	0.443641	 	0.24	 	9.07473	 	1.42508	 	
38600	-1.2322	 	615.516	 	0.0851451	 	100.584	 	0.443987	 	0.1725	 	9.05583	 	1.42225	 	
38800	-1.23273	 	616.078	 	0.0848973	 	100.933	 	0.44494	 	0.2875	 	9.05991	 	1.42911	 	
39000	-1.23269	 	616.043	 	0.0833333	 	100.953	 	0.444954	 	0.285	 	9.06665	 	1.42932	 	
39200	-1.23295	 	616.289	 	0.0825823	 	101.181	 	0.445675	 	0.285	 	9.05444	 	1.42726	 	
39400	-1.23274	 	616.076	 	0.0812195	 	101.046	 	0.445389	 	0.295	 	9.04059	 	1.42574	 	
39600	-1.23267	 	616.021	 	0.0789311	 	101.08	 	0.445308	 	0.26	 	9.06689	 	1.42826	 	
39800	-1.23281	 	616.16	 	0.0767019	 	101.159	 	0.445378	 	0.3375	 	9.08923	 	1.42924	 	
40000	-1.23291	 	616.247	 	0.0737151	 	101.27	 	0.445754	 	0.2825	 	9.07963	 	1.42768	 	
40200	-1.23293	 	616.262	 	0.0719097	 	101.218	 	0.445511	 	0.3125	 	9.09403	 	1.42565	 	
40400	-1.23292	 	616.264	 	0.0720163	 	101.207	 	0.445568	 	0.4025	 	9.08116	 	1.42798	 	
40600	-1.23256	 	615.909	 	0.0706025	 	101.005	 	0.444976	 	0.3525	 	9.08473	 	1.42916	 	
40800	-1.23248	 	615.827	 	0.0686332	 	100.856	 	0.444483	 	0.2925	 	9.09571	 	1.42823	 	
41000	-1.23236	 	615.695	 	0.0672517	 	100.663	 	0.443837	 	0.2725	 	9.11088	 	1.426	 	
41200	-1.23257	 	615.893	 	0.066988	 	100.815	 	0.444374	 	0.3225	 	9.09475	 	1.42433	 	
41400	-1.23227	 	615.59	 	0.0658192	 	100.484	 	0.443299	 	0.33	 	9.11617	 	1.42316	 	
41600	-1.232	 	615.323	 	0.0645381	 	100.319	 	0.442827	 	0.28	 	9.11708	 	1.42248	 	
41800	-1.23202	 	615.332	 	0.0620059	 	100.283	 	0.442932	 	0.33	 	9.0864	 	1.42006	 	
42000	-1.23232	 	615.623	 	0.058997	 	100.52	 	0.443536	 	0.2125	 	9.09587	 	1.42012	 	
42200	-1.23215	 	615.456	 	0.0568914	 	100.474	 	0.443393	 	0.3825	 	9.09806	 	1.41933	 	
42400	-1.23205	 	615.348	 	0.0584244	 	100.392	 	0.443142	 	0.1375	 	9.10094	 	1.4188	 	
42600	-1.23241	 	615.697	 	0.0610526	 	100.663	 	0.443964	 	0.27	 	9.09213	 	1.41722	 	
42800	-1.23304	 	616.335	 	0.0640331	 	101.122	 	0.445155	 	0.2925	 	9.10676	 	1.42075	 	
43000	-1.23329	 	616.598	 	0.0657713	 	101.275	 	0.445515	 	0.365	 	9.11748	 	1.42284	 	
43200	-1.23333	 	616.626	 	0.0663675	 	101.335	 	0.445733	 	0.35	 	9.1101	 	1.42179	 	
43400	-1.23373	 	617.037	 	0.066502	 	101.661	 	0.44661	 	0.29	 	9.11536	 	1.42451	 	
43600	-1.23392	 	617.22	 	0.0661664	 	101.84	 	0.447226	 	0.2775	 	9.09818	 	1.42344	 	
43800	-1.23411	 	617.404	 	0.0657116	 	102.047	 	0.447906	 	0.2775	 	9.08306	 	1.42211	 	
44000	-1.23405	 	617.333	 	0.0638522	 	101.98	 	0.447733	 	0.2875	 	9.08079	 	1.42036	 	
44200	-1.23382	 	617.101	 	0.0621908	 	101.724	 	0.447082	 	0.32	 	9.07139	 	1.41983	 	
44400	-1.23347	 	616.751	 	0.0609108	 	101.394	 	0.446085	 	0.2975	 	9.08241	 	1.4183	 	
44600	-1.23342	 	616.679	 	0.0592362	 	101.192	 	0.445505	 	0.295	 	9.08423	 	1.41516	 	
44800	-1.23324	 	616.503	 	0.0585076	 	101.078	 	0.445204	 	0.34	 	9.08146	 	1.41496	 	
45000	-1.23296	 	616.218	 	0.0591356	 	100.888	 	0.444798	 	0.23	 	9.06249	 	1.41362	 	
45200	-1.23314	 	616.39	 	0.0610558	 	100.946	 	0.445012	 	0.29	 	9.05496	 	1.41334	 	
45400	-1.23301	 	616.251	 	0.0619993	 	100.741	 	0.444437	 	0.265	 	9.05481	 	1.41073	 	
45600	-1.23291	 	616.159	 	0.0620009	 	100.705	 	0.444272	 	0.1925	 	9.06418	 	1.41253	 	
45800	-1.23347	 	616.744	 	0.0613646	 	101.137	 	0.44537	 	0.2475	 	9.08146	 	1.41711	 	
46000	-1.23391	 	617.183	 	0.0615176	 	101.465	 	0.446259	 	0.2375	 	9.08588	 	1.41884	 	
46200	-1.23417	 	617.453	 	0.0605371	 	101.616	 	0.446676	 	0.285	 	9.08651	 	1.42017	 	
46400	-1.23386	 	617.142	 	0.0593125	 	101.334	 	0.445871	 	0.29	 	9.08888	 	1.41889	 	
46600	-1.23408	 	617.359	 	0.0597845	 	101.45	 	0.446189	 	0.2675	 	9.08982	 	1.41995	 	
46800	-1.23421	 	617.491	 	0.0610863	 	101.453	 	0.445989	 	0.305	 	9.12101	 	1.42034	 	
47000	-1.23448	 	617.752	 	0.0633103	 	101.628	 	0.446575	 	0.3375	 	9.10685	 	1.41991	 	
47200	-1.23502	 	618.311	 	0.0660229	 	102.055	 	0.447663	 	0.1625	 	9.12258	 	1.42421	 	
47400	-1.23545	 	618.75	 	0.0685299	 	102.388	 	0.44856	 	0.225	 	9.12722	 	1.42656	 	
47600	-1.23564	 	618.945	 	0.0704777	 	102.553	 	0.448945	 	0.26	 	9.13845	 	1.42751	 	
47800	-1.23538	 	618.675	 	0.0714823	 	102.343	 	0.448372	 	0.305	 	9.13655	 	1.42491	 	
48000	-1.23533	 	618.618	 	0.0731727	 	102.332	 	0.448492	 	0.205	 	9.11424	 	1.42309	 	
48200	-1.23548	 	618.757	 	0.0742661	 	102.361	 	0.44848	 	0.29	 	9.12816	 	1.42295	 	
48400	-1.23581	 	619.095	 	0.0739726	 	102.684	 	0.449359	 	0.2275	 	9.13118	 	1.42454	 	
48600	-1.23597	 	619.249	 	0.0733976	 	102.88	 	0.449991	 	0.2275	 	9.11826	 	1.42377	 	
48800	-1.23594	 	619.223	 	0.0731734	 	102.835	 	0.449867	 	0.2725	 	9.1178	 	1.4241	 	
49000	-1.23586	 	619.13	 	0.0717832	 	102.702	 	0.449393	 	0.24	 	9.1333	 	1.42199	 	
49200	-1.2358	 	619.07	 	0.0727596	 	102.594	 	0.448938	 	0.24	 	9.15665	 	1.42133	 	
49400	-1.2361	 	619.378	 	0.0727705	 	102.807	 	0.449482	 	0.255	 	9.16393	 	1.4231	 	
49600	-1.23626	 	619.55	 	0.0719501	 	102.99	 	0.450005	 	0.1975	 	9.16163	 	1.4264	 	
49800	-1.23637	 	619.647	 	0.0715357	 	103.012	 	0.45015	 	0.255	 	9.14922	 	1.42383	 	
50000	-1.23634	 	619.618	 	0.0696561	 	102.981	 	0.450013	 	0.325	 	9.1569	 	1.42406	 	
50200	-1.23611	 	619.38	 	0.068584	 	102.691	 	0.449077	 	0.325	 	9.17635	 	1.42296	 	
50400	-1.23585	 	619.118	 	0.0668842	 	102.542	 	0.448788	 	0.3325	 	9.15751	 	1.42168	 	
50600	-1.23555	 	618.816	 	0.0653043	 	102.398	 	0.448397	 	0.32	 	9.15578	 	1.42121	 	
50800	-1.23535	 	618.608	 	0.0662947	 	102.195	 	0.447921	 	0.2575	 	9.14249	 	1.41894	 	
51000	-1.23529	 	618.55	 	0.0678166	 	102.177	 	0.447946	 	0.235	 	9.13119	 	1.41841	 	
51200	-1.23532	 	618.572	 	0.0693812	 	102.194	 	0.448066	 	0.38	 	9.12031	 	1.41763	 	
51400	-1.23526	 	618.507	 	0.0698446	 	102.169	 	0.448022	 	0.275	 	9.11656	 	1.41724	 	
51600	-1.23493	 	618.184	 	0.0695529	 	101.914	 	0.44724	 	0.3475	 	9.12703	 	1.41761	 	
51800	-1.23493	 	618.183	 	0.0682722	 	101.87	 	0.446998	 	0.2625	 	9.14447	 	1.41743	 	
52000	-1.23511	 	618.377	 	0.0677927	 	102.045	 	0.447499	 	0.29	 	9.14302	 	1.41905	 	
52200	-1.23505	 	618.304	 	0.0682558	 	101.953	 	0.447279	 	0.2025	 	9.13728	 	1.41753	 	
52400	-1.23494	 	618.176	 	0.0691135	 	101.847	 	0.447115	 	0.3375	 	9.11761	 	1.4147	 	
52600	-1.23539	 	618.637	 	0.0687986	 	102.14	 	0.447899	 	0.235	 	9.1227	 	1.41747	 	
52800	-1.23545	 	618.7	 	0.0689368	 	102.175	 	0.448043	 	0.285	 	9.11574	 	1.41805	 	
53000	-1.23513	 	618.39	 	0.0692584	 	101.929	 	0.447265	 	0.4025	 	9.12964	 	1.41878	 	
53200	-1.23491	 	618.174	 	0.0695624	 	101.774	 	0.4468	 	0.295	 	9.13397	 	1.41887	 	
53400	-1.23503	 	618.286	 	0.0673242	 	101.873	 	0.447104	 	0.3275	 	9.13016	 	1.4186	 	
53600	-1.23483	 	618.088	 	0.0657113	 	101.788	 	0.44682	 	0.3325	 	9.13693	 	1.41852	 	
53800	-1.23452	 	617.784	 	0.0648853	 	101.606	 	0.446234	 	0.4325	 	9.14849	 	1.41891	 	
54000	-1.23426	 	617.524	 	0.0642031	 	101.34	 	0.445439	 	0.3775	 	9.15581	 	1.41784	 	
54200	-1.23408	 	617.339	 	0.0634849	 	101.135	 	0.444911	 	0.2675	 	9.14871	 	1.41598	 	
54400	-1.23396	 	617.21	 	0.0634131	 	100.982	 	0.444487	 	0.2525	 	9.14779	 	1.41485	 	
54600	-1.23429	 	617.542	 	0.0631417	 	101.247	 	0.445231	 	0.3225	 	9.14789	 	1.41535	 	
54800	-1.23423	 	617.476	 	0.0631889	 	101.271	 	0.445417	 	0.265	 	9.13041	 	1.41423	 	
55000	-1.23428	 	617.521	 	0.0636871	 	101.305	 	0.445525	 	0.2175	 	9.12839	 	1.41417	 	
55200	-1.23431	 	617.559	 	0.0629939	 	101.377	 	0.44576	 	0.2725	 	9.12366	 	1.41445	 	
55400	-1.23464	 	617.876	 	0.0627766	 	101.581	 	0.446397	 	0.22	 	9.11352	 	1.41419	 	
55600	-1.23476	 	617.985	 	0.0624724	 	101.718	 	0.446866	 	0.31	 	9.10109	 	1.41243	 	
55800	-1.23479	 	618.034	 	0.0618291	 	101.77	 	0.446976	 	0.3075	 	9.10607	 	1.41568	 	
56000	-1.23465	 	617.905	 	0.0619823	 	101.72	 	0.446852	 	0.2725	 	9.10378	 	1.41666	 	
56200	-1.23448	 	617.729	 	0.0631402	 	101.617	 	0.446642	 	0.31	 	9.09221	 	1.41586	 	
56400	-1.23441	 	617.668	 	0.0641777	 	101.573	 	0.446423	 	0.2575	 	9.1066	 	1.41613	 	
56600	-1.23462	 	617.873	 	0.0658972	 	101.701	 	0.446791	 	0.3	 	9.10518	 	1.41565	 	
56800	-1.23462	 	617.869	 	0.0674533	 	101.744	 	0.447006	 	0.2925	 	9.09085	 	1.41541	 	
57000	-1.23465	 	617.896	 	0.0686972	 	101.756	 	0.44706	 	0.215	 	9.08782	 	1.41596	 	
57200	-1.23438	 	617.632	 	0.068109	 	101.603	 	0.446684	 	0.27	 	9.07999	 	1.41528	 	
57400	-1.23418	 	617.431	 	0.0687517	 	101.41	 	0.446106	 	0.3	 	9.0859	 	1.41422	 	
57600	-1.23378	 	617.039	 	0.0683931	 	101.1	 	0.445065	 	0.3525	 	9.11138	 	1.41505	 	
57800	-1.23345	 	616.706	 	0.0685035	 	100.844	 	0.444213	 	0.32	 	9.13065	 	1.41479	 	
58000	-1.23321	 	616.461	 	0.0683093	 	100.578	 	0.443364	 	0.27	 	9.14557	 	1.41343	 	
58200	-1.23281	 	616.073	 	0.0680084	 	100.263	 	0.442198	 	0.35	 	9.18632	 	1.41442	 	
58400	-1.23295	 	616.22	 	0.0660083	 	100.365	 	0.442465	 	0.2575	 	9.18931	 	1.41582	 	
58600	-1.23305	 	616.325	 	0.0639148	 	100.471	 	0.442823	 	0.275	 	9.18093	 	1.41644	 	
58800	-1.23335	 	616.623	 	0.0614935	 	100.72	 	0.443521	 	0.2125	 	9.18133	 	1.41652	 	
59000	-1.23351	 	616.779	 	0.059491	 	100.8	 	0.443812	 	0.33	 	9.17203	 	1.41694	 	
59200	-1.23338	 	616.653	 	0.058203	 	100.754	 	0.443719	 	0.305	 	9.1664	 	1.41628	 	
59400	-1.2334	 	616.657	 	0.0580994	 	100.806	 	0.443933	 	0.2375	 	9.15641	 	1.41508	 	
59600	-1.23338	 	616.638	 	0.0583306	 	100.808	 	0.443986	 	0.19	 	9.14946	 	1.41511	 	
59800	-1.23361	 	616.884	 	0.0600613	 	100.964	 	0.444427	 	0.2775	 	9.14919	 	1.41805	 	
60000	-1.23351	 	616.784	 	0.0610293	 	100.838	 	0.444115	 	0.345	 	9.14289	 	1.41682	 	
60200	-1.23337	 	616.646	 	0.06048	 	100.692	 	0.443626	 	0.165	 	9.15419	 	1.4173	 	
60400	-1.2334	 	616.667	 	0.0587718	 	100.728	 	0.443794	 	0.335	 	9.14454	 	1.41629	 	
60600	-1.23354	 	616.822	 	0.0574098	 	100.854	 	0.444092	 	0.3325	 	9.1527	 	1.41885	 	
60800	-1.23337	 	616.643	 	0.0572693	 	100.813	 	0.44412	 	0.255	 	9.13144	 	1.41752	 	
61000	-1.2335	 	616.765	 	0.0571742	 	100.951	 	0.444571	 	0.2325	 	9.1223	 	1.41616	 	
61200	-1.23374	 	617.006	 	0.0567418	 	101.119	 	0.445086	 	0.2525	 	9.11605	 	1.41619	 	
61400	-1.23399	 	617.252	 	0.0562201	 	101.308	 	0.44561	 	0.365	 	9.11693	 	1.41652	 	
61600	-1.23368	 	616.946	 	0.0558153	 	101.128	 	0.44508	 	0.325	 	9.12084	 	1.41631	 	
61800	-1.2337	 	616.96	 	0.0561771	 	101.126	 	0.44513	 	0.3225	 	9.11231	 	1.41527	 	
62000	-1.23363	 	616.888	 	0.0575197	 	101.164	 	0.445282	 	0.2725	 	9.10558	 	1.41516	 	
62200	-1.2337	 	616.947	 	0.0590277	 	101.225	 	0.445543	 	0.2	 	9.09242	 	1.41403	 	
62400	-1.23363	 	616.886	 	0.0598192	 	101.212	 	0.445465	 	0.18	 	9.09834	 	1.41515	 	
62600	-1.23367	 	616.916	 	0.0596531	 	101.243	 	0.445649	 	0.275	 	9.08413	 	1.41376	 	
62800	-1.23369	 	616.942	 	0.0602766	 	101.265	 	0.445631	 	0.255	 	9.09589	 	1.41491	 	
63000	-1.23384	 	617.09	 	0.0603704	 	101.367	 	0.445969	 	0.215	 	9.08805	 	1.41438	 	
63200	-1.23392	 	617.18	 	0.0606714	 	101.462	 	0.446172	 	0.3075	 	9.09755	 	1.41676	 	
63400	-1.23386	 	617.114	 	0.0605241	 	101.521	 	0.446458	 	0.2375	 	9.07956	 	1.41565	 	
63600	-1.23383	 	617.086	 	0.0607431	 	101.489	 	0.446428	 	0.1925	 	9.07081	 	1.41538	 	
63800	-1.23379	 	617.043	 	0.060748	 	101.505	 	0.446531	 	0.2725	 	9.06215	 	1.41493	 	
64000	-1.23345	 	616.708	 	0.0609461	 	101.266	 	0.445758	 	0.3025	 	9.07765	 	1.41504	 	
64200	-1.23362	 	616.896	 	0.0625041	 	101.424	 	0.446128	 	0.175	 	9.08841	 	1.41876	 	
64400	-1.23369	 	616.961	 	0.0640715	 	101.53	 	0.446504	 	0.28	 	9.07636	 	1.41787	 	
64600	-1.23381	 	617.078	 	0.0657038	 	101.666	 	0.446952	 	0.22	 	9.0665	 	1.41738	 	
64800	-1.23367	 	616.939	 	0.0663878	 	101.59	 	0.446691	 	0.285	 	9.07356	 	1.41725	 	
65000	-1.2335	 	616.766	 	0.0665295	 	101.53	 	0.446611	 	0.25	 	9.06035	 	1.41596	 	
65200	-1.23341	 	616.671	 	0.065156	 	101.484	 	0.446529	 	0.37	 	9.05381	 	1.41487	 	
65400	-1.23352	 	616.785	 	0.0642196	 	101.555	 	0.446714	 	0.345	 	9.05584	 	1.41621	 	
65600	-1.23383	 	617.106	 	0.0640111	 	101.798	 	0.447364	 	0.1875	 	9.06002	 	1.41873	 	
65800	-1.2338	 	617.072	 	0.0648995	 	101.783	 	0.447361	 	0.2925	 	9.05434	 	1.41833	 	
66000	-1.23373	 	617.01	 	0.0659701	 	101.759	 	0.447279	 	0.3225	 	9.05668	 	1.41862	 	
66200	-1.23362	 	616.9	 	0.0670463	 	101.712	 	0.447204	 	0.2925	 	9.0483	 	1.4182	 	
66400	-1.23378	 	617.074	 	0.0681584	 	101.781	 	0.447239	 	0.16	 	9.07164	 	1.42257	 	
66600	-1.23387	 	617.167	 	0.0686659	 	101.804	 	0.447289	 	0.285	 	9.07367	 	1.42294	 	
66800	-1.23382	 	617.123	 	0.0677163	 	101.713	 	0.446993	 	0.3075	 	9.08011	 	1.4227	 	
67000	-1.23372	 	617.008	 	0.0664655	 	101.591	 	0.446707	 	0.275	 	9.07179	 	1.42072	 	
67200	-1.2335	 	616.787	 	0.0659356	 	101.452	 	0.446376	 	0.29	 	9.06291	 	1.42053	 	
67400	-1.23322	 	616.515	 	0.0653779	 	101.318	 	0.446046	 	0.3325	 	9.05638	 	1.42038	 	
67600	-1.23308	 	616.372	 	0.0644399	 	101.199	 	0.445653	 	0.32	 	9.06512	 	1.42057	 	
67800	-1.23299	 	616.281	 	0.063317	 	101.147	 	0.445556	 	0.3375	 	9.05776	 	1.41995	 	
68000	-1.23305	 	616.341	 	0.062694	 	101.172	 	0.445625	 	0.2825	 	9.05821	 	1.41991	 	
68200	-1.23325	 	616.543	 	0.0621511	 	101.293	 	0.445957	 	0.2825	 	9.0592	 	1.42107	 	
68400	-1.2333	 	616.585	 	0.0623714	 	101.344	 	0.446168	 	0.31	 	9.04895	 	1.41959	 	
68600	-1.23334	 	616.631	 	0.0624824	 	101.395	 	0.446368	 	0.29	 	9.04072	 	1.41976	 	
68800	-1.23347	 	616.76	 	0.0623938	 	101.55	 	0.446834	 	0.2175	 	9.03576	 	1.4198	 	
69000	-1.23353	 	616.812	 	0.0622282	 	101.609	 	0.447073	 	0.2375	 	9.02482	 	1.41844	 	
69200	-1.23374	 	617.009	 	0.0618678	 	101.771	 	0.44757	 	0.1675	 	9.01797	 	1.41784	 	
69400	-1.23389	 	617.156	 	0.0616641	 	101.934	 	0.44806	 	0.31	 	9.01277	 	1.41772	 	
69600	-1.23371	 	616.984	 	0.0616909	 	101.845	 	0.447872	 	0.28	 	9.00382	 	1.41795	 	
69800	-1.23368	 	616.956	 	0.0616565	 	101.85	 	0.447958	 	0.315	 	8.99319	 	1.41762	 	
70000	-1.23369	 	616.957	 	0.0609467	 	101.82	 	0.447899	 	0.2	 	8.98934	 	1.41648	 	
70200	-1.23393	 	617.21	 	0.0611543	 	101.994	 	0.448327	 	0.28	 	8.99788	 	1.41893	 	
70400	-1.23408	 	617.362	 	0.0625777	 	102.118	 	0.448655	 	0.2675	 	9.00046	 	1.41939	 	
70600	-1.23412	 	617.402	 	0.0632693	 	102.103	 	0.448566	 	0.2625	 	9.00753	 	1.41995	 	
70800	-1.23415	 	617.42	 	0.0644096	 	102.121	 	0.448649	 	0.2625	 	9.00262	 	1.41899	 	
71000	-1.23403	 	617.301	 	0.0641927	 	102.016	 	0.448394	 	0.27	 	8.99715	 	1.41767	 	
71200	-1.23408	 	617.339	 	0.0636531	 	102.092	 	0.44866	 	0.21	 	8.98901	 	1.41645	 	
71400	-1.23405	 	617.309	 	0.0630223	 	102.064	 	0.448603	 	0.3025	 	8.98594	 	1.41556	 	
71600	-1.23416	 	617.406	 	0.0627568	 	102.214	 	0.449066	 	0.22	 	8.97939	 	1.41427	 	
71800	-1.23428	 	617.534	 	0.0630777	 	102.309	 	0.449292	 	0.2075	 	8.98482	 	1.41557	 	
72000	-1.23429	 	617.538	 	0.0635486	 	102.288	 	0.44921	 	0.32	 	8.98842	 	1.41405	 	
72200	-1.23429	 	617.525	 	0.0635546	 	102.283	 	0.44927	 	0.195	 	8.97749	 	1.41188	 	
72400	-1.23436	 	617.592	 	0.0641031	 	102.341	 	0.449419	 	0.3575	 	8.97916	 	1.41138	 	
72600	-1.23431	 	617.539	 	0.0652271	 	102.355	 	0.449481	 	0.2925	 	8.97558	 	1.41065	 	
72800	-1.23421	 	617.429	 	0.0649166	 	102.228	 	0.449152	 	0.2525	 	8.9722	 	1.40903	 	
73000	-1.23402	 	617.232	 	0.0646106	 	102.117	 	0.448899	 	0.275	 	8.96366	 	1.40839	 	
73200	-1.23401	 	617.223	 	0.0647332	 	102.13	 	0.449011	 	0.265	 	8.95236	 	1.40786	 	
73400	-1.23396	 	617.17	 	0.0645761	 	102.056	 	0.448871	 	0.3175	 	8.9427	 	1.4069	 	
73600	-1.23383	 	617.037	 	0.0635029	 	101.948	 	0.448584	 	0.3275	 	8.94041	 	1.4066	 	
73800	-1.23361	 	616.817	 	0.0628092	 	101.76	 	0.447987	 	0.285	 	8.95147	 	1.40573	 	
74000	-1.23343	 	616.629	 	0.0625841	 	101.646	 	0.447716	 	0.2875	 	8.94439	 	1.40492	 	
74200	-1.23324	 	616.436	 	0.0625131	 	101.432	 	0.447024	 	0.28	 	8.9583	 	1.40406	 	
74400	-1.23306	 	616.256	 	0.0613418	 	101.34	 	0.44683	 	0.32	 	8.94886	 	1.40337	 	
74600	-1.2329	 	616.095	 	0.0605433	 	101.225	 	0.44657	 	0.2575	 	8.93979	 	1.40224	 	
74800	-1.23266	 	615.858	 	0.0609755	 	101.07	 	0.446083	 	0.2575	 	8.94771	 	1.40232	 	
75000	-1.23246	 	615.656	 	0.0611856	 	100.904	 	0.445611	 	0.3	 	8.94842	 	1.40203	 	
75200	-1.23256	 	615.753	 	0.0623701	 	100.933	 	0.445773	 	0.3025	 	8.93663	 	1.40078	 	
75400	-1.23262	 	615.798	 	0.0635562	 	100.97	 	0.445942	 	0.175	 	8.92686	 	1.39946	 	
75600	-1.23283	 	616.013	 	0.0650056	 	101.133	 	0.44638	 	0.275	 	8.92964	 	1.3997	 	
75800	-1.23294	 	616.12	 	0.0662649	 	101.215	 	0.446633	 	0.215	 	8.92586	 	1.39941	 	
76000	-1.23279	 	615.966	 	0.0670586	 	101.134	 	0.446429	 	0.2825	 	8.92262	 	1.3988	 	
76200	-1.23274	 	615.916	 	0.0680296	 	101.107	 	0.446404	 	0.2575	 	8.91534	 	1.39847	 	
76400	-1.2328	 	615.973	 	0.0693302	 	101.212	 	0.446714	 	0.2825	 	8.91275	 	1.39865	 	
76600	-1.23267	 	615.845	 	0.0697578	 	101.071	 	0.446275	 	0.27	 	8.91954	 	1.39814	 	
76800	-1.23252	 	615.685	 	0.0695123	 	100.943	 	0.44597	 	0.32	 	8.91145	 	1.39685	 	
77000	-1.23249	 	615.654	 	0.0681784	 	100.96	 	0.445989	 	0.235	 	8.91541	 	1.3966	 	
77200	-1.23245	 	615.622	 	0.0668369	 	100.949	 	0.446	 	0.2025	 	8.90933	 	1.39652	 	
77400	-1.23221	 	615.382	 	0.0660893	 	100.777	 	0.445493	 	0.3675	 	8.91327	 	1.39647	 	
77600	-1.23212	 	615.285	 	0.0647899	 	100.748	 	0.445474	 	0.2625	 	8.90383	 	1.39555	 	
77800	-1.23205	 	615.212	 	0.063799	 	100.696	 	0.44528	 	0.2175	 	8.91103	 	1.39498	 	
78000	-1.23195	 	615.107	 	0.062998	 	100.55	 	0.444821	 	0.2975	 	8.91835	 	1.39397	 	
78200	-1.23196	 	615.123	 	0.0618352	 	100.523	 	0.444692	 	0.21	 	8.92587	 	1.39502	 	
78400	-1.23196	 	615.122	 	0.0606172	 	100.476	 	0.444618	 	0.41	 	8.91744	 	1.39356	 	
78600	-1.23187	 	615.023	 	0.0599218	 	100.414	 	0.444394	 	0.2925	 	8.92504	 	1.3934	 	
78800	-1.23173	 	614.882	 	0.0594784	 	100.316	 	0.444135	 	0.2875	 	8.92248	 	1.39269	 	
79000	-1.23194	 	615.093	 	0.0577569	 	100.469	 	0.444582	 	0.335	 	8.92013	 	1.39326	 	
79200	-1.23179	 	614.943	 	0.0568402	 	100.374	 	0.444304	 	0.3125	 	8.92164	 	1.39223	 	
79400	-1.23164	 	614.789	 	0.0571108	 	100.181	 	0.443684	 	0.3625	 	8.93271	 	1.39115	 	
79600	-1.23154	 	614.679	 	0.0570399	 	100.043	 	0.443288	 	0.3075	 	8.93375	 	1.38976	 	
79800	-1.23129	 	614.434	 	0.0571741	 	99.8836	 	0.442836	 	0.24	 	8.93423	 	1.38988	 	
80000	-1.23131	 	614.451	 	0.0569574	 	99.9219	 	0.443002	 	0.21	 	8.92572	 	1.38948	 	
80200	-1.23152	 	614.664	 	0.0569014	 	100.082	 	0.443455	 	0.33	 	8.92548	 	1.39052	 	
80400	-1.23163	 	614.771	 	0.0565072	 	100.147	 	0.443691	 	0.245	 	8.91779	 	1.39017	 	
80600	-1.2319	 	615.043	 	0.0565174	 	100.318	 	0.444181	 	0.19	 	8.91655	 	1.39107	 	
80800	-1.23204	 	615.19	 	0.0566144	 	100.397	 	0.444419	 	0.2425	 	8.91409	 	1.39259	 	
81000	-1.23223	 	615.377	 	0.056548	 	100.552	 	0.444868	 	0.2625	 	8.91199	 	1.39228	 	
81200	-1.23227	 	615.417	 	0.0558438	 	100.555	 	0.444864	 	0.3	 	8.91385	 	1.39226	 	
81400	-1.23225	 	615.382	 	0.0547545	 	100.478	 	0.444724	 	0.27	 	8.90257	 	1.3903	 	
81600	-1.23257	 	615.709	 	0.053014	 	100.667	 	0.44524	 	0.225	 	8.90496	 	1.39246	 	
81800	-1.23255	 	615.689	 	0.0516762	 	100.678	 	0.445359	 	0.2375	 	8.89181	 	1.39158	 	
82000	-1.23263	 	615.763	 	0.0503582	 	100.708	 	0.445467	 	0.325	 	8.88798	 	1.39089	 	
82200	-1.23244	 	615.569	 	0.0495454	 	100.566	 	0.445098	 	0.275	 	8.88367	 	1.38997	 	
82400	-1.23237	 	615.491	 	0.0490002	 	100.472	 	0.444861	 	0.2825	 	8.87992	 	1.38867	 	
82600	-1.23232	 	615.438	 	0.0486835	 	100.434	 	0.444845	 	0.405	 	8.86651	 	1.38814	 	
82800	-1.23209	 	615.214	 	0.0481804	 	100.31	 	0.444424	 	0.3425	 	8.87708	 	1.3878	 	
83000	-1.23216	 	615.278	 	0.0494176	 	100.402	 	0.444712	 	0.2225	 	8.87287	 	1.38741	 	
83200	-1.23239	 	615.521	 	0.0507339	 	100.546	 	0.445078	 	0.2525	 	8.87842	 	1.38936	 	
83400	-1.2323	 	615.425	 	0.0515478	 	100.483	 	0.444946	 	0.29	 	8.87195	 	1.38879	 	
83600	-1.23213	 	615.251	 	0.0520712	 	100.333	 	0.444529	 	0.2825	 	8.87107	 	1.38824	 	
83800	-1.23185	 	614.985	 	0.0516871	 	100.125	 	0.443796	 	0.32	 	8.8928	 	1.38863	 	
84000	-1.23177	 	614.898	 	0.0508106	 	99.9954	 	0.443493	 	0.2725	 	8.88379	 	1.38756	 	
84200	-1.23163	 	614.757	 	0.0499476	 	99.8826	 	0.443185	 	0.2575	 	8.88233	 	1.38788	 	
84400	-1.2317	 	614.826	 	0.0487977	 	99.8898	 	0.443173	 	0.38	 	8.88701	 	1.38776	 	
84600	-1.23178	 	614.911	 	0.0475174	 	99.9224	 	0.443292	 	0.2475	 	8.88311	 	1.38828	 	
84800	-1.23191	 	615.044	 	0.0460381	 	100.031	 	0.443613	 	0.2375	 	8.88069	 	1.38871	 	
85000	-1.23195	 	615.08	 	0.0446916	 	100.083	 	0.443808	 	0.255	 	8.87362	 	1.38833	 	
85200	-1.23189	 	615.015	 	0.0436434	 	100.032	 	0.443716	 	0.3	 	8.86616	 	1.38754	 	
85400	-1.23187	 	614.987	 	0.0428756	 	99.9287	 	0.443397	 	0.255	 	8.8702	 	1.38699	 	
85600	-1.23175	 	614.865	 	0.0421655	 	99.8083	 	0.443086	 	0.245	 	8.86596	 	1.38611	 	
85800	-1.2318	 	614.904	 	0.0420714	 	99.8713	 	0.443334	 	0.25	 	8.85548	 	1.38459	 	
86000	-1.23188	 	614.992	 	0.0421434	 	99.9672	 	0.443582	 	0.3625	 	8.85879	 	1.38625	 	
86200	-1.23188	 	614.99	 	0.0430727	 	99.9652	 	0.443584	 	0.31	 	8.85767	 	1.38561	 	
86400	-1.2319	 	615.009	 	0.0440302	 	99.9516	 	0.443615	 	0.3	 	8.84754	 	1.38425	 	
86600	-1.23193	 	615.028	 	0.0452267	 	100.021	 	0.443888	 	0.325	 	8.83611	 	1.3832	 	
86800	-1.23184	 	614.937	 	0.0460191	 	99.9592	 	0.443762	 	0.3275	 	8.82887	 	1.38292	 	
87000	-1.23174	 	614.83	 	0.0467684	 	99.8706	 	0.443597	 	0.285	 	8.81635	 	1.38145	 	
87200	-1.23153	 	614.624	 	0.0470475	 	99.7016	 	0.443056	 	0.2775	 	8.82593	 	1.38081	 	
87400	-1.23143	 	614.518	 	0.0477516	 	99.6219	 	0.442854	 	0.2625	 	8.82257	 	1.38019	 	
87600	-1.23123	 	614.322	 	0.0476889	 	99.4433	 	0.442307	 	0.2975	 	8.82875	 	1.3798	 	
87800	-1.23106	 	614.15	 	0.0476065	 	99.2885	 	0.441838	 	0.29	 	8.83336	 	1.37878	 	
88000	-1.23103	 	614.112	 	0.0482644	 	99.2268	 	0.441632	 	0.25	 	8.83797	 	1.3785	 	
88200	-1.23104	 	614.118	 	0.0491276	 	99.1995	 	0.441604	 	0.3	 	8.83083	 	1.37832	 	
88400	-1.23124	 	614.322	 	0.0505377	 	99.394	 	0.442126	 	0.2925	 	8.83494	 	1.37899	 	
88600	-1.23117	 	614.247	 	0.0514832	 	99.3966	 	0.442187	 	0.215	 	8.82696	 	1.37853	 	
88800	-1.23133	 	614.415	 	0.0526172	 	99.4776	 	0.442441	 	0.2775	 	8.82326	 	1.37977	 	
89000	-1.23132	 	614.405	 	0.0533328	 	99.4477	 	0.442412	 	0.2825	 	8.81512	 	1.37924	 	
89200	-1.23129	 	614.371	 	0.0537081	 	99.4319	 	0.442341	 	0.2625	 	8.819	 	1.37836	 	
89400	-1.23126	 	614.329	 	0.0535903	 	99.427	 	0.442396	 	0.2525	 	8.8089	 	1.37722	 	
89600	-1.2313	 	614.377	 	0.0538897	 	99.4436	 	0.442427	 	0.1975	 	8.81129	 	1.37765	 	
89800	-1.23134	 	614.412	 	0.0542183	 	99.4593	 	0.442465	 	0.195	 	8.81208	 	1.37785	 	
90000	-1.23136	 	614.435	 	0.0543878	 	99.4368	 	0.442422	 	0.2125	 	8.80915	 	1.37744	 	
90200	-1.23152	 	614.586	 	0.0543371	 	99.5349	 	0.442741	 	0.29	 	8.80295	 	1.37748	 	
90400	-1.23152	 	614.582	 	0.0538192	 	99.5434	 	0.442797	 	0.31	 	8.79816	 	1.37673	 	
90600	-1.23165	 	614.711	 	0.0535518	 	99.6117	 	0.443023	 	0.2	 	8.79324	 	1.37633	 	
90800	-1.23181	 	614.878	 	0.0533551	 	99.7163	 	0.443344	 	0.295	 	8.78941	 	1.37705	 	
91000	-1.23206	 	615.138	 	0.0533408	 	99.9119	 	0.44385	 	0.3475	 	8.79619	 	1.37918	 	
91200	-1.23216	 	615.231	 	0.0530561	 	100.018	 	0.444188	 	0.2775	 	8.79033	 	1.37858	 	
91400	-1.23215	 	615.223	 	0.0534492	 	100.024	 	0.444159	 	0.325	 	8.7969	 	1.37914	 	
91600	-1.23186	 	614.939	 	0.0536755	 	99.8591	 	0.443631	 	0.3925	 	8.80649	 	1.38057	 	
91800	-1.23176	 	614.847	 	0.0544416	 	99.8171	 	0.443549	 	0.345	 	8.80124	 	1.38078	 	
92000	-1.23183	 	614.914	 	0.0555141	 	99.8781	 	0.443775	 	0.285	 	8.79312	 	1.38041	 	
92200	-1.23174	 	614.824	 	0.0559703	 	99.8139	 	0.443594	 	0.3175	 	8.79317	 	1.38019	 	
92400	-1.23164	 	614.722	 	0.056221	 	99.6826	 	0.443188	 	0.2925	 	8.79849	 	1.37935	 	
92600	-1.2316	 	614.681	 	0.056943	 	99.6401	 	0.443096	 	0.3125	 	8.7943	 	1.37886	 	
92800	-1.23153	 	614.61	 	0.0574946	 	99.5588	 	0.44284	 	0.24	 	8.79828	 	1.379	 	
93000	-1.23141	 	614.501	 	0.0577854	 	99.4559	 	0.442482	 	0.285	 	8.80821	 	1.38004	 	
93200	-1.23136	 	614.441	 	0.0572809	 	99.3962	 	0.442307	 	0.2125	 	8.80913	 	1.3791	 	
93400	-1.2313	 	614.381	 	0.0567087	 	99.3257	 	0.442057	 	0.3325	 	8.81667	 	1.37897	 	
93600	-1.2313	 	614.378	 	0.0559908	 	99.3419	 	0.44211	 	0.2575	 	8.81552	 	1.37832	 	
93800	-1.23134	 	614.423	 	0.0550952	 	99.3587	 	0.442083	 	0.215	 	8.82658	 	1.37877	 	
94000	-1.23123	 	614.321	 	0.0543025	 	99.2746	 	0.441838	 	0.325	 	8.82769	 	1.37938	 	
94200	-1.23131	 	614.406	 	0.0533765	 	99.2972	 	0.441752	 	0.38	 	8.84965	 	1.38155	 	
94400	-1.23146	 	614.557	 	0.0520557	 	99.3908	 	0.442024	 	0.26	 	8.84865	 	1.38142	 	
94600	-1.23164	 	614.73	 	0.0507215	 	99.4923	 	0.442314	 	0.17	 	8.84823	 	1.38195	 	
94800	-1.23178	 	614.881	 	0.05023	 	99.6124	 	0.44262	 	0.1775	 	8.85306	 	1.38305	 	
95000	-1.23187	 	614.969	 	0.0505286	 	99.6549	 	0.442713	 	0.2825	 	8.85713	 	1.38312	 	
95200	-1.23182	 	614.918	 	0.050947	 	99.6081	 	0.442525	 	0.2875	 	8.86531	 	1.38266	 	
95400	-1.23187	 	614.967	 	0.0508286	 	99.6659	 	0.44273	 	0.2975	 	8.85919	 	1.38253	 	
95600	-1.23176	 	614.861	 	0.0511725	 	99.6051	 	0.442484	 	0.3075	 	8.87013	 	1.38283	 	
95800	-1.23172	 	614.811	 	0.0514294	 	99.5343	 	0.442251	 	0.235	 	8.87495	 	1.38199	 	
96000	-1.23172	 	614.821	 	0.0510435	 	99.5995	 	0.442441	 	0.3325	 	8.87412	 	1.3831	 	
96200	-1.23163	 	614.731	 	0.0511878	 	99.521	 	0.4422	 	0.3125	 	8.87694	 	1.3828	 	
96400	-1.23163	 	614.727	 	0.0520673	 	99.5489	 	0.442285	 	0.29	 	8.87603	 	1.38191	 	
96600	-1.23179	 	614.885	 	0.0532494	 	99.6792	 	0.442659	 	0.2625	 	8.87514	 	1.38305	 	
96800	-1.23176	 	614.867	 	0.0540075	 	99.6726	 	0.442613	 	0.255	 	8.87923	 	1.38387	 	
97000	-1.23193	 	615.033	 	0.055157	 	99.7972	 	0.442961	 	0.1625	 	8.87973	 	1.38461	 	
97200	-1.23198	 	615.097	 	0.0558695	 	99.8218	 	0.442932	 	0.25	 	8.89436	 	1.38636	 	
97400	-1.23183	 	614.95	 	0.056318	 	99.7431	 	0.44268	 	0.25	 	8.89864	 	1.38634	 	
97600	-1.23176	 	614.874	 	0.0559818	 	99.6813	 	0.442532	 	0.325	 	8.89481	 	1.38533	 	
97800	-1.23156	 	614.671	 	0.0558085	 	99.5644	 	0.442212	 	0.38	 	8.89318	 	1.38506	 	
98000	-1.23161	 	614.725	 	0.0552888	 	99.6119	 	0.442322	 	0.22	 	8.89679	 	1.38484	 	
98200	-1.23175	 	614.869	 	0.0550289	 	99.6712	 	0.442464	 	0.3525	 	8.90063	 	1.38599	 	
98400	-1.23178	 	614.903	 	0.055335	 	99.6827	 	0.442448	 	0.2775	 	8.90772	 	1.38709	 	
98600	-1.23165	 	614.769	 	0.0556609	 	99.5507	 	0.442043	 	0.39	 	8.91242	 	1.38678	 	
98800	-1.2317	 	614.823	 	0.0555224	 	99.5721	 	0.442107	 	0.2475	 	8.91203	 	1.38651	 	
99000	-1.23181	 	614.926	 	0.0552346	 	99.6477	 	0.442326	 	0.2525	 	8.91116	 	1.38657	 	
99200	-1.23181	 	614.932	 	0.0542825	 	99.643	 	0.442311	 	0.305	 	8.91141	 	1.38642	 	
99400	-1.23194	 	615.057	 	0.0529963	 	99.7328	 	0.442598	 	0.125	 	8.90649	 	1.38637	 	
99600	-1.23208	 	615.198	 	0.0516264	 	99.8577	 	0.442973	 	0.335	 	8.90322	 	1.38621	 	
99800	-1.23228	 	615.393	 	0.0502441	 	100	 	0.443364	 	0.2125	 	8.90481	 	1.38703	 	
100000	-1.23228	 	615.387	 	0.0496936	 	99.951	 	0.443233	 	0.26	 	8.9037	 	1.38614	 	
100200	-1.23234	 	615.444	 	0.0501912	 	99.9684	 	0.443216	 	0.1875	 	8.91346	 	1.38618	 	
100400	-1.23222	 	615.325	 	0.0500967	 	99.8871	 	0.44301	 	0.2425	 	8.90997	 	1.38563	 	
100600	-1.23207	 	615.179	 	0.0507561	 	99.8236	 	0.44289	 	0.24	 	8.90126	 	1.38507	 	
100800	-1.23205	 	615.15	 	0.0515177	 	99.7961	 	0.442873	 	0.28	 	8.89224	 	1.38401	 	
101000	-1.23204	 	615.136	 	0.0523223	 	99.7937	 	0.442905	 	0.2775	 	8.88655	 	1.38365	 	
101200	-1.23192	 	615.014	 	0.0529912	 	99.738	 	0.442805	 	0.2225	 	8.87809	 	1.38252	 	
101400	-1.23196	 	615.057	 	0.0527056	 	99.7629	 	0.442879	 	0.24	 	8.87765	 	1.38314	 	
101600	-1.23199	 	615.093	 	0.0532443	 	99.7759	 	0.442943	 	0.2025	 	8.87352	 	1.38343	 	
101800	-1.23204	 	615.142	 	0.0540769	 	99.8007	 	0.44301	 	0.1975	 	8.87396	 	1.38383	 	
102000	-1.23201	 	615.106	 	0.0546947	 	99.7636	 	0.442874	 	0.345	 	8.87852	 	1.38378	 	
102200	-1.23185	 	614.95	 	0.0546433	 	99.6581	 	0.442604	 	0.3125	 	8.87449	 	1.38348	 	
102400	-1.23178	 	614.883	 	0.0547474	 	99.6073	 	0.442467	 	0.27	 	8.87351	 	1.38335	 	
102600	-1.23185	 	614.958	 	0.0548492	 	99.6657	 	0.442654	 	0.285	 	8.87026	 	1.38431	 	
102800	-1.23198	 	615.092	 	0.0545881	 	99.7721	 	0.442949	 	0.2725	 	8.87103	 	1.3858	 	
103000	-1.2321	 	615.213	 	0.0546726	 	99.8579	 	0.443179	 	0.155	 	8.87279	 	1.38678	 	
103200	-1.23223	 	615.342	 	0.0545652	 	99.9612	 	0.443493	 	0.2275	 	8.86944	 	1.38694	 	
103400	-1.23238	 	615.498	 	0.0546009	 	100.066	 	0.443803	 	0.285	 	8.86724	 	1.38742	 	
103600	-1.23258	 	615.702	 	0.0543998	 	100.209	 	0.444192	 	0.1425	 	8.86955	 	1.38843	 	
103800	-1.23274	 	615.856	 	0.0542307	 	100.336	 	0.444534	 	0.235	 	8.87146	 	1.38858	 	
104000	-1.23261	 	615.727	 	0.0540257	 	100.25	 	0.444295	 	0.285	 	8.87119	 	1.38862	 	
104200	-1.23271	 	615.832	 	0.0539847	 	100.303	 	0.444458	 	0.1825	 	8.86909	 	1.38882	 	
104400	-1.23265	 	615.763	 	0.0535045	 	100.267	 	0.444397	 	0.25	 	8.8632	 	1.38776	 	
104600	-1.23287	 	615.99	 	0.0521826	 	100.401	 	0.444767	 	0.245	 	8.86396	 	1.38917	 	
104800	-1.23283	 	615.954	 	0.051207	 	100.398	 	0.444795	 	0.3675	 	8.85858	 	1.38912	 	
105000	-1.2327	 	615.817	 	0.0506936	 	100.26	 	0.444377	 	0.315	 	8.86335	 	1.38825	 	
105200	-1.23252	 	615.639	 	0.0504279	 	100.118	 	0.443901	 	0.3175	 	8.87469	 	1.38867	 	
105400	-1.23266	 	615.772	 	0.0503891	 	100.244	 	0.444268	 	0.2875	 	8.87271	 	1.38828	 	
105600	-1.23254	 	615.658	 	0.0503964	 	100.141	 	0.44396	 	0.28	 	8.87551	 	1.38794	 	
105800	-1.23241	 	615.52	 	0.0499123	 	100.02	 	0.443603	 	0.2825	 	8.8778	 	1.38722	 	
106000	-1.23238	 	615.499	 	0.0490524	 	100.009	 	0.443548	 	0.2525	 	8.88129	 	1.38748	 	
106200	-1.23242	 	615.529	 	0.0481275	 	100.013	 	0.443552	 	0.2675	 	8.88233	 	1.38702	 	
106400	-1.23254	 	615.65	 	0.0469433	 	100.093	 	0.443812	 	0.3	 	8.87734	 	1.38634	 	
106600	-1.23247	 	615.579	 	0.0460848	 	100.064	 	0.44376	 	0.2775	 	8.87269	 	1.38638	 	
106800	-1.23263	 	615.738	 	0.0458804	 	100.178	 	0.444079	 	0.3	 	8.87329	 	1.38749	 	
107000	-1.23255	 	615.662	 	0.0460812	 	100.161	 	0.444052	 	0.31	 	8.86997	 	1.38691	 	
107200	-1.2325	 	615.602	 	0.0461242	 	100.121	 	0.443958	 	0.335	 	8.8674	 	1.38617	 	
107400	-1.23243	 	615.531	 	0.0458312	 	100.082	 	0.443883	 	0.3125	 	8.86213	 	1.38549	 	
107600	-1.23236	 	615.458	 	0.0458615	 	100.036	 	0.443832	 	0.1975	 	8.85071	 	1.38483	 	
107800	-1.23223	 	615.33	 	0.0456646	 	99.95	 	0.443598	 	0.2325	 	8.84929	 	1.3843	 	
108000	-1.23216	 	615.258	 	0.0452294	 	99.8662	 	0.443312	 	0.1875	 	8.85671	 	1.38417	 	
108200	-1.23224	 	615.342	 	0.0447767	 	99.9007	 	0.443384	 	0.24	 	8.86036	 	1.38498	 	
108400	-1.23231	 	615.419	 	0.0445996	 	100.008	 	0.44369	 	0.205	 	8.85973	 	1.38603	 	
108600	-1.2324	 	615.512	 	0.0442497	 	100.08	 	0.443904	 	0.245	 	8.85817	 	1.38612	 	
108800	-1.23248	 	615.581	 	0.0441165	 	100.131	 	0.444095	 	0.29	 	8.85133	 	1.38582	 	
109000	-1.23249	 	615.592	 	0.0448491	 	100.143	 	0.444146	 	0.195	 	8.84854	 	1.38536	 	
109200	-1.23252	 	615.643	 	0.0454491	 	100.181	 	0.44413	 	0.2525	 	8.86691	 	1.38865	 	
109400	-1.23269	 	615.823	 	0.0464617	 	100.297	 	0.444414	 	0.2675	 	8.87326	 	1.39033	 	
109600	-1.23261	 	615.731	 	0.0468087	 	100.199	 	0.444121	 	0.375	 	8.87565	 	1.38963	 	
109800	-1.2327	 	615.828	 	0.0465579	 	100.29	 	0.444362	 	0.1975	 	8.87801	 	1.39094	 	
110000	-1.23293	 	616.063	 	0.0466315	 	100.452	 	0.444775	 	0.255	 	8.88429	 	1.39259	 	
110200	-1.23306	 	616.214	 	0.0469383	 	100.533	 	0.444933	 	0.2225	 	8.89477	 	1.39534	 	
110400	-1.23326	 	616.416	 	0.0469109	 	100.695	 	0.445359	 	0.1775	 	8.89873	 	1.39646	 	
110600	-1.23328	 	616.43	 	0.0467311	 	100.722	 	0.445488	 	0.3075	 	8.89099	 	1.39581	 	
110800	-1.23316	 	616.313	 	0.0466398	 	100.599	 	0.44512	 	0.3075	 	8.89421	 	1.39529	 	
111000	-1.23301	 	616.156	 	0.0464537	 	100.451	 	0.444647	 	0.29	 	8.90261	 	1.39482	 	
111200	-1.23287	 	616.025	 	0.046367	 	100.345	 	0.444315	 	0.2	 	8.90771	 	1.3947	 	
111400	-1.23284	 	615.993	 	0.0461578	 	100.323	 	0.444307	 	0.1925	 	8.89976	 	1.39437	 	
111600	-1.23287	 	616.031	 	0.0454651	 	100.334	 	0.444253	 	0.235	 	8.91219	 	1.39565	 	
111800	-1.2328	 	615.954	 	0.0452183	 	100.265	 	0.444051	 	0.3425	 	8.91362	 	1.39572	 	
112000	-1.23287	 	616.025	 	0.0450215	 	100.354	 	0.444331	 	0.265	 	8.90917	 	1.39499	 	
112200	-1.23296	 	616.106	 	0.0447673	 	100.42	 	0.44456	 	0.2125	 	8.90284	 	1.39468	 	
112400	-1.23297	 	616.121	 	0.0448325	 	100.43	 	0.444623	 	0.2575	 	8.89743	 	1.3945	 	
112600	-1.23291	 	616.053	 	0.0449241	 	100.374	 	0.444518	 	0.2	 	8.88975	 	1.39374	 	
112800	-1.23281	 	615.959	 	0.045386	 	100.336	 	0.444413	 	0.305	 	8.88949	 	1.39421	 	
113000	-1.23264	 	615.795	 	0.0458546	 	100.249	 	0.444195	 	0.285	 	8.88569	 	1.39423	 	
113200	-1.23267	 	615.819	 	0.0458983	 	100.286	 	0.444332	 	0.2075	 	8.88052	 	1.39327	 	
113400	-1.23274	 	615.891	 	0.0454164	 	100.326	 	0.444414	 	0.23	 	8.88539	 	1.39394	 	
113600	-1.23272	 	615.867	 	0.0448485	 	100.29	 	0.444254	 	0.1825	 	8.89384	 	1.39373	 	
113800	-1.23277	 	615.923	 	0.0444023	 	100.341	 	0.444371	 	0.265	 	8.89768	 	1.39464	 	
114000	-1.23276	 	615.91	 	0.044303	 	100.357	 	0.444457	 	0.1475	 	8.89182	 	1.39385	 	
114200	-1.23287	 	616.021	 	0.0441823	 	100.443	 	0.44472	 	0.29	 	8.88858	 	1.39389	 	
114400	-1.23279	 	615.943	 	0.0436072	 	100.426	 	0.444671	 	0.26	 	8.88859	 	1.39437	 	
114600	-1.23298	 	616.133	 	0.0423523	 	100.576	 	0.445074	 	0.155	 	8.89172	 	1.39481	 	
114800	-1.23297	 	616.118	 	0.0415214	 	100.561	 	0.445055	 	0.3425	 	8.88814	 	1.39461	 	
115000	-1.23301	 	616.156	 	0.0405124	 	100.607	 	0.445218	 	0.1725	 	8.88303	 	1.39416	 	
115200	-1.23299	 	616.134	 	0.0401099	 	100.609	 	0.445254	 	0.25	 	8.8784	 	1.39352	 	
115400	-1.23299	 	616.127	 	0.0398753	 	100.639	 	0.44539	 	0.1975	 	8.87085	 	1.39282	 	
115600	-1.23294	 	616.076	 	0.0395195	 	100.609	 	0.445312	 	0.3375	 	8.86982	 	1.39256	 	
115800	-1.23284	 	615.969	 	0.0391049	 	100.501	 	0.445022	 	0.3025	 	8.86809	 	1.39163	 	
116000	-1.23278	 	615.918	 	0.0384084	 	100.463	 	0.444903	 	0.2	 	8.86994	 	1.39146	 	
116200	-1.23285	 	615.987	 	0.0377733	 	100.491	 	0.444912	 	0.2325	 	8.88019	 	1.39274	 	
116400	-1.23279	 	615.93	 	0.0372932	 	100.442	 	0.444746	 	0.2025	 	8.88446	 	1.39309	 	
116600	-1.23292	 	616.064	 	0.037333	 	100.507	 	0.444936	 	0.1175	 	8.88309	 	1.39361	 	
116800	-1.23281	 	615.956	 	0.0368985	 	100.416	 	0.444661	 	0.2175	 	8.88597	 	1.39402	 	
117000	-1.23287	 	616.02	 	0.0358992	 	100.478	 	0.444837	 	0.3875	 	8.88596	 	1.39384	 	
117200	-1.23278	 	615.924	 	0.0356763	 	100.432	 	0.444701	 	0.29	 	8.88679	 	1.3938	 	
117400	-1.23289	 	616.039	 	0.0358448	 	100.506	 	0.444873	 	0.275	 	8.89212	 	1.39416	 	
117600	-1.23293	 	616.073	 	0.0360584	 	100.511	 	0.444894	 	0.295	 	8.89107	 	1.39404	 	
117800	-1.23297	 	616.115	 	0.0361424	 	100.568	 	0.445085	 	0.24	 	8.88648	 	1.39434	 	
118000	-1.23312	 	616.272	 	0.0359897	 	100.681	 	0.445402	 	0.27	 	8.88672	 	1.39479	 	
118200	-1.23322	 	616.361	 	0.0358387	 	100.76	 	0.445655	 	0.26	 	8.88187	 	1.39433	 	
118400	-1.23339	 	616.537	 	0.035961	 	100.878	 	0.445983	 	0.265	 	8.88257	 	1.39488	 	
118600	-1.23359	 	616.739	 	0.035975	 	101.027	 	0.446373	 	0.2725	 	8.88642	 	1.39602	 	
118800	-1.23365	 	616.805	 	0.0361971	 	101.087	 	0.446556	 	0.2825	 	8.88429	 	1.39652	 	
119000	-1.23376	 	616.907	 	0.0363566	 	101.16	 	0.446779	 	0.3075	 	8.88125	 	1.39648	 	
119200	-1.23392	 	617.073	 	0.03624	 	101.285	 	0.447118	 	0.215	 	8.88319	 	1.39775	 	
119400	-1.23412	 	617.28	 	0.0361406	 	101.426	 	0.447487	 	0.125	 	8.88665	 	1.39914	 	
119600	-1.23407	 	617.227	 	0.035656	 	101.424	 	0.44745	 	0.275	 	8.89128	 	1.3993	 	
119800	-1.23398	 	617.135	 	0.0354429	 	101.389	 	0.447399	 	0.235	 	8.88437	 	1.39884	 	
120000	-1.23385	 	617.008	 	0.0355374	 	101.335	 	0.447253	 	0.3025	 	8.88355	 	1.39903	 	
120200	-1.23372	 	616.881	 	0.0353153	 	101.222	 	0.446933	 	0.2625	 	8.88439	 	1.39849	 	
120400	-1.23369	 	616.853	 	0.0348434	 	101.207	 	0.446856	 	0.33	 	8.88973	 	1.3987	 	
120600	-1.23357	 	616.733	 	0.034472	 	101.093	 	0.446476	 	0.2225	 	8.89849	 	1.39836	 	
120800	-1.23359	 	616.754	 	0.0336301	 	101.095	 	0.446521	 	0.3575	 	8.89291	 	1.39792	 	
121000	-1.23357	 	616.728	 	0.0327927	 	101.099	 	0.446565	 	0.18	 	8.88779	 	1.39745	 	
121200	-1.23349	 	616.655	 	0.0322295	 	101.049	 	0.44635	 	0.26	 	8.89889	 	1.39799	 	
121400	-1.23339	 	616.549	 	0.0317741	 	100.935	 	0.446038	 	0.2625	 	8.89779	 	1.39712	 	
121600	-1.2333	 	616.458	 	0.032118	 	100.86	 	0.445818	 	0.1725	 	8.89926	 	1.39688	 	
121800	-1.23328	 	616.439	 	0.0326642	 	100.851	 	0.445787	 	0.265	 	8.90009	 	1.39784	 	
122000	-1.23331	 	616.479	 	0.0318178	 	100.876	 	0.445849	 	0.1675	 	8.90132	 	1.39827	 	
122200	-1.23321	 	616.381	 	0.0312831	 	100.812	 	0.445635	 	0.295	 	8.90676	 	1.39865	 	
122400	-1.23336	 	616.526	 	0.0302442	 	100.9	 	0.445894	 	0.225	 	8.90461	 	1.39902	 	
122600	-1.23333	 	616.498	 	0.0298197	 	100.893	 	0.445895	 	0.285	 	8.90178	 	1.39837	 	
122800	-1.23331	 	616.477	 	0.0297231	 	100.889	 	0.445927	 	0.32	 	8.89519	 	1.39776	 	
123000	-1.2333	 	616.47	 	0.0290764	 	100.881	 	0.445839	 	0.32	 	8.905	 	1.39846	 	
123200	-1.2332	 	616.37	 	0.0285876	 	100.796	 	0.445564	 	0.295	 	8.91069	 	1.39803	 	
123400	-1.23311	 	616.275	 	0.0278662	 	100.779	 	0.445517	 	0.295	 	8.91018	 	1.39814	 	
123600	-1.23309	 	616.252	 	0.0271106	 	100.757	 	0.445506	 	0.31	 	8.90279	 	1.39732	 	
123800	-1.23299	 	616.15	 	0.0270172	 	100.632	 	0.44511	 	0.1775	 	8.90956	 	1.39655	 	
124000	-1.23287	 	616.034	 	0.0266815	 	100.6	 	0.445034	 	0.235	 	8.90752	 	1.39653	 	
124200	-1.23289	 	616.055	 	0.0259793	 	100.629	 	0.445077	 	0.285	 	8.913	 	1.39739	 	
124400	-1.23307	 	616.244	 	0.0259421	 	100.776	 	0.445461	 	0.1625	 	8.91723	 	1.3989	 	
124600	-1.23307	 	616.241	 	0.0259478	 	100.814	 	0.445596	 	0.27	 	8.91298	 	1.3989	 	
124800	-1.23299	 	616.167	 	0.0256036	 	100.775	 	0.445478	 	0.3275	 	8.91442	 	1.39887	 	
125000	-1.23302	 	616.189	 	0.0255904	 	100.794	 	0.44557	 	0.195	 	8.9089	 	1.39819	 	
125200	-1.23303	 	616.198	 	0.0263089	 	100.811	 	0.445622	 	0.3025	 	8.90806	 	1.39828	 	
125400	-1.233	 	616.168	 	0.0265939	 	100.782	 	0.445527	 	0.3425	 	8.90998	 	1.39764	 	
125600	-1.23308	 	616.253	 	0.0269252	 	100.82	 	0.445604	 	0.1975	 	8.91435	 	1.39889	 	
125800	-1.23301	 	616.185	 	0.0269098	 	100.771	 	0.445511	 	0.2525	 	8.90796	 	1.39884	 	
126000	-1.23286	 	616.035	 	0.0268437	 	100.684	 	0.44524	 	0.275	 	8.91187	 	1.39912	 	
126200	-1.23281	 	615.98	 	0.0266337	 	100.609	 	0.445005	 	0.2075	 	8.91534	 	1.39851	 	
126400	-1.23278	 	615.942	 	0.0263892	 	100.574	 	0.444932	 	0.2425	 	8.91152	 	1.39715	 	
126600	-1.23265	 	615.817	 	0.0260745	 	100.485	 	0.444647	 	0.305	 	8.91676	 	1.39677	 	
126800	-1.23268	 	615.841	 	0.0262502	 	100.507	 	0.444746	 	0.32	 	8.91156	 	1.39622	 	
127000	-1.23276	 	615.916	 	0.0263139	 	100.538	 	0.444872	 	0.1575	 	8.90577	 	1.39579	 	
127200	-1.23283	 	615.986	 	0.0262796	 	100.591	 	0.445062	 	0.2175	 	8.89936	 	1.39524	 	
127400	-1.23288	 	616.041	 	0.0256715	 	100.617	 	0.445075	 	0.21	 	8.90846	 	1.39638	 	
127600	-1.23282	 	615.976	 	0.02507	 	100.57	 	0.444941	 	0.325	 	8.90886	 	1.39633	 	
127800	-1.23278	 	615.948	 	0.0243927	 	100.568	 	0.444916	 	0.2575	 	8.91159	 	1.39688	 	
128000	-1.23278	 	615.947	 	0.0238468	 	100.537	 	0.444779	 	0.3175	 	8.91917	 	1.39652	 	
128200	-1.23276	 	615.923	 	0.0230077	 	100.563	 	0.444887	 	0.1425	 	8.91389	 	1.39593	 	
128400	-1.23279	 	615.954	 	0.0223385	 	100.592	 	0.44495	 	0.34	 	8.91651	 	1.39621	 	
128600	-1.23287	 	616.033	 	0.0214497	 	100.652	 	0.445113	 	0.25	 	8.9175	 	1.39613	 	
128800	-1.23285	 	616.014	 	0.020918	 	100.633	 	0.445017	 	0.305	 	8.92383	 	1.39723	 	
129000	-1.23292	 	616.079	 	0.0200286	 	100.681	 	0.445184	 	0.23	 	8.91909	 	1.39692	 	
129200	-1.23284	 	616.001	 	0.019583	 	100.636	 	0.445079	 	0.2925	 	8.91586	 	1.39666	 	
129400	-1.23294	 	616.102	 	0.0197243	 	100.719	 	0.44532	 	0.295	 	8.9146	 	1.3976	 	
129600	-1.23306	 	616.228	 	0.0196405	 	100.816	 	0.445603	 	0.165	 	8.91316	 	1.39796	 	
129800	-1.23313	 	616.294	 	0.0192426	 	100.841	 	0.445644	 	0.1475	 	8.9174	 	1.39833	 	
130000	-1.23326	 	616.431	 	0.0190626	 	100.952	 	0.44593	 	0.1625	 	8.92112	 	1.39961	 	
130200	-1.23316	 	616.334	 	0.0191029	 	100.851	 	0.445618	 	0.325	 	8.92527	 	1.39926	 	
130400	-1.23313	 	616.306	 	0.0193831	 	100.842	 	0.445561	 	0.33	 	8.93033	 	1.39955	 	
130600	-1.23311	 	616.286	 	0.0198704	 	100.833	 	0.445496	 	0.2825	 	8.93582	 	1.39937	 	
130800	-1.23315	 	616.329	 	0.0199648	 	100.878	 	0.445611	 	0.2925	 	8.9375	 	1.40091	 	
131000	-1.23332	 	616.507	 	0.0200287	 	100.999	 	0.445911	 	0.325	 	8.94331	 	1.40255	 	
131200	-1.23325	 	616.444	 	0.0203539	 	100.955	 	0.445765	 	0.3625	 	8.94701	 	1.40349	 	
131400	-1.23314	 	616.335	 	0.020326	 	100.873	 	0.445531	 	0.355	 	8.94751	 	1.40306	 	
131600	-1.23296	 	616.167	 	0.0201405	 	100.751	 	0.445108	 	0.325	 	8.95951	 	1.40387	 	
131800	-1.23306	 	616.262	 	0.0192505	 	100.802	 	0.445292	 	0.175	 	8.95321	 	1.40343	 	
132000	-1.233	 	616.207	 	0.0187377	 	100.756	 	0.445119	 	0.2975	 	8.95998	 	1.40397	 	
132200	-1.23314	 	616.341	 	0.0177472	 	100.86	 	0.445407	 	0.2875	 	8.96018	 	1.40434	 	
132400	-1.23314	 	616.347	 	0.0170984	 	100.87	 	0.445401	 	0.3125	 	8.9654	 	1.40499	 	
132600	-1.23309	 	616.295	 	0.0164807	 	100.839	 	0.445337	 	0.285	 	8.96205	 	1.40402	 	
132800	-1.23306	 	616.253	 	0.0157715	 	100.829	 	0.445351	 	0.22	 	8.95598	 	1.40304	 	
133000	-1.23317	 	616.371	 	0.0155974	 	100.896	 	0.445512	 	0.245	 	8.95968	 	1.40406	 	
133200	-1.23328	 	616.488	 	0.0149941	 	100.941	 	0.445609	 	0.22	 	8.9642	 	1.40466	 	
133400	-1.23334	 	616.543	 	0.0141606	 	100.993	 	0.445752	 	0.155	 	8.96451	 	1.40538	 	
133600	-1.23355	 	616.765	 	0.0130944	 	101.142	 	0.44613	 	0.24	 	8.97057	 	1.40699	 	
133800	-1.23345	 	616.666	 	0.0130318	 	101.061	 	0.445909	 	0.2125	 	8.96976	 	1.40663	 	
134000	-1.23341	 	616.621	 	0.013121	 	101.017	 	0.445805	 	0.2675	 	8.96667	 	1.40592	 	
134200	-1.23337	 	616.577	 	0.0134877	 	101.009	 	0.445785	 	0.2675	 	8.96649	 	1.40593	 	
134400	-1.23348	 	616.682	 	0.0143566	 	101.08	 	0.44601	 	0.355	 	8.9627	 	1.40564	 	
134600	-1.2335	 	616.706	 	0.0149617	 	101.08	 	0.445979	 	0.32	 	8.96691	 	1.40602	 	
134800	-1.23351	 	616.713	 	0.0154991	 	101.072	 	0.445953	 	0.265	 	8.96765	 	1.40541	 	
135000	-1.23349	 	616.696	 	0.0156163	 	101.069	 	0.445986	 	0.2875	 	8.9617	 	1.40506	 	
135200	-1.23349	 	616.693	 	0.0149981	 	101.081	 	0.446025	 	0.24	 	8.96047	 	1.40433	 	
135400	-1.23353	 	616.729	 	0.0141753	 	101.12	 	0.446167	 	0.255	 	8.95569	 	1.40397	 	
135600	-1.23342	 	616.62	 	0.0139388	 	101.054	 	0.446004	 	0.2225	 	8.95239	 	1.40397	 	
135800	-1.23352	 	616.718	 	0.0137857	 	101.131	 	0.446241	 	0.1625	 	8.94964	 	1.40363	 	
136000	-1.2337	 	616.891	 	0.01378	 	101.257	 	0.446576	 	0.2375	 	8.95201	 	1.40419	 	
136200	-1.23373	 	616.921	 	0.0137664	 	101.276	 	0.446691	 	0.185	 	8.94295	 	1.40341	 	
136400	-1.23386	 	617.041	 	0.0137287	 	101.362	 	0.446952	 	0.24	 	8.93995	 	1.40307	 	
136600	-1.23394	 	617.123	 	0.0137993	 	101.45	 	0.447211	 	0.37	 	8.93773	 	1.40299	 	
136800	-1.23389	 	617.073	 	0.0143039	 	101.413	 	0.447163	 	0.295	 	8.92949	 	1.40246	 	
137000	-1.23391	 	617.088	 	0.0150598	 	101.442	 	0.447287	 	0.2375	 	8.92334	 	1.4018	 	
137200	-1.23388	 	617.061	 	0.0153369	 	101.429	 	0.447257	 	0.3075	 	8.92204	 	1.4016	 	
137400	-1.23404	 	617.218	 	0.0152747	 	101.534	 	0.44756	 	0.215	 	8.9209	 	1.40169	 	
137600	-1.23406	 	617.243	 	0.015883	 	101.57	 	0.447641	 	0.185	 	8.92396	 	1.40243	 	
137800	-1.23413	 	617.31	 	0.0166901	 	101.623	 	0.447821	 	0.2475	 	8.91888	 	1.40252	 	
138000	-1.23408	 	617.261	 	0.0173383	 	101.619	 	0.447845	 	0.2825	 	8.91369	 	1.40247	 	
138200	-1.23409	 	617.271	 	0.0179505	 	101.618	 	0.447834	 	0.1325	 	8.9149	 	1.40277	 	
138400	-1.23408	 	617.258	 	0.0182427	 	101.566	 	0.447699	 	0.325	 	8.91332	 	1.40223	 	
138600	-1.23398	 	617.16	 	0.0178415	 	101.481	 	0.447457	 	0.305	 	8.91389	 	1.40192	 	
138800	-1.23384	 	617.018	 	0.0175366	 	101.399	 	0.447209	 	0.1775	 	8.91699	 	1.40204	 	
139000	-1.23373	 	616.905	 	0.0172165	 	101.305	 	0.446929	 	0.2775	 	8.91941	 	1.40172	 	
139200	-1.23359	 	616.777	 	0.0169597	 	101.217	 	0.446692	 	0.37	 	8.91805	 	1.40205	 	
139400	-1.23368	 	616.863	 	0.0168953	 	101.295	 	0.44693	 	0.185	 	8.91524	 	1.40176	 	
139600	-1.23371	 	616.892	 	0.016918	 	101.312	 	0.446992	 	0.3125	 	8.91303	 	1.4016	 	
139800	-1.23366	 	616.839	 	0.0172303	 	101.241	 	0.446759	 	0.24	 	8.91806	 	1.4017	 	
140000	-1.23378	 	616.961	 	0.0180024	 	101.307	 	0.446917	 	0.285	 	8.92218	 	1.40232	 	
140200	-1.23369	 	616.881	 	0.0183462	 	101.253	 	0.446749	 	0.36	 	8.92474	 	1.40287	 	
140400	-1.23377	 	616.96	 	0.0183011	 	101.316	 	0.446925	 	0.1875	 	8.92469	 	1.40329	 	
140600	-1.23387	 	617.067	 	0.0180514	 	101.367	 	0.447056	 	0.27	 	8.92625	 	1.40427	 	
140800	-1.23374	 	616.936	 	0.0178791	 	101.262	 	0.446736	 	0.2375	 	8.93011	 	1.40396	 	
141000	-1.2336	 	616.793	 	0.017794	 	101.129	 	0.446267	 	0.2475	 	8.94451	 	1.40403	 	
141200	-1.23354	 	616.735	 	0.0179824	 	101.042	 	0.446004	 	0.3475	 	8.94743	 	1.40341	 	
141400	-1.2335	 	616.697	 	0.0180296	 	101.032	 	0.445975	 	0.295	 	8.94782	 	1.40338	 	
141600	-1.23344	 	616.632	 	0.01782	 	100.996	 	0.445889	 	0.3375	 	8.9453	 	1.40285	 	
141800	-1.23352	 	616.709	 	0.0176852	 	101.065	 	0.446109	 	0.28	 	8.94165	 	1.40236	 	
142000	-1.23357	 	616.758	 	0.0176079	 	101.081	 	0.44613	 	0.235	 	8.9453	 	1.40251	 	
142200	-1.23353	 	616.709	 	0.0181169	 	101.052	 	0.446042	 	0.195	 	8.94625	 	1.402	 	
142400	-1.23347	 	616.648	 	0.0183135	 	100.956	 	0.445716	 	0.25	 	8.95456	 	1.40127	 	
142600	-1.23341	 	616.587	 	0.0188517	 	100.928	 	0.445659	 	0.2825	 	8.95126	 	1.40095	 	
142800	-1.2333	 	616.48	 	0.0189413	 	100.835	 	0.445401	 	0.28	 	8.95099	 	1.40055	 	
143000	-1.23329	 	616.463	 	0.0195474	 	100.832	 	0.445411	 	0.3075	 	8.94831	 	1.40039	 	
143200	-1.23348	 	616.667	 	0.0204859	 	100.967	 	0.445755	 	0.2025	 	8.9532	 	1.40167	 	
143400	-1.23355	 	616.736	 	0.02129	 	101.035	 	0.445966	 	0.2325	 	8.95017	 	1.40173	 	
143600	-1.23344	 	616.622	 	0.0215084	 	100.96	 	0.445722	 	0.305	 	8.95514	 	1.40182	 	
143800	-1.23342	 	616.603	 	0.0212858	 	100.946	 	0.44569	 	0.17	 	8.95422	 	1.40101	 	
144000	-1.23349	 	616.665	 	0.0213794	 	101.007	 	0.445873	 	0.2675	 	8.95229	 	1.40091	 	
144200	-1.23355	 	616.723	 	0.021381	 	101.064	 	0.446066	 	0.2875	 	8.9476	 	1.40037	 	
144400	-1.23355	 	616.722	 	0.0212588	 	101.074	 	0.446129	 	0.1625	 	8.94248	 	1.39984	 	
144600	-1.23368	 	616.857	 	0.020547	 	101.171	 	0.446367	 	0.2075	 	8.94744	 	1.40113	 	
144800	-1.23364	 	616.819	 	0.0200444	 	101.157	 	0.446281	 	0.2225	 	8.95442	 	1.40225	 	
145000	-1.23376	 	616.949	 	0.0199853	 	101.271	 	0.446589	 	0.1975	 	8.95592	 	1.40278	 	
145200	-1.23392	 	617.114	 	0.0199792	 	101.402	 	0.446926	 	0.19	 	8.96029	 	1.40417	 	
145400	-1.23402	 	617.214	 	0.0199283	 	101.501	 	0.447199	 	0.2	 	8.96106	 	1.40512	 	
145600	-1.23403	 	617.223	 	0.019836	 	101.529	 	0.447307	 	0.375	 	8.9563	 	1.40507	 	
145800	-1.23405	 	617.245	 	0.0199074	 	101.576	 	0.447463	 	0.305	 	8.95291	 	1.40497	 	
146000	-1.234	 	617.196	 	0.0193356	 	101.553	 	0.447422	 	0.245	 	8.94919	 	1.40498	 	
146200	-1.23398	 	617.174	 	0.0189273	 	101.502	 	0.447266	 	0.1725	 	8.95144	 	1.40427	 	
146400	-1.23401	 	617.203	 	0.0183363	 	101.489	 	0.447222	 	0.2875	 	8.95271	 	1.40399	 	
146600	-1.23394	 	617.134	 	0.0177526	 	101.457	 	0.44717	 	0.3275	 	8.94666	 	1.40385	 	
146800	-1.23388	 	617.069	 	0.0171813	 	101.416	 	0.447108	 	0.335	 	8.93899	 	1.4033	 	
147000	-1.23384	 	617.026	 	0.01684	 	101.356	 	0.44694	 	0.3075	 	8.93927	 	1.40257	 	
147200	-1.23384	 	617.021	 	0.0165312	 	101.355	 	0.446914	 	0.3225	 	8.94239	 	1.40263	 	
147400	-1.23378	 	616.963	 	0.016031	 	101.3	 	0.446787	 	0.2725	 	8.93842	 	1.40186	 	
147600	-1.23369	 	616.867	 	0.015846	 	101.214	 	0.446558	 	0.2525	 	8.93702	 	1.4015	 	
147800	-1.23357	 	616.751	 	0.01573	 	101.094	 	0.446158	 	0.2725	 	8.94653	 	1.40116	 	
148000	-1.23353	 	616.714	 	0.0160796	 	101.055	 	0.445994	 	0.2725	 	8.95468	 	1.40129	 	
148200	-1.23365	 	616.833	 	0.0168778	 	101.132	 	0.446212	 	0.28	 	8.95433	 	1.40208	 	
148400	-1.23365	 	616.834	 	0.0174806	 	101.129	 	0.446236	 	0.295	 	8.94954	 	1.40138	 	
148600	-1.23367	 	616.84	 	0.0175119	 	101.112	 	0.446216	 	0.25	 	8.94514	 	1.40065	 	
148800	-1.23362	 	616.789	 	0.0177482	 	101.066	 	0.446078	 	0.3175	 	8.94654	 	1.40039	 	
149000	-1.23358	 	616.758	 	0.0178658	 	101.079	 	0.446141	 	0.2	 	8.94267	 	1.40028	 	
149200	-1.23361	 	616.782	 	0.0177209	 	101.127	 	0.446304	 	0.29	 	8.93815	 	1.40025	 	
149400	-1.23372	 	616.891	 	0.017782	 	101.189	 	0.446499	 	0.27	 	8.93541	 	1.40038	 	
149600	-1.23376	 	616.936	 	0.0178757	 	101.238	 	0.446644	 	0.255	 	8.93387	 	1.40068	 	
149800	-1.23368	 	616.854	 	0.017806	 	101.134	 	0.446331	 	0.3325	 	8.93743	 	1.39986	 	
150000	-1.23365	 	616.819	 	0.0182827	 	101.106	 	0.446259	 	0.3525	 	8.93651	 	1.39975	 	
150200	-1.23371	 	616.88	 	0.0185339	 	101.139	 	0.446338	 	0.2675	 	8.93816	 	1.40063	 	
150400	-1.23376	 	616.94	 	0.0185892	 	101.158	 	0.446426	 	0.27	 	8.93333	 	1.40108	 	
150600	-1.23389	 	617.072	 	0.0187485	 	101.233	 	0.446609	 	0.3	 	8.93708	 	1.40236	 	
150800	-1.23391	 	617.093	 	0.0186837	 	101.252	 	0.4467	 	0.3025	 	8.9313	 	1.40203	 	
151000	-1.2339	 	617.074	 	0.0184156	 	101.211	 	0.44658	 	0.32	 	8.93229	 	1.40163	 	
151200	-1.23374	 	616.923	 	0.0181959	 	101.116	 	0.446273	 	0.28	 	8.93829	 	1.40217	 	
151400	-1.2338	 	616.977	 	0.0174919	 	101.152	 	0.446367	 	0.195	 	8.93927	 	1.40209	 	
151600	-1.23387	 	617.049	 	0.016834	 	101.176	 	0.446413	 	0.16	 	8.94257	 	1.40211	 	
151800	-1.23392	 	617.104	 	0.0161414	 	101.207	 	0.446496	 	0.285	 	8.94337	 	1.40241	 	
152000	-1.23391	 	617.085	 	0.0156196	 	101.179	 	0.446441	 	0.3	 	8.93968	 	1.4014	 	
152200	-1.23392	 	617.093	 	0.0150095	 	101.178	 	0.446445	 	0.2875	 	8.93843	 	1.40113	 	
152400	-1.23398	 	617.149	 	0.0143127	 	101.22	 	0.446559	 	0.1875	 	8.93933	 	1.40092	 	
152600	-1.23401	 	617.177	 	0.0135436	 	101.272	 	0.446724	 	0.3375	 	8.93621	 	1.40033	 	
152800	-1.23397	 	617.136	 	0.0129664	 	101.246	 	0.446699	 	0.3175	 	8.92906	 	1.39961	 	
153000	-1.23412	 	617.29	 	0.0128341	 	101.353	 	0.446959	 	0.2825	 	8.93504	 	1.40144	 	
153200	-1.23415	 	617.322	 	0.0127327	 	101.394	 	0.447107	 	0.2775	 	8.92997	 	1.4011	 	
153400	-1.23419	 	617.355	 	0.0126418	 	101.434	 	0.447249	 	0.2025	 	8.92565	 	1.40043	 	
153600	-1.23411	 	617.275	 	0.0126538	 	101.392	 	0.447166	 	0.2225	 	8.9203	 	1.40033	 	
153800	-1.23409	 	617.258	 	0.0130557	 	101.366	 	0.447067	 	0.275	 	8.92427	 	1.40014	 	
154000	-1.23407	 	617.235	 	0.0135612	 	101.337	 	0.44701	 	0.275	 	8.92092	 	1.39952	 	
154200	-1.23411	 	617.267	 	0.0135549	 	101.343	 	0.447026	 	0.255	 	8.92085	 	1.39912	 	
154400	-1.23409	 	617.243	 	0.0136707	 	101.335	 	0.447041	 	0.275	 	8.91523	 	1.39835	 	
154600	-1.23416	 	617.312	 	0.0143656	 	101.384	 	0.447175	 	0.1975	 	8.91587	 	1.39831	 	
154800	-1.23418	 	617.333	 	0.0150256	 	101.411	 	0.447276	 	0.2025	 	8.91186	 	1.39774	 	
155000	-1.23417	 	617.315	 	0.0154174	 	101.355	 	0.447126	 	0.285	 	8.91082	 	1.39703	 	
155200	-1.23421	 	617.356	 	0.016058	 	101.381	 	0.44721	 	0.285	 	8.90942	 	1.39729	 	
155400	-1.23437	 	617.524	 	0.0169416	 	101.509	 	0.447539	 	0.2325	 	8.91337	 	1.39813	 	
155600	-1.2343	 	617.447	 	0.0171567	 	101.431	 	0.447296	 	0.255	 	8.91738	 	1.39762	 	
155800	-1.23421	 	617.36	 	0.0172044	 	101.322	 	0.446939	 	0.295	 	8.92491	 	1.39719	 	
156000	-1.23411	 	617.26	 	0.0173296	 	101.252	 	0.446719	 	0.2175	 	8.92865	 	1.39727	 	
156200	-1.23415	 	617.292	 	0.0179627	 	101.278	 	0.446807	 	0.315	 	8.92628	 	1.3969	 	
156400	-1.2343	 	617.452	 	0.0186869	 	101.372	 	0.447033	 	0.1575	 	8.932	 	1.3981	 	
156600	-1.23435	 	617.504	 	0.0191615	 	101.404	 	0.44712	 	0.2275	 	8.9324	 	1.39818	 	
156800	-1.23447	 	617.621	 	0.0198006	 	101.497	 	0.447354	 	0.26	 	8.93609	 	1.39906	 	
157000	-1.23456	 	617.718	 	0.0198609	 	101.567	 	0.447544	 	0.25	 	8.93706	 	1.39905	 	
157200	-1.23455	 	617.699	 	0.0201072	 	101.549	 	0.447502	 	0.2025	 	8.93584	 	1.39869	 	
157400	-1.23458	 	617.725	 	0.0202351	 	101.563	 	0.447581	 	0.28	 	8.92994	 	1.39794	 	
157600	-1.23452	 	617.671	 	0.0203279	 	101.513	 	0.447447	 	0.235	 	8.92905	 	1.39763	 	
157800	-1.23443	 	617.578	 	0.0202589	 	101.426	 	0.447205	 	0.2425	 	8.92886	 	1.39746	 	
158000	-1.23426	 	617.415	 	0.020136	 	101.335	 	0.446937	 	0.2225	 	8.93071	 	1.3985	 	
158200	-1.23425	 	617.401	 	0.0197171	 	101.302	 	0.446814	 	0.2875	 	8.93527	 	1.39787	 	
158400	-1.23427	 	617.415	 	0.0190801	 	101.32	 	0.446869	 	0.26	 	8.93471	 	1.39759	 	
158600	-1.23422	 	617.368	 	0.0186375	 	101.27	 	0.446726	 	0.3175	 	8.93493	 	1.39728	 	
158800	-1.23412	 	617.267	 	0.018289	 	101.197	 	0.446522	 	0.245	 	8.93501	 	1.39703	 	
159000	-1.23414	 	617.283	 	0.0181306	 	101.205	 	0.446573	 	0.3075	 	8.93095	 	1.39702	 	
159200	-1.23426	 	617.41	 	0.0180306	 	101.287	 	0.446797	 	0.19	 	8.93175	 	1.39807	 	
159400	-1.23439	 	617.547	 	0.018153	 	101.367	 	0.446983	 	0.2975	 	8.93711	 	1.39885	 	
159600	-1.23441	 	617.561	 	0.0188455	 	101.411	 	0.447138	 	0.3075	 	8.93245	 	1.39843	 	
159800	-1.23442	 	617.565	 	0.019396	 	101.413	 	0.447158	 	0.22	 	8.93019	 	1.3979	 	
160000	-1.23432	 	617.464	 	0.0197596	 	101.354	 	0.447013	 	0.2625	 	8.92751	 	1.39759	 	
160200	-1.23438	 	617.534	 	0.0198376	 	101.426	 	0.447193	 	0.2425	 	8.93057	 	1.39794	 	
160400	-1.23435	 	617.498	 	0.0200705	 	101.424	 	0.447199	 	0.2525	 	8.92884	 	1.39798	 	
160600	-1.23438	 	617.53	 	0.020645	 	101.452	 	0.447291	 	0.265	 	8.92677	 	1.39788	 	
160800	-1.23434	 	617.485	 	0.0206652	 	101.417	 	0.447213	 	0.2825	 	8.9238	 	1.39788	 	
161000	-1.2344	 	617.55	 	0.0207833	 	101.455	 	0.447341	 	0.2975	 	8.92055	 	1.39753	 	
161200	-1.23451	 	617.657	 	0.0207991	 	101.533	 	0.447566	 	0.175	 	8.91972	 	1.39777	 	
161400	-1.23451	 	617.657	 	0.0205941	 	101.561	 	0.447664	 	0.2175	 	8.91664	 	1.39766	 	
161600	-1.23471	 	617.864	 	0.0205378	 	101.687	 	0.447979	 	0.17	 	8.92209	 	1.39964	 	
161800	-1.23469	 	617.841	 	0.0205711	 	101.674	 	0.44798	 	0.235	 	8.91645	 	1.3992	 	
162000	-1.23469	 	617.838	 	0.0210672	 	101.685	 	0.448026	 	0.2325	 	8.9142	 	1.39891	 	
162200	-1.23481	 	617.963	 	0.0218447	 	101.779	 	0.448278	 	0.17	 	8.91575	 	1.40004	 	
162400	-1.23477	 	617.929	 	0.0224018	 	101.782	 	0.448309	 	0.2725	 	8.91234	 	1.4005	 	
162600	-1.23472	 	617.882	 	0.0228102	 	101.743	 	0.448195	 	0.2525	 	8.91304	 	1.40007	 	
162800	-1.23466	 	617.812	 	0.0230937	 	101.677	 	0.447962	 	0.2675	 	8.92034	 	1.39985	 	
163000	-1.23465	 	617.806	 	0.0236189	 	101.682	 	0.447967	 	0.195	 	8.92168	 	1.40035	 	
163200	-1.23473	 	617.891	 	0.0243591	 	101.76	 	0.448187	 	0.31	 	8.92119	 	1.40062	 	
163400	-1.23481	 	617.974	 	0.0250618	 	101.824	 	0.448371	 	0.3	 	8.92042	 	1.40072	 	
163600	-1.2348	 	617.957	 	0.0255563	 	101.81	 	0.448348	 	0.315	 	8.91809	 	1.40058	 	
163800	-1.23486	 	618.019	 	0.02624	 	101.864	 	0.448515	 	0.2825	 	8.91559	 	1.4007	 	
164000	-1.23502	 	618.179	 	0.0270558	 	101.979	 	0.448816	 	0.285	 	8.91856	 	1.40155	 	
164200	-1.23512	 	618.286	 	0.0278048	 	102.063	 	0.449052	 	0.2075	 	8.91818	 	1.40201	 	
164400	-1.23522	 	618.391	 	0.0285356	 	102.141	 	0.44927	 	0.25	 	8.91831	 	1.40264	 	
164600	-1.23518	 	618.346	 	0.0290097	 	102.112	 	0.449233	 	0.2875	 	8.91152	 	1.40201	 	
164800	-1.23519	 	618.357	 	0.0296117	 	102.135	 	0.449325	 	0.3225	 	8.90745	 	1.40199	 	
165000	-1.23525	 	618.413	 	0.0303079	 	102.194	 	0.449512	 	0.305	 	8.90376	 	1.40166	 	
165200	-1.2352	 	618.361	 	0.0307253	 	102.171	 	0.449464	 	0.23	 	8.9017	 	1.40107	 	
165400	-1.23533	 	618.492	 	0.0314802	 	102.262	 	0.449712	 	0.315	 	8.90252	 	1.40173	 	
165600	-1.2353	 	618.46	 	0.0319219	 	102.24	 	0.449659	 	0.3425	 	8.90092	 	1.40125	 	
165800	-1.23529	 	618.452	 	0.0317388	 	102.216	 	0.449606	 	0.2675	 	8.89927	 	1.4013	 	
166000	-1.23525	 	618.402	 	0.0316983	 	102.174	 	0.449485	 	0.315	 	8.89973	 	1.4009	 	
166200	-1.2352	 	618.354	 	0.0316792	 	102.151	 	0.449446	 	0.305	 	8.89586	 	1.40058	 	
166400	-1.23524	 	618.395	 	0.0314732	 	102.179	 	0.449539	 	0.1475	 	8.89363	 	1.40015	 	
166600	-1.23532	 	618.472	 	0.0313791	 	102.242	 	0.449722	 	0.355	 	8.89237	 	1.40017	 	
166800	-1.23529	 	618.441	 	0.0314385	 	102.225	 	0.449704	 	0.3225	 	8.88819	 	1.3996	 	
167000	-1.23525	 	618.398	 	0.0317139	 	102.207	 	0.449655	 	0.2025	 	8.88787	 	1.39975	 	
167200	-1.23525	 	618.397	 	0.0315881	 	102.226	 	0.449741	 	0.305	 	8.88285	 	1.3991	 	
167400	-1.2352	 	618.342	 	0.0313897	 	102.178	 	0.449614	 	0.295	 	8.88221	 	1.39843	 	
167600	-1.23514	 	618.283	 	0.0313479	 	102.154	 	0.449566	 	0.2925	 	8.87939	 	1.39829	 	
167800	-1.23517	 	618.307	 	0.0311331	 	102.175	 	0.449629	 	0.27	 	8.87842	 	1.39825	 	
168000	-1.2351	 	618.239	 	0.0307661	 	102.119	 	0.449439	 	0.3	 	8.88372	 	1.39783	 	
168200	-1.23512	 	618.258	 	0.0302158	 	102.125	 	0.449437	 	0.235	 	8.88647	 	1.39833	 	
168400	-1.23508	 	618.217	 	0.0297668	 	102.079	 	0.449323	 	0.345	 	8.88443	 	1.39794	 	
168600	-1.23508	 	618.217	 	0.0296671	 	102.087	 	0.44937	 	0.12	 	8.88078	 	1.39795	 	
168800	-1.23528	 	618.431	 	0.029743	 	102.205	 	0.449662	 	0.2425	 	8.88607	 	1.40059	 	
169000	-1.2354	 	618.553	 	0.0296321	 	102.293	 	0.449906	 	0.2525	 	8.8863	 	1.40088	 	
169200	-1.23536	 	618.514	 	0.0296199	 	102.285	 	0.449927	 	0.165	 	8.8798	 	1.40036	 	
169400	-1.23539	 	618.544	 	0.0296287	 	102.323	 	0.450055	 	0.235	 	8.87613	 	1.40026	 	
169600	-1.2354	 	618.547	 	0.0299461	 	102.319	 	0.45004	 	0.2725	 	8.877	 	1.40034	 	
169800	-1.23549	 	618.639	 	0.0303532	 	102.378	 	0.450208	 	0.2075	 	8.87607	 	1.40082	 	
170000	-1.23548	 	618.628	 	0.0308714	 	102.399	 	0.450278	 	0.24	 	8.87467	 	1.40061	 	
170200	-1.23554	 	618.691	 	0.031546	 	102.456	 	0.450459	 	0.205	 	8.87112	 	1.40008	 	
170400	-1.23563	 	618.772	 	0.0322576	 	102.533	 	0.450679	 	0.2975	 	8.87007	 	1.39996	 	
170600	-1.23565	 	618.802	 	0.0328111	 	102.557	 	0.450742	 	0.235	 	8.87047	 	1.40074	 	
170800	-1.2356	 	618.754	 	0.03322	 	102.522	 	0.450662	 	0.325	 	8.86829	 	1.40042	 	
171000	-1.23556	 	618.707	 	0.0335541	 	102.498	 	0.45059	 	0.4025	 	8.86883	 	1.40035	 	
171200	-1.23559	 	618.737	 	0.0337884	 	102.503	 	0.45059	 	0.3075	 	8.87101	 	1.40041	 	
171400	-1.23556	 	618.712	 	0.0338183	 	102.476	 	0.450539	 	0.31	 	8.86756	 	1.40004	 	
171600	-1.23557	 	618.714	 	0.0340208	 	102.483	 	0.450547	 	0.2325	 	8.86904	 	1.40001	 	
171800	-1.23555	 	618.696	 	0.0343333	 	102.462	 	0.450467	 	0.3175	 	8.87235	 	1.40019	 	
172000	-1.23556	 	618.714	 	0.034716	 	102.455	 	0.450407	 	0.35	 	8.87854	 	1.40129	 	
172200	-1.23568	 	618.834	 	0.035416	 	102.534	 	0.450624	 	0.27	 	8.87874	 	1.40232	 	
172400	-1.23559	 	618.752	 	0.0356809	 	102.47	 	0.450439	 	0.335	 	8.8799	 	1.40231	 	
172600	-1.23554	 	618.705	 	0.0354019	 	102.42	 	0.450289	 	0.235	 	8.88151	 	1.40233	 	
172800	-1.2356	 	618.762	 	0.0353759	 	102.467	 	0.450426	 	0.29	 	8.88081	 	1.40248	 	
173000	-1.23552	 	618.686	 	0.0352388	 	102.399	 	0.450227	 	0.305	 	8.88213	 	1.4023	 	
173200	-1.2355	 	618.661	 	0.0351958	 	102.353	 	0.450109	 	0.3175	 	8.88076	 	1.40167	 	
173400	-1.23548	 	618.637	 	0.0355867	 	102.324	 	0.45003	 	0.2775	 	8.88055	 	1.40113	 	
173600	-1.23553	 	618.683	 	0.0362002	 	102.364	 	0.450166	 	0.2825	 	8.87664	 	1.40098	 	
173800	-1.23554	 	618.694	 	0.0367297	 	102.373	 	0.450219	 	0.28	 	8.8726	 	1.40086	 	
174000	-1.23558	 	618.736	 	0.0373194	 	102.407	 	0.450334	 	0.3025	 	8.86945	 	1.40079	 	
174200	-1.23559	 	618.743	 	0.037892	 	102.434	 	0.450432	 	0.305	 	8.86586	 	1.4004	 	
174400	-1.23551	 	618.664	 	0.0379989	 	102.387	 	0.45031	 	0.2975	 	8.86481	 	1.40043	 	
174600	-1.23548	 	618.64	 	0.0382124	 	102.383	 	0.450258	 	0.37	 	8.87092	 	1.40166	 	
174800	-1.2354	 	618.553	 	0.0382134	 	102.277	 	0.449896	 	0.25	 	8.88118	 	1.40133	 	
175000	-1.2353	 	618.455	 	0.0384082	 	102.193	 	0.449645	 	0.26	 	8.88374	 	1.40096	 	
175200	-1.23525	 	618.406	 	0.0382573	 	102.142	 	0.449488	 	0.18	 	8.88597	 	1.4008	 	
175400	-1.23525	 	618.402	 	0.0380646	 	102.137	 	0.449482	 	0.2825	 	8.88452	 	1.40043	 	
175600	-1.2353	 	618.449	 	0.0380457	 	102.172	 	0.449613	 	0.2525	 	8.87944	 	1.40022	 	
175800	-1.23531	 	618.464	 	0.0379718	 	102.194	 	0.449707	 	0.2275	 	8.87485	 	1.39982	 	
176000	-1.23521	 	618.361	 	0.0378259	 	102.147	 	0.449597	 	0.31	 	8.87157	 	1.40004	 	
176200	-1.23512	 	618.269	 	0.0375323	 	102.07	 	0.449359	 	0.31	 	8.87533	 	1.39998	 	
176400	-1.23505	 	618.202	 	0.0374692	 	102.021	 	0.449214	 	0.3275	 	8.8767	 	1.40005	 	
176600	-1.23508	 	618.235	 	0.0375632	 	102.057	 	0.449304	 	0.2925	 	8.87823	 	1.40053	 	
176800	-1.23512	 	618.276	 	0.0381431	 	102.098	 	0.449418	 	0.2725	 	8.87791	 	1.40106	 	
177000	-1.23519	 	618.342	 	0.0387689	 	102.144	 	0.449579	 	0.225	 	8.87327	 	1.40048	 	
177200	-1.23511	 	618.268	 	0.0391265	 	102.114	 	0.449487	 	0.2775	 	8.87449	 	1.40057	 	
177400	-1.23505	 	618.202	 	0.0394574	 	102.059	 	0.449355	 	0.2825	 	8.87106	 	1.40004	 	
177600	-1.23495	 	618.104	 	0.0395653	 	101.972	 	0.449071	 	0.305	 	8.87758	 	1.40023	 	
177800	-1.2349	 	618.057	 	0.0394507	 	101.951	 	0.449037	 	0.2625	 	8.8737	 	1.39986	 	
178000	-1.23481	 	617.968	 	0.0390962	 	101.896	 	0.448862	 	0.3075	 	8.87723	 	1.39987	 	
178200	-1.23491	 	618.062	 	0.0383884	 	101.96	 	0.449029	 	0.225	 	8.87891	 	1.40015	 	
178400	-1.23496	 	618.121	 	0.0377448	 	101.993	 	0.449126	 	0.285	 	8.87798	 	1.40062	 	
178600	-1.2349	 	618.055	 	0.0373447	 	101.934	 	0.448982	 	0.2425	 	8.87514	 	1.40007	 	
178800	-1.23484	 	617.994	 	0.0370659	 	101.874	 	0.448831	 	0.3025	 	8.87273	 	1.39946	 	
179000	-1.23488	 	618.035	 	0.0371615	 	101.889	 	0.44887	 	0.3425	 	8.87319	 	1.39946	 	
179200	-1.23484	 	617.986	 	0.0369787	 	101.835	 	0.448732	 	0.33	 	8.87124	 	1.39881	 	
179400	-1.23482	 	617.967	 	0.036974	 	101.817	 	0.448702	 	0.2475	 	8.86819	 	1.39847	 	
179600	-1.2347	 	617.848	 	0.0367838	 	101.749	 	0.448487	 	0.3975	 	8.87212	 	1.39898	 	
179800	-1.23473	 	617.883	 	0.0372887	 	101.771	 	0.448552	 	0.1425	 	8.87149	 	1.39872	 	
180000	-1.23479	 	617.936	 	0.0378859	 	101.818	 	0.448692	 	0.245	 	8.87013	 	1.39863	 	
180200	-1.23483	 	617.975	 	0.0384459	 	101.85	 	0.448796	 	0.1325	 	8.86788	 	1.39845	 	
180400	-1.23477	 	617.923	 	0.0387998	 	101.833	 	0.448707	 	0.21	 	8.87391	 	1.39864	 	
180600	-1.23472	 	617.875	 	0.0391167	 	101.792	 	0.448579	 	0.3025	 	8.87603	 	1.39869	 	
180800	-1.23464	 	617.788	 	0.038907	 	101.75	 	0.448475	 	0.175	 	8.87439	 	1.39872	 	
181000	-1.23466	 	617.809	 	0.038798	 	101.745	 	0.44846	 	0.245	 	8.87416	 	1.39865	 	
181200	-1.23461	 	617.762	 	0.0385202	 	101.727	 	0.448398	 	0.15	 	8.87623	 	1.39928	 	
181400	-1.23469	 	617.839	 	0.0384321	 	101.8	 	0.448608	 	0.1875	 	8.87527	 	1.3989	 	
181600	-1.23476	 	617.913	 	0.038315	 	101.84	 	0.44874	 	0.2975	 	8.87222	 	1.39906	 	
181800	-1.23484	 	617.991	 	0.0382157	 	101.912	 	0.448948	 	0.1425	 	8.8711	 	1.39942	 	
182000	-1.23485	 	617.997	 	0.0381615	 	101.905	 	0.448967	 	0.2725	 	8.86503	 	1.39873	 	
182200	-1.23495	 	618.094	 	0.0380646	 	101.956	 	0.449135	 	0.2075	 	8.86126	 	1.39884	 	
182400	-1.23497	 	618.114	 	0.0378705	 	101.977	 	0.449209	 	0.205	 	8.85881	 	1.39832	 	
182600	-1.23503	 	618.179	 	0.0377366	 	102.043	 	0.449385	 	0.2675	 	8.8599	 	1.39898	 	
182800	-1.23509	 	618.237	 	0.0377898	 	102.082	 	0.449502	 	0.2875	 	8.85882	 	1.39879	 	
183000	-1.23502	 	618.162	 	0.0378516	 	102.016	 	0.449301	 	0.2625	 	8.86155	 	1.3985	 	
183200	-1.23507	 	618.215	 	0.0373185	 	102.031	 	0.44931	 	0.22	 	8.86629	 	1.3992	 	
183400	-1.235	 	618.149	 	0.0369328	 	101.975	 	0.449166	 	0.2325	 	8.86441	 	1.39875	 	
183600	-1.23498	 	618.125	 	0.0364952	 	101.936	 	0.449074	 	0.3275	 	8.86206	 	1.39837	 	
183800	-1.23488	 	618.025	 	0.0365726	 	101.849	 	0.448796	 	0.2525	 	8.86761	 	1.39844	 	
184000	-1.23477	 	617.92	 	0.0367493	 	101.78	 	0.448582	 	0.2775	 	8.87053	 	1.39867	 	
184200	-1.23479	 	617.938	 	0.0365832	 	101.802	 	0.448628	 	0.305	 	8.873	 	1.399	 	
184400	-1.23484	 	617.995	 	0.0359169	 	101.848	 	0.448769	 	0.3	 	8.87101	 	1.39938	 	
184600	-1.23485	 	618.004	 	0.0353616	 	101.851	 	0.448799	 	0.29	 	8.86764	 	1.39893	 	
184800	-1.23478	 	617.926	 	0.0351482	 	101.764	 	0.448528	 	0.325	 	8.87201	 	1.39842	 	
185000	-1.23479	 	617.933	 	0.0345918	 	101.77	 	0.448564	 	0.2525	 	8.86921	 	1.39826	 	
185200	-1.2348	 	617.949	 	0.034119	 	101.76	 	0.448533	 	0.31	 	8.86944	 	1.39817	 	
185400	-1.23482	 	617.964	 	0.0335194	 	101.781	 	0.448614	 	0.365	 	8.86657	 	1.39768	 	
185600	-1.23469	 	617.838	 	0.0334121	 	101.732	 	0.44845	 	0.2275	 	8.87036	 	1.39864	 	
185800	-1.23467	 	617.826	 	0.033768	 	101.718	 	0.44839	 	0.275	 	8.87336	 	1.39938	 	
186000	-1.23466	 	617.812	 	0.0337177	 	101.71	 	0.448389	 	0.21	 	8.87025	 	1.39898	 	
186200	-1.23467	 	617.819	 	0.0338977	 	101.699	 	0.44835	 	0.175	 	8.87171	 	1.39885	 	
186400	-1.2347	 	617.85	 	0.0342149	 	101.714	 	0.448367	 	0.2125	 	8.87528	 	1.39917	 	
186600	-1.23464	 	617.789	 	0.0342839	 	101.673	 	0.448269	 	0.2575	 	8.87307	 	1.39868	 	
186800	-1.23463	 	617.783	 	0.0345396	 	101.668	 	0.448218	 	0.2725	 	8.87823	 	1.39895	 	
187000	-1.23464	 	617.787	 	0.0345227	 	101.701	 	0.448334	 	0.4025	 	8.87493	 	1.39856	 	
187200	-1.23459	 	617.743	 	0.0348858	 	101.678	 	0.448276	 	0.1375	 	8.87403	 	1.39849	 	
187400	-1.23464	 	617.794	 	0.0354248	 	101.705	 	0.448374	 	0.1075	 	8.87057	 	1.39868	 	
187600	-1.23477	 	617.925	 	0.0360961	 	101.796	 	0.448605	 	0.3325	 	8.87394	 	1.40009	 	
187800	-1.23479	 	617.945	 	0.0366194	 	101.813	 	0.448689	 	0.1925	 	8.86858	 	1.3996	 	
188000	-1.23474	 	617.894	 	0.0369448	 	101.789	 	0.448602	 	0.3425	 	8.87157	 	1.40001	 	
188200	-1.23467	 	617.826	 	0.0371447	 	101.736	 	0.448429	 	0.2975	 	8.87537	 	1.4001	 	
188400	-1.23467	 	617.827	 	0.0375066	 	101.731	 	0.448395	 	0.195	 	8.87806	 	1.40015	 	
188600	-1.23471	 	617.878	 	0.0376546	 	101.783	 	0.448518	 	0.1825	 	8.88166	 	1.40161	 	
188800	-1.23466	 	617.826	 	0.0375874	 	101.771	 	0.44851	 	0.2775	 	8.87773	 	1.40116	 	
189000	-1.23468	 	617.848	 	0.0376878	 	101.778	 	0.448531	 	0.3625	 	8.87739	 	1.40116	 	
189200	-1.23462	 	617.791	 	0.0374516	 	101.733	 	0.448385	 	0.4125	 	8.88067	 	1.40136	 	
189400	-1.2347	 	617.87	 	0.0372045	 	101.791	 	0.448499	 	0.2575	 	8.88785	 	1.40267	 	
189600	-1.23482	 	617.996	 	0.0371033	 	101.885	 	0.448744	 	0.285	 	8.88999	 	1.40332	 	
189800	-1.23485	 	618.023	 	0.0370236	 	101.904	 	0.448825	 	0.2675	 	8.8862	 	1.40299	 	
190000	-1.23491	 	618.08	 	0.0369574	 	101.951	 	0.448973	 	0.225	 	8.88338	 	1.40311	 	
190200	-1.23489	 	618.061	 	0.0369988	 	101.939	 	0.448961	 	0.3175	 	8.88011	 	1.40252	 	
190400	-1.23485	 	618.014	 	0.0370656	 	101.918	 	0.448931	 	0.28	 	8.87612	 	1.40204	 	
190600	-1.23492	 	618.085	 	0.0369561	 	101.971	 	0.449085	 	0.135	 	8.87527	 	1.40228	 	
190800	-1.23497	 	618.142	 	0.0369763	 	102.032	 	0.449264	 	0.16	 	8.87359	 	1.40236	 	
191000	-1.23494	 	618.104	 	0.0370795	 	102.008	 	0.449219	 	0.32	 	8.87049	 	1.40162	 	
191200	-1.23491	 	618.076	 	0.0370322	 	101.991	 	0.449193	 	0.35	 	8.86714	 	1.40129	 	
191400	-1.23485	 	618.014	 	0.0373056	 	101.945	 	0.449069	 	0.205	 	8.86673	 	1.40134	 	
191600	-1.23482	 	617.978	 	0.0376774	 	101.919	 	0.449012	 	0.2625	 	8.86411	 	1.40116	 	
191800	-1.23478	 	617.943	 	0.0380895	 	101.904	 	0.449001	 	0.215	 	8.85988	 	1.40064	 	
192000	-1.23483	 	617.984	 	0.0386467	 	101.945	 	0.44913	 	0.2525	 	8.85749	 	1.40026	 	
192200	-1.2348	 	617.963	 	0.0389563	 	101.925	 	0.449035	 	0.3775	 	8.86349	 	1.40093	 	
192400	-1.23486	 	618.029	 	0.0394835	 	101.974	 	0.449143	 	0.275	 	8.86739	 	1.40179	 	
192600	-1.2349	 	618.062	 	0.0400375	 	102.012	 	0.449272	 	0.265	 	8.86431	 	1.40161	 	
192800	-1.23493	 	618.091	 	0.0405568	 	102.037	 	0.449367	 	0.2325	 	8.86041	 	1.40142	 	
193000	-1.23496	 	618.123	 	0.0410653	 	102.064	 	0.449452	 	0.385	 	8.85901	 	1.40132	 	
193200	-1.23492	 	618.079	 	0.0413976	 	102.053	 	0.449438	 	0.2225	 	8.85623	 	1.40115	 	
193400	-1.23494	 	618.099	 	0.0414998	 	102.067	 	0.449478	 	0.2375	 	8.85606	 	1.40105	 	
193600	-1.23493	 	618.086	 	0.0414782	 	102.065	 	0.44951	 	0.3275	 	8.85068	 	1.40031	 	
193800	-1.23487	 	618.022	 	0.0415948	 	102.007	 	0.44933	 	0.295	 	8.85338	 	1.39985	 	
194000	-1.23489	 	618.041	 	0.0410148	 	102.022	 	0.449404	 	0.12	 	8.84864	 	1.39961	 	
194200	-1.23489	 	618.042	 	0.0404741	 	102.033	 	0.44944	 	0.35	 	8.84758	 	1.40028	 	
194400	-1.23481	 	617.97	 	0.0405988	 	101.996	 	0.449308	 	0.3025	 	8.85215	 	1.40078	 	
194600	-1.23476	 	617.92	 	0.0409239	 	101.958	 	0.449228	 	0.22	 	8.84838	 	1.40031	 	
194800	-1.23477	 	617.93	 	0.0412975	 	101.943	 	0.449182	 	0.24	 	8.84861	 	1.40044	 	
195000	-1.23473	 	617.889	 	0.0416896	 	101.924	 	0.449158	 	0.2025	 	8.84454	 	1.40031	 	
195200	-1.23476	 	617.925	 	0.0418082	 	101.947	 	0.449212	 	0.2575	 	8.84604	 	1.40048	 	
195400	-1.23475	 	617.908	 	0.0421883	 	101.932	 	0.449177	 	0.165	 	8.8451	 	1.40029	 	
195600	-1.2347	 	617.865	 	0.0425245	 	101.913	 	0.449101	 	0.305	 	8.84837	 	1.40117	 	
195800	-1.23464	 	617.806	 	0.0428057	 	101.866	 	0.448982	 	0.2875	 	8.84662	 	1.40096	 	
196000	-1.23468	 	617.84	 	0.0433428	 	101.9	 	0.449105	 	0.3425	 	8.84267	 	1.40077	 	
196200	-1.23465	 	617.814	 	0.0437283	 	101.891	 	0.449078	 	0.28	 	8.84291	 	1.40047	 	
196400	-1.23466	 	617.817	 	0.0441733	 	101.892	 	0.44911	 	0.245	 	8.83846	 	1.40006	 	
196600	-1.23471	 	617.868	 	0.0441787	 	101.934	 	0.449224	 	0.33	 	8.83887	 	1.40007	 	
196800	-1.23474	 	617.896	 	0.0438662	 	101.951	 	0.449244	 	0.25	 	8.84293	 	1.4005	 	
197000	-1.23471	 	617.863	 	0.0437912	 	101.95	 	0.449271	 	0.2425	 	8.83851	 	1.39982	 	
197200	-1.2348	 	617.963	 	0.0438106	 	102.019	 	0.449464	 	0.205	 	8.83831	 	1.40039	 	
197400	-1.23492	 	618.078	 	0.043782	 	102.097	 	0.449676	 	0.2325	 	8.83886	 	1.40088	 	
197600	-1.23502	 	618.185	 	0.0437288	 	102.176	 	0.449894	 	0.2425	 	8.83913	 	1.40111	 	
197800	-1.23505	 	618.207	 	0.0437057	 	102.199	 	0.449986	 	0.3325	 	8.83483	 	1.40069	 	
198000	-1.23504	 	618.203	 	0.0440251	 	102.203	 	0.449979	 	0.2125	 	8.83786	 	1.40081	 	
198200	-1.23506	 	618.223	 	0.0441742	 	102.228	 	0.450026	 	0.1725	 	8.84132	 	1.40168	 	
198400	-1.23511	 	618.278	 	0.0438944	 	102.261	 	0.450088	 	0.3475	 	8.84543	 	1.40233	 	
198600	-1.23507	 	618.239	 	0.0437082	 	102.218	 	0.449936	 	0.3275	 	8.85062	 	1.40203	 	
198800	-1.23502	 	618.184	 	0.0435468	 	102.165	 	0.449777	 	0.27	 	8.85235	 	1.4018	 	
199000	-1.23496	 	618.118	 	0.0432439	 	102.118	 	0.449655	 	0.2425	 	8.85105	 	1.40133	 	
199200	-1.23501	 	618.178	 	0.0429749	 	102.144	 	0.449717	 	0.1825	 	8.85265	 	1.40234	 	
199400	-1.23493	 	618.099	 	0.0427215	 	102.074	 	0.449497	 	0.31	 	8.85606	 	1.40222	 	
199600	-1.23486	 	618.031	 	0.0426955	 	102	 	0.44927	 	0.27	 	8.85931	 	1.4019	 	
199800	-1.23476	 	617.928	 	0.0424576	 	101.929	 	0.449073	 	0.325	 	8.85952	 	1.40189	 	
