MCcycles: 100000	 L = 20	 T = 1	 Randomstart = 0
MCcycles 	 E 		 E2 		 M 		 M2 		 Mabs 		 accepted		 X 		 Cv
2	-2	 	1600	 	1	 	400	 	1	 	0	 	0	 	0	 	
200	-1.9974	 	1595.86	 	0.99935	 	399.481	 	0.99935	 	0.005	 	0.001131	 	0.018096	 	
400	-1.9968	 	1594.91	 	0.999175	 	399.342	 	0.999175	 	0	 	0.00172775	 	0.025104	 	
600	-1.99687	 	1595.01	 	0.9992	 	399.362	 	0.9992	 	0	 	0.00161067	 	0.0240729	 	
800	-1.99732	 	1595.74	 	0.999319	 	399.457	 	0.999319	 	0	 	0.00142686	 	0.0215378	 	
1000	-1.99695	 	1595.15	 	0.99922	 	399.378	 	0.99922	 	0	 	0.00165664	 	0.024479	 	
1200	-1.99704	 	1595.29	 	0.999246	 	399.398	 	0.999246	 	0	 	0.00158083	 	0.0235993	 	
1400	-1.99715	 	1595.47	 	0.999275	 	399.422	 	0.999275	 	0	 	0.00149689	 	0.0224939	 	
1600	-1.99716	 	1595.48	 	0.999278	 	399.424	 	0.999278	 	0.01	 	0.00154781	 	0.0234902	 	
1800	-1.99718	 	1595.52	 	0.999283	 	399.428	 	0.999283	 	0	 	0.00152789	 	0.0230266	 	
2000	-1.99716	 	1595.47	 	0.999278	 	399.424	 	0.999278	 	0	 	0.0015162	 	0.0229824	 	
2200	-1.9971	 	1595.39	 	0.999264	 	399.413	 	0.999264	 	0	 	0.00157402	 	0.0237193	 	
2400	-1.99714	 	1595.45	 	0.999273	 	399.42	 	0.999273	 	0	 	0.00154271	 	0.023232	 	
2600	-1.9972	 	1595.54	 	0.999287	 	399.431	 	0.999287	 	0	 	0.00151562	 	0.0228092	 	
2800	-1.99712	 	1595.42	 	0.999268	 	399.416	 	0.999268	 	0	 	0.00156416	 	0.0235998	 	
3000	-1.99701	 	1595.24	 	0.999233	 	399.389	 	0.999233	 	0	 	0.00169822	 	0.0246506	 	
3200	-1.99702	 	1595.26	 	0.999234	 	399.389	 	0.999234	 	0.0075	 	0.00170928	 	0.0245898	 	
3400	-1.99705	 	1595.3	 	0.999241	 	399.395	 	0.999241	 	0	 	0.00168732	 	0.0243238	 	
3600	-1.99702	 	1595.26	 	0.999236	 	399.391	 	0.999236	 	0	 	0.00169437	 	0.0245865	 	
3800	-1.99697	 	1595.17	 	0.999222	 	399.38	 	0.999222	 	0	 	0.00171864	 	0.0250437	 	
4000	-1.99692	 	1595.11	 	0.999208	 	399.368	 	0.999208	 	0	 	0.00177378	 	0.0253416	 	
4200	-1.99692	 	1595.1	 	0.999208	 	399.369	 	0.999208	 	0	 	0.00176597	 	0.0253613	 	
4400	-1.99695	 	1595.15	 	0.999216	 	399.375	 	0.999216	 	0	 	0.00174044	 	0.0250825	 	
4600	-1.99702	 	1595.25	 	0.999234	 	399.389	 	0.999234	 	0	 	0.00169772	 	0.0245147	 	
4800	-1.99705	 	1595.31	 	0.999243	 	399.396	 	0.999243	 	0	 	0.00167269	 	0.024169	 	
5000	-1.99706	 	1595.32	 	0.999245	 	399.398	 	0.999245	 	0	 	0.00165799	 	0.0240371	 	
5200	-1.99709	 	1595.37	 	0.999253	 	399.404	 	0.999253	 	0	 	0.00164404	 	0.023763	 	
5400	-1.99713	 	1595.43	 	0.999264	 	399.413	 	0.999264	 	0.0075	 	0.00163326	 	0.0236822	 	
5600	-1.99713	 	1595.44	 	0.999265	 	399.414	 	0.999265	 	0	 	0.00162509	 	0.0236387	 	
5800	-1.99712	 	1595.41	 	0.999261	 	399.411	 	0.999261	 	0	 	0.00163167	 	0.0237547	 	
6000	-1.99717	 	1595.5	 	0.999275	 	399.422	 	0.999275	 	0	 	0.00159975	 	0.0233193	 	
6200	-1.99713	 	1595.43	 	0.999263	 	399.412	 	0.999263	 	0	 	0.00162461	 	0.0235445	 	
6400	-1.99709	 	1595.37	 	0.99925	 	399.402	 	0.99925	 	0	 	0.00169062	 	0.0241194	 	
6600	-1.99703	 	1595.28	 	0.999236	 	399.39	 	0.999236	 	0	 	0.00173446	 	0.024836	 	
6800	-1.99705	 	1595.3	 	0.99924	 	399.394	 	0.99924	 	0	 	0.0017207	 	0.0247003	 	
7000	-1.99704	 	1595.29	 	0.999239	 	399.393	 	0.999239	 	0	 	0.00173281	 	0.0249159	 	
7200	-1.99708	 	1595.35	 	0.999249	 	399.401	 	0.999249	 	0	 	0.0017075	 	0.0245866	 	
7400	-1.9971	 	1595.39	 	0.999255	 	399.406	 	0.999255	 	0	 	0.00169175	 	0.0244067	 	
7600	-1.99713	 	1595.43	 	0.999262	 	399.411	 	0.999262	 	0	 	0.00167415	 	0.0241937	 	
7800	-1.99716	 	1595.48	 	0.999271	 	399.418	 	0.999271	 	0	 	0.00165637	 	0.0239736	 	
8000	-1.9971	 	1595.39	 	0.999256	 	399.407	 	0.999256	 	0	 	0.00169123	 	0.0245139	 	
8200	-1.99712	 	1595.42	 	0.999262	 	399.412	 	0.999262	 	0	 	0.0016725	 	0.0242749	 	
8400	-1.99713	 	1595.43	 	0.999263	 	399.412	 	0.999263	 	0	 	0.00166612	 	0.0242012	 	
8600	-1.99714	 	1595.46	 	0.999267	 	399.416	 	0.999267	 	0	 	0.00165279	 	0.0240141	 	
8800	-1.99717	 	1595.5	 	0.999274	 	399.421	 	0.999274	 	0	 	0.00163374	 	0.0237631	 	
9000	-1.99718	 	1595.52	 	0.999278	 	399.424	 	0.999278	 	0	 	0.00162168	 	0.0236221	 	
9200	-1.99718	 	1595.52	 	0.999278	 	399.424	 	0.999278	 	0	 	0.00162207	 	0.023679	 	
9400	-1.99718	 	1595.51	 	0.999277	 	399.424	 	0.999277	 	0	 	0.00161758	 	0.0236558	 	
9600	-1.99722	 	1595.57	 	0.999287	 	399.432	 	0.999287	 	0	 	0.00159485	 	0.0233364	 	
9800	-1.99723	 	1595.59	 	0.999291	 	399.435	 	0.999291	 	0	 	0.00158177	 	0.0231708	 	
10000	-1.99725	 	1595.62	 	0.999296	 	399.438	 	0.999296	 	0	 	0.00157447	 	0.0230702	 	
10200	-1.99725	 	1595.63	 	0.999298	 	399.44	 	0.999298	 	0	 	0.00157153	 	0.0230642	 	
10400	-1.99727	 	1595.66	 	0.999301	 	399.443	 	0.999301	 	0	 	0.00156346	 	0.0229497	 	
10600	-1.99728	 	1595.67	 	0.999303	 	399.444	 	0.999303	 	0	 	0.00155773	 	0.0228479	 	
10800	-1.99726	 	1595.65	 	0.9993	 	399.442	 	0.9993	 	0	 	0.00157	 	0.0230833	 	
11000	-1.99724	 	1595.61	 	0.999295	 	399.438	 	0.999295	 	0	 	0.0015821	 	0.023277	 	
11200	-1.99725	 	1595.62	 	0.999297	 	399.439	 	0.999297	 	0	 	0.00158171	 	0.0232837	 	
11400	-1.99726	 	1595.64	 	0.9993	 	399.441	 	0.9993	 	0	 	0.00157656	 	0.0231911	 	
11600	-1.99724	 	1595.61	 	0.999295	 	399.438	 	0.999295	 	0.005	 	0.00159075	 	0.0233958	 	
11800	-1.99725	 	1595.63	 	0.999297	 	399.44	 	0.999297	 	0	 	0.00158393	 	0.0233211	 	
12000	-1.99725	 	1595.62	 	0.999296	 	399.438	 	0.999296	 	0.0025	 	0.00159166	 	0.0233713	 	
12200	-1.99723	 	1595.6	 	0.999293	 	399.436	 	0.999293	 	0	 	0.00159821	 	0.0235111	 	
12400	-1.99723	 	1595.6	 	0.999292	 	399.436	 	0.999292	 	0	 	0.00159404	 	0.023457	 	
12600	-1.99721	 	1595.57	 	0.999288	 	399.432	 	0.999288	 	0	 	0.00159943	 	0.0235767	 	
12800	-1.99721	 	1595.56	 	0.999287	 	399.431	 	0.999287	 	0	 	0.00160274	 	0.0236211	 	
13000	-1.99722	 	1595.58	 	0.99929	 	399.434	 	0.99929	 	0.005	 	0.00159528	 	0.0235322	 	
13200	-1.99722	 	1595.57	 	0.999289	 	399.433	 	0.999289	 	0	 	0.0015925	 	0.0235181	 	
13400	-1.99721	 	1595.56	 	0.999287	 	399.431	 	0.999287	 	0.0075	 	0.00160835	 	0.0237019	 	
13600	-1.99721	 	1595.57	 	0.999288	 	399.432	 	0.999288	 	0	 	0.00160376	 	0.0236583	 	
13800	-1.99721	 	1595.56	 	0.999287	 	399.431	 	0.999287	 	0	 	0.00160098	 	0.0236429	 	
14000	-1.99719	 	1595.53	 	0.999281	 	399.427	 	0.999281	 	0	 	0.00161203	 	0.0238008	 	
14200	-1.99718	 	1595.52	 	0.99928	 	399.426	 	0.99928	 	0	 	0.00161443	 	0.0238313	 	
14400	-1.99719	 	1595.53	 	0.999282	 	399.428	 	0.999282	 	0	 	0.00160715	 	0.0237422	 	
14600	-1.99719	 	1595.52	 	0.999281	 	399.427	 	0.999281	 	0	 	0.00160769	 	0.0237428	 	
14800	-1.99719	 	1595.53	 	0.999281	 	399.427	 	0.999281	 	0.0025	 	0.00160678	 	0.0237201	 	
15000	-1.99718	 	1595.52	 	0.999281	 	399.426	 	0.999281	 	0.0025	 	0.00160769	 	0.0237442	 	
15200	-1.99718	 	1595.51	 	0.999279	 	399.425	 	0.999279	 	0	 	0.00161487	 	0.0237652	 	
15400	-1.99717	 	1595.49	 	0.999276	 	399.422	 	0.999276	 	0	 	0.00161805	 	0.0238436	 	
15600	-1.99718	 	1595.51	 	0.999279	 	399.425	 	0.999279	 	0	 	0.00160819	 	0.0237113	 	
15800	-1.99719	 	1595.52	 	0.999281	 	399.427	 	0.999281	 	0	 	0.00160208	 	0.0236389	 	
16000	-1.99717	 	1595.51	 	0.999278	 	399.425	 	0.999278	 	0	 	0.00160861	 	0.0237427	 	
16200	-1.99718	 	1595.52	 	0.999281	 	399.426	 	0.999281	 	0	 	0.00160098	 	0.0236449	 	
16400	-1.99719	 	1595.54	 	0.999284	 	399.429	 	0.999284	 	0	 	0.00159345	 	0.0235322	 	
16600	-1.99719	 	1595.52	 	0.999282	 	399.427	 	0.999282	 	0	 	0.00159659	 	0.0236064	 	
16800	-1.99719	 	1595.53	 	0.999283	 	399.428	 	0.999283	 	0	 	0.00159064	 	0.0235341	 	
17000	-1.99719	 	1595.53	 	0.999282	 	399.427	 	0.999282	 	0	 	0.00158971	 	0.0235116	 	
17200	-1.99717	 	1595.51	 	0.999278	 	399.424	 	0.999278	 	0	 	0.00160696	 	0.0236157	 	
17400	-1.99718	 	1595.51	 	0.999278	 	399.425	 	0.999278	 	0.0025	 	0.00160266	 	0.0235561	 	
17600	-1.99718	 	1595.51	 	0.999279	 	399.425	 	0.999279	 	0.0025	 	0.00160155	 	0.0235473	 	
17800	-1.99719	 	1595.53	 	0.999281	 	399.427	 	0.999281	 	0	 	0.00159765	 	0.0235079	 	
18000	-1.99718	 	1595.52	 	0.99928	 	399.426	 	0.99928	 	0	 	0.00159931	 	0.0235288	 	
18200	-1.99719	 	1595.52	 	0.999281	 	399.426	 	0.999281	 	0	 	0.00159858	 	0.0235396	 	
18400	-1.99719	 	1595.53	 	0.999283	 	399.428	 	0.999283	 	0	 	0.00159305	 	0.023473	 	
18600	-1.99719	 	1595.53	 	0.999283	 	399.428	 	0.999283	 	0	 	0.00159033	 	0.0234373	 	
18800	-1.9972	 	1595.55	 	0.999285	 	399.43	 	0.999285	 	0	 	0.00158318	 	0.0233439	 	
19000	-1.99719	 	1595.53	 	0.999282	 	399.428	 	0.999282	 	0	 	0.00158927	 	0.0234355	 	
19200	-1.9972	 	1595.54	 	0.999284	 	399.429	 	0.999284	 	0	 	0.00158481	 	0.0233847	 	
19400	-1.99719	 	1595.53	 	0.999283	 	399.428	 	0.999283	 	0.01	 	0.00158442	 	0.0233724	 	
19600	-1.99719	 	1595.54	 	0.999283	 	399.428	 	0.999283	 	0.005	 	0.0015836	 	0.0233663	 	
19800	-1.9972	 	1595.54	 	0.999284	 	399.429	 	0.999284	 	0	 	0.00157998	 	0.0233152	 	
20000	-1.99721	 	1595.56	 	0.999287	 	399.431	 	0.999287	 	0	 	0.00157265	 	0.023217	 	
20200	-1.99721	 	1595.56	 	0.999286	 	399.431	 	0.999286	 	0	 	0.00157402	 	0.0232584	 	
20400	-1.99722	 	1595.57	 	0.999289	 	399.433	 	0.999289	 	0	 	0.00156885	 	0.023194	 	
20600	-1.99721	 	1595.57	 	0.999289	 	399.433	 	0.999289	 	0	 	0.00156892	 	0.0232137	 	
20800	-1.99721	 	1595.57	 	0.999289	 	399.433	 	0.999289	 	0	 	0.00156603	 	0.0231855	 	
21000	-1.99722	 	1595.57	 	0.99929	 	399.434	 	0.99929	 	0	 	0.00156156	 	0.0231317	 	
21200	-1.99721	 	1595.57	 	0.999289	 	399.433	 	0.999289	 	0.0025	 	0.00156176	 	0.0231526	 	
21400	-1.99721	 	1595.56	 	0.999288	 	399.432	 	0.999288	 	0	 	0.00156162	 	0.0231678	 	
21600	-1.99721	 	1595.57	 	0.99929	 	399.433	 	0.99929	 	0	 	0.00155599	 	0.0230942	 	
21800	-1.99721	 	1595.56	 	0.999288	 	399.432	 	0.999288	 	0.0025	 	0.00155906	 	0.0231365	 	
22000	-1.99721	 	1595.57	 	0.99929	 	399.433	 	0.99929	 	0.0025	 	0.00155537	 	0.023082	 	
22200	-1.99722	 	1595.57	 	0.99929	 	399.434	 	0.99929	 	0	 	0.00155337	 	0.0230428	 	
22400	-1.99723	 	1595.59	 	0.999292	 	399.435	 	0.999292	 	0	 	0.00154915	 	0.0229912	 	
22600	-1.99721	 	1595.56	 	0.999288	 	399.432	 	0.999288	 	0	 	0.00156129	 	0.0231159	 	
22800	-1.9972	 	1595.55	 	0.999286	 	399.431	 	0.999286	 	0.0025	 	0.00156298	 	0.0231596	 	
23000	-1.9972	 	1595.54	 	0.999285	 	399.43	 	0.999285	 	0.0025	 	0.00156346	 	0.0231836	 	
23200	-1.9972	 	1595.54	 	0.999285	 	399.43	 	0.999285	 	0	 	0.00156209	 	0.0231774	 	
23400	-1.9972	 	1595.54	 	0.999285	 	399.43	 	0.999285	 	0	 	0.00156245	 	0.0231766	 	
23600	-1.99719	 	1595.53	 	0.999283	 	399.429	 	0.999283	 	0	 	0.00156921	 	0.0232503	 	
23800	-1.99718	 	1595.52	 	0.99928	 	399.426	 	0.99928	 	0	 	0.00157904	 	0.0233569	 	
24000	-1.99718	 	1595.51	 	0.99928	 	399.426	 	0.99928	 	0	 	0.00157651	 	0.0233324	 	
24200	-1.99717	 	1595.49	 	0.999276	 	399.423	 	0.999276	 	0	 	0.00159696	 	0.0235069	 	
24400	-1.99717	 	1595.5	 	0.999278	 	399.424	 	0.999278	 	0	 	0.00159141	 	0.0234345	 	
24600	-1.99718	 	1595.52	 	0.99928	 	399.426	 	0.99928	 	0	 	0.00158671	 	0.0233543	 	
24800	-1.99717	 	1595.5	 	0.999278	 	399.424	 	0.999278	 	0	 	0.00159248	 	0.0234324	 	
25000	-1.99718	 	1595.52	 	0.99928	 	399.426	 	0.99928	 	0	 	0.00158596	 	0.023344	 	
25200	-1.99719	 	1595.53	 	0.999281	 	399.427	 	0.999281	 	0	 	0.00158497	 	0.0233441	 	
25400	-1.9972	 	1595.54	 	0.999283	 	399.429	 	0.999283	 	0	 	0.00157967	 	0.0232748	 	
25600	-1.99719	 	1595.53	 	0.999282	 	399.428	 	0.999282	 	0	 	0.00157919	 	0.0232829	 	
25800	-1.99719	 	1595.54	 	0.999284	 	399.429	 	0.999284	 	0	 	0.0015749	 	0.0232294	 	
26000	-1.99719	 	1595.54	 	0.999283	 	399.428	 	0.999283	 	0.0025	 	0.00157441	 	0.0232269	 	
26200	-1.99719	 	1595.53	 	0.999281	 	399.427	 	0.999281	 	0	 	0.00157785	 	0.0232685	 	
26400	-1.99718	 	1595.51	 	0.999279	 	399.425	 	0.999279	 	0	 	0.00157977	 	0.0233048	 	
26600	-1.99716	 	1595.48	 	0.999275	 	399.422	 	0.999275	 	0	 	0.00158685	 	0.0234338	 	
26800	-1.99717	 	1595.5	 	0.999278	 	399.424	 	0.999278	 	0	 	0.00158081	 	0.0233514	 	
27000	-1.99716	 	1595.49	 	0.999276	 	399.422	 	0.999276	 	0	 	0.00158536	 	0.0234198	 	
27200	-1.99717	 	1595.5	 	0.999277	 	399.424	 	0.999277	 	0	 	0.00158194	 	0.0233696	 	
27400	-1.99717	 	1595.49	 	0.999276	 	399.423	 	0.999276	 	0	 	0.00158366	 	0.0234021	 	
27600	-1.99716	 	1595.49	 	0.999275	 	399.422	 	0.999275	 	0	 	0.00158514	 	0.0234122	 	
27800	-1.99717	 	1595.5	 	0.999278	 	399.424	 	0.999278	 	0	 	0.00157903	 	0.0233278	 	
28000	-1.99717	 	1595.5	 	0.999278	 	399.424	 	0.999278	 	0.0025	 	0.00157829	 	0.0233299	 	
28200	-1.99716	 	1595.49	 	0.999276	 	399.423	 	0.999276	 	0	 	0.00158079	 	0.0233747	 	
28400	-1.99716	 	1595.49	 	0.999276	 	399.423	 	0.999276	 	0	 	0.0015805	 	0.0233836	 	
28600	-1.99716	 	1595.49	 	0.999276	 	399.422	 	0.999276	 	0.005	 	0.00158376	 	0.0234402	 	
28800	-1.99716	 	1595.49	 	0.999276	 	399.423	 	0.999276	 	0	 	0.00158083	 	0.0234064	 	
29000	-1.99716	 	1595.49	 	0.999277	 	399.423	 	0.999277	 	0	 	0.00157892	 	0.0233889	 	
29200	-1.99717	 	1595.5	 	0.999278	 	399.425	 	0.999278	 	0	 	0.00157461	 	0.0233323	 	
29400	-1.99717	 	1595.5	 	0.999279	 	399.425	 	0.999279	 	0.005	 	0.00157228	 	0.0233077	 	
29600	-1.99717	 	1595.5	 	0.999278	 	399.424	 	0.999278	 	0.0025	 	0.00157442	 	0.0233546	 	
29800	-1.99715	 	1595.47	 	0.999273	 	399.42	 	0.999273	 	0	 	0.0015871	 	0.0235393	 	
30000	-1.99715	 	1595.47	 	0.999273	 	399.42	 	0.999273	 	0	 	0.00158769	 	0.0235439	 	
30200	-1.99716	 	1595.49	 	0.999276	 	399.423	 	0.999276	 	0	 	0.00158115	 	0.0234511	 	
30400	-1.99716	 	1595.48	 	0.999275	 	399.422	 	0.999275	 	0	 	0.00158186	 	0.0234663	 	
30600	-1.99715	 	1595.47	 	0.999274	 	399.421	 	0.999274	 	0	 	0.00158339	 	0.0234895	 	
30800	-1.99716	 	1595.48	 	0.999275	 	399.422	 	0.999275	 	0	 	0.00157978	 	0.0234435	 	
31000	-1.99715	 	1595.47	 	0.999273	 	399.42	 	0.999273	 	0	 	0.00158637	 	0.0235197	 	
31200	-1.99715	 	1595.47	 	0.999274	 	399.421	 	0.999274	 	0	 	0.00158539	 	0.0235076	 	
31400	-1.99716	 	1595.48	 	0.999275	 	399.422	 	0.999275	 	0	 	0.0015822	 	0.0234681	 	
31600	-1.99716	 	1595.48	 	0.999275	 	399.421	 	0.999275	 	0	 	0.00158409	 	0.023494	 	
31800	-1.99716	 	1595.48	 	0.999274	 	399.421	 	0.999274	 	0	 	0.00158741	 	0.0235182	 	
32000	-1.99716	 	1595.49	 	0.999276	 	399.422	 	0.999276	 	0	 	0.00158427	 	0.0234714	 	
32200	-1.99716	 	1595.49	 	0.999276	 	399.423	 	0.999276	 	0	 	0.00158377	 	0.0234671	 	
32400	-1.99717	 	1595.5	 	0.999277	 	399.424	 	0.999277	 	0	 	0.00158029	 	0.0234148	 	
32600	-1.99717	 	1595.5	 	0.999279	 	399.425	 	0.999279	 	0.0075	 	0.00157829	 	0.0233862	 	
32800	-1.99717	 	1595.5	 	0.999278	 	399.424	 	0.999278	 	0.0025	 	0.00158036	 	0.0233922	 	
33000	-1.99717	 	1595.5	 	0.999278	 	399.424	 	0.999278	 	0	 	0.00157744	 	0.0233567	 	
33200	-1.99717	 	1595.5	 	0.999277	 	399.423	 	0.999277	 	0	 	0.00158013	 	0.0234114	 	
33400	-1.99717	 	1595.5	 	0.999278	 	399.424	 	0.999278	 	0	 	0.00157639	 	0.0233625	 	
33600	-1.99718	 	1595.51	 	0.999279	 	399.425	 	0.999279	 	0	 	0.00157311	 	0.023321	 	
33800	-1.99717	 	1595.5	 	0.999278	 	399.424	 	0.999278	 	0	 	0.00157561	 	0.0233494	 	
34000	-1.99717	 	1595.5	 	0.999279	 	399.425	 	0.999279	 	0	 	0.00157356	 	0.0233273	 	
34200	-1.99717	 	1595.49	 	0.999277	 	399.423	 	0.999277	 	0.0075	 	0.00157468	 	0.023349	 	
34400	-1.99718	 	1595.51	 	0.99928	 	399.425	 	0.99928	 	0	 	0.00156881	 	0.0232652	 	
34600	-1.99718	 	1595.52	 	0.999281	 	399.426	 	0.999281	 	0.005	 	0.00156699	 	0.0232466	 	
34800	-1.99718	 	1595.51	 	0.99928	 	399.426	 	0.99928	 	0	 	0.00156864	 	0.0232836	 	
35000	-1.99718	 	1595.51	 	0.99928	 	399.426	 	0.99928	 	0.0025	 	0.00156884	 	0.0232852	 	
35200	-1.99717	 	1595.5	 	0.999279	 	399.425	 	0.999279	 	0	 	0.00157009	 	0.0233158	 	
35400	-1.99717	 	1595.5	 	0.999279	 	399.425	 	0.999279	 	0.005	 	0.00157012	 	0.0233119	 	
35600	-1.99717	 	1595.5	 	0.999278	 	399.424	 	0.999278	 	0	 	0.00157035	 	0.0233186	 	
35800	-1.99717	 	1595.5	 	0.999277	 	399.424	 	0.999277	 	0	 	0.00157289	 	0.0233335	 	
36000	-1.99717	 	1595.5	 	0.999278	 	399.424	 	0.999278	 	0	 	0.00157001	 	0.0232975	 	
36200	-1.99717	 	1595.5	 	0.999279	 	399.425	 	0.999279	 	0	 	0.0015687	 	0.0232866	 	
36400	-1.99717	 	1595.5	 	0.999278	 	399.424	 	0.999278	 	0	 	0.00157121	 	0.0233161	 	
36600	-1.99716	 	1595.49	 	0.999276	 	399.423	 	0.999276	 	0	 	0.00157333	 	0.0233462	 	
36800	-1.99717	 	1595.49	 	0.999277	 	399.423	 	0.999277	 	0	 	0.00157218	 	0.0233236	 	
37000	-1.99717	 	1595.5	 	0.999278	 	399.424	 	0.999278	 	0	 	0.00156993	 	0.0232973	 	
37200	-1.99718	 	1595.51	 	0.999279	 	399.425	 	0.999279	 	0.0025	 	0.00156731	 	0.023265	 	
37400	-1.99718	 	1595.51	 	0.99928	 	399.426	 	0.99928	 	0.0025	 	0.00156499	 	0.0232375	 	
37600	-1.99717	 	1595.5	 	0.999279	 	399.425	 	0.999279	 	0.005	 	0.00156653	 	0.0232649	 	
37800	-1.99717	 	1595.5	 	0.999279	 	399.425	 	0.999279	 	0	 	0.0015662	 	0.0232691	 	
38000	-1.99717	 	1595.51	 	0.999279	 	399.425	 	0.999279	 	0	 	0.00156516	 	0.0232619	 	
38200	-1.99717	 	1595.5	 	0.999279	 	399.425	 	0.999279	 	0	 	0.00156469	 	0.023257	 	
38400	-1.99716	 	1595.49	 	0.999276	 	399.423	 	0.999276	 	0	 	0.00157105	 	0.0233334	 	
38600	-1.99717	 	1595.49	 	0.999277	 	399.424	 	0.999277	 	0	 	0.00157012	 	0.0233144	 	
38800	-1.99716	 	1595.49	 	0.999276	 	399.423	 	0.999276	 	0	 	0.00157176	 	0.0233368	 	
39000	-1.99716	 	1595.48	 	0.999275	 	399.422	 	0.999275	 	0.0025	 	0.00157341	 	0.0233729	 	
39200	-1.99716	 	1595.48	 	0.999275	 	399.422	 	0.999275	 	0	 	0.00157258	 	0.0233623	 	
39400	-1.99716	 	1595.49	 	0.999276	 	399.422	 	0.999276	 	0	 	0.00157148	 	0.0233471	 	
39600	-1.99716	 	1595.48	 	0.999275	 	399.421	 	0.999275	 	0	 	0.00157261	 	0.0233745	 	
39800	-1.99715	 	1595.46	 	0.999272	 	399.419	 	0.999272	 	0	 	0.00158326	 	0.0234716	 	
40000	-1.99714	 	1595.46	 	0.999271	 	399.419	 	0.999271	 	0	 	0.00158292	 	0.0234757	 	
40200	-1.99713	 	1595.44	 	0.999269	 	399.417	 	0.999269	 	0.0025	 	0.00158723	 	0.0235415	 	
40400	-1.99714	 	1595.45	 	0.99927	 	399.418	 	0.99927	 	0.0025	 	0.00158407	 	0.0235	 	
40600	-1.99714	 	1595.45	 	0.99927	 	399.418	 	0.99927	 	0	 	0.00158273	 	0.0234875	 	
40800	-1.99713	 	1595.44	 	0.999269	 	399.417	 	0.999269	 	0	 	0.00158408	 	0.0235184	 	
41000	-1.99713	 	1595.44	 	0.999268	 	399.416	 	0.999268	 	0	 	0.00158326	 	0.0235143	 	
41200	-1.99713	 	1595.44	 	0.999268	 	399.416	 	0.999268	 	0	 	0.00158173	 	0.0234987	 	
41400	-1.99713	 	1595.44	 	0.999269	 	399.417	 	0.999269	 	0	 	0.00158068	 	0.0234904	 	
41600	-1.99714	 	1595.44	 	0.999269	 	399.417	 	0.999269	 	0	 	0.00158014	 	0.0234781	 	
41800	-1.99714	 	1595.45	 	0.99927	 	399.418	 	0.99927	 	0	 	0.00157831	 	0.0234574	 	
42000	-1.99714	 	1595.45	 	0.99927	 	399.418	 	0.99927	 	0	 	0.00157874	 	0.0234728	 	
42200	-1.99714	 	1595.45	 	0.99927	 	399.418	 	0.99927	 	0	 	0.00157887	 	0.0234771	 	
42400	-1.99714	 	1595.45	 	0.99927	 	399.418	 	0.99927	 	0.0025	 	0.00157946	 	0.0234949	 	
42600	-1.99714	 	1595.45	 	0.99927	 	399.418	 	0.99927	 	0.005	 	0.00157974	 	0.023492	 	
42800	-1.99714	 	1595.45	 	0.999271	 	399.418	 	0.999271	 	0	 	0.00157876	 	0.0234845	 	
43000	-1.99714	 	1595.45	 	0.999271	 	399.418	 	0.999271	 	0	 	0.00157964	 	0.0234793	 	
43200	-1.99714	 	1595.45	 	0.999271	 	399.419	 	0.999271	 	0	 	0.00157896	 	0.0234767	 	
43400	-1.99714	 	1595.45	 	0.99927	 	399.418	 	0.99927	 	0	 	0.00158239	 	0.0235163	 	
43600	-1.99714	 	1595.45	 	0.999271	 	399.419	 	0.999271	 	0	 	0.00158122	 	0.0234998	 	
43800	-1.99714	 	1595.45	 	0.99927	 	399.418	 	0.99927	 	0.0025	 	0.00158093	 	0.0234975	 	
44000	-1.99714	 	1595.45	 	0.999271	 	399.419	 	0.999271	 	0.005	 	0.00157948	 	0.0234824	 	
44200	-1.99714	 	1595.46	 	0.999272	 	399.419	 	0.999272	 	0	 	0.00157789	 	0.0234649	 	
44400	-1.99715	 	1595.46	 	0.999272	 	399.42	 	0.999272	 	0.0025	 	0.00157647	 	0.0234443	 	
44600	-1.99715	 	1595.46	 	0.999273	 	399.42	 	0.999273	 	0.005	 	0.00157522	 	0.0234322	 	
44800	-1.99715	 	1595.46	 	0.999272	 	399.419	 	0.999272	 	0.0025	 	0.00157601	 	0.0234529	 	
45000	-1.99715	 	1595.46	 	0.999272	 	399.419	 	0.999272	 	0.005	 	0.0015775	 	0.0234675	 	
45200	-1.99714	 	1595.45	 	0.999271	 	399.418	 	0.999271	 	0	 	0.00157801	 	0.0234838	 	
45400	-1.99715	 	1595.46	 	0.999272	 	399.419	 	0.999272	 	0	 	0.00157509	 	0.0234445	 	
45600	-1.99714	 	1595.46	 	0.999272	 	399.419	 	0.999272	 	0.0025	 	0.00157716	 	0.0234684	 	
45800	-1.99714	 	1595.45	 	0.999271	 	399.418	 	0.999271	 	0	 	0.00158584	 	0.0235879	 	
46000	-1.99715	 	1595.46	 	0.999272	 	399.419	 	0.999272	 	0	 	0.00158217	 	0.0235369	 	
46200	-1.99714	 	1595.45	 	0.999271	 	399.418	 	0.999271	 	0	 	0.00158383	 	0.0235546	 	
46400	-1.99714	 	1595.44	 	0.999269	 	399.417	 	0.999269	 	0	 	0.00158692	 	0.0236009	 	
46600	-1.99713	 	1595.43	 	0.999267	 	399.416	 	0.999267	 	0.0025	 	0.00159589	 	0.0237124	 	
46800	-1.99713	 	1595.43	 	0.999267	 	399.416	 	0.999267	 	0	 	0.0015958	 	0.0237188	 	
47000	-1.99713	 	1595.44	 	0.999268	 	399.416	 	0.999268	 	0	 	0.0015935	 	0.0236842	 	
47200	-1.99713	 	1595.44	 	0.999268	 	399.417	 	0.999268	 	0	 	0.00159313	 	0.0236804	 	
47400	-1.99713	 	1595.44	 	0.999269	 	399.417	 	0.999269	 	0	 	0.00159104	 	0.0236545	 	
47600	-1.99714	 	1595.44	 	0.999269	 	399.417	 	0.999269	 	0.0025	 	0.00159038	 	0.0236461	 	
47800	-1.99713	 	1595.43	 	0.999267	 	399.415	 	0.999267	 	0	 	0.00159578	 	0.0237083	 	
48000	-1.99713	 	1595.44	 	0.999268	 	399.416	 	0.999268	 	0	 	0.00159381	 	0.0236734	 	
48200	-1.99713	 	1595.43	 	0.999267	 	399.416	 	0.999267	 	0	 	0.0015949	 	0.0236987	 	
48400	-1.99713	 	1595.43	 	0.999267	 	399.416	 	0.999267	 	0	 	0.00159385	 	0.023684	 	
48600	-1.99713	 	1595.44	 	0.999269	 	399.417	 	0.999269	 	0	 	0.00159006	 	0.0236306	 	
48800	-1.99713	 	1595.44	 	0.999268	 	399.416	 	0.999268	 	0	 	0.00159032	 	0.0236317	 	
49000	-1.99713	 	1595.43	 	0.999267	 	399.415	 	0.999267	 	0.005	 	0.00159621	 	0.0237065	 	
49200	-1.99713	 	1595.43	 	0.999267	 	399.415	 	0.999267	 	0.005	 	0.0015957	 	0.0237056	 	
49400	-1.99713	 	1595.43	 	0.999268	 	399.416	 	0.999268	 	0	 	0.00159409	 	0.0236872	 	
49600	-1.99713	 	1595.43	 	0.999267	 	399.415	 	0.999267	 	0.005	 	0.00159676	 	0.0237172	 	
49800	-1.99712	 	1595.43	 	0.999266	 	399.415	 	0.999266	 	0	 	0.00159845	 	0.0237361	 	
50000	-1.99713	 	1595.43	 	0.999267	 	399.415	 	0.999267	 	0	 	0.00159683	 	0.0237122	 	
50200	-1.99713	 	1595.43	 	0.999267	 	399.415	 	0.999267	 	0	 	0.00159714	 	0.0237194	 	
50400	-1.99713	 	1595.43	 	0.999266	 	399.415	 	0.999266	 	0	 	0.00159682	 	0.0237216	 	
50600	-1.99712	 	1595.42	 	0.999266	 	399.414	 	0.999266	 	0	 	0.00159824	 	0.0237366	 	
50800	-1.99712	 	1595.43	 	0.999266	 	399.415	 	0.999266	 	0	 	0.00159653	 	0.0237163	 	
51000	-1.99712	 	1595.42	 	0.999265	 	399.414	 	0.999265	 	0.0025	 	0.00160055	 	0.0237581	 	
51200	-1.99712	 	1595.42	 	0.999265	 	399.414	 	0.999265	 	0	 	0.00160057	 	0.0237524	 	
51400	-1.99712	 	1595.42	 	0.999265	 	399.414	 	0.999265	 	0	 	0.00160036	 	0.0237563	 	
51600	-1.99712	 	1595.42	 	0.999265	 	399.414	 	0.999265	 	0	 	0.00160065	 	0.0237581	 	
51800	-1.99712	 	1595.41	 	0.999264	 	399.413	 	0.999264	 	0	 	0.00160282	 	0.0238003	 	
52000	-1.99711	 	1595.4	 	0.999262	 	399.412	 	0.999262	 	0.005	 	0.0016076	 	0.0238552	 	
52200	-1.99711	 	1595.4	 	0.999263	 	399.412	 	0.999263	 	0	 	0.00160603	 	0.0238372	 	
52400	-1.99711	 	1595.41	 	0.999263	 	399.412	 	0.999263	 	0	 	0.00160369	 	0.0238067	 	
52600	-1.99711	 	1595.4	 	0.999262	 	399.412	 	0.999262	 	0	 	0.00160568	 	0.0238361	 	
52800	-1.99711	 	1595.4	 	0.999261	 	399.411	 	0.999261	 	0	 	0.00161055	 	0.0238957	 	
53000	-1.99711	 	1595.4	 	0.999262	 	399.412	 	0.999262	 	0.005	 	0.00160834	 	0.0238671	 	
53200	-1.99711	 	1595.4	 	0.999262	 	399.412	 	0.999262	 	0	 	0.00160733	 	0.023858	 	
53400	-1.99711	 	1595.4	 	0.999262	 	399.411	 	0.999262	 	0.005	 	0.00160899	 	0.0238791	 	
53600	-1.9971	 	1595.39	 	0.999261	 	399.41	 	0.999261	 	0	 	0.00161119	 	0.0239214	 	
53800	-1.99711	 	1595.4	 	0.999261	 	399.411	 	0.999261	 	0	 	0.00160913	 	0.0238905	 	
54000	-1.99711	 	1595.4	 	0.999261	 	399.411	 	0.999261	 	0	 	0.0016094	 	0.0238922	 	
54200	-1.99711	 	1595.4	 	0.999261	 	399.411	 	0.999261	 	0	 	0.00160838	 	0.0238732	 	
54400	-1.99711	 	1595.4	 	0.999261	 	399.411	 	0.999261	 	0	 	0.00160912	 	0.0238778	 	
54600	-1.99711	 	1595.4	 	0.999262	 	399.412	 	0.999262	 	0	 	0.00160648	 	0.0238422	 	
54800	-1.99711	 	1595.41	 	0.999263	 	399.412	 	0.999263	 	0.0025	 	0.00160523	 	0.0238242	 	
55000	-1.99712	 	1595.41	 	0.999264	 	399.413	 	0.999264	 	0	 	0.00160249	 	0.0237869	 	
55200	-1.99712	 	1595.42	 	0.999265	 	399.414	 	0.999265	 	0	 	0.00160049	 	0.0237568	 	
55400	-1.99712	 	1595.42	 	0.999265	 	399.414	 	0.999265	 	0.0025	 	0.00159993	 	0.0237546	 	
55600	-1.99712	 	1595.42	 	0.999266	 	399.414	 	0.999266	 	0	 	0.00159796	 	0.0237295	 	
55800	-1.99712	 	1595.41	 	0.999264	 	399.413	 	0.999264	 	0	 	0.00160123	 	0.023772	 	
56000	-1.99712	 	1595.42	 	0.999265	 	399.414	 	0.999265	 	0.005	 	0.00159891	 	0.0237367	 	
56200	-1.99712	 	1595.42	 	0.999266	 	399.414	 	0.999266	 	0	 	0.00160044	 	0.0237437	 	
56400	-1.99712	 	1595.42	 	0.999264	 	399.413	 	0.999264	 	0	 	0.00160412	 	0.0237976	 	
56600	-1.99712	 	1595.41	 	0.999264	 	399.413	 	0.999264	 	0	 	0.0016051	 	0.0238199	 	
56800	-1.99712	 	1595.42	 	0.999264	 	399.413	 	0.999264	 	0	 	0.00160294	 	0.0237918	 	
57000	-1.99712	 	1595.43	 	0.999266	 	399.415	 	0.999266	 	0	 	0.00159956	 	0.023744	 	
57200	-1.99712	 	1595.42	 	0.999266	 	399.414	 	0.999266	 	0.0025	 	0.00159903	 	0.0237374	 	
57400	-1.99713	 	1595.43	 	0.999267	 	399.415	 	0.999267	 	0.0025	 	0.00159605	 	0.023696	 	
57600	-1.99713	 	1595.44	 	0.999268	 	399.416	 	0.999268	 	0	 	0.00159443	 	0.0236718	 	
57800	-1.99713	 	1595.43	 	0.999267	 	399.415	 	0.999267	 	0	 	0.00159682	 	0.0237122	 	
58000	-1.99713	 	1595.43	 	0.999267	 	399.415	 	0.999267	 	0	 	0.00159699	 	0.0237213	 	
58200	-1.99713	 	1595.43	 	0.999267	 	399.415	 	0.999267	 	0	 	0.00159586	 	0.0237095	 	
58400	-1.99713	 	1595.43	 	0.999267	 	399.415	 	0.999267	 	0	 	0.00159567	 	0.0237127	 	
58600	-1.99713	 	1595.43	 	0.999267	 	399.416	 	0.999267	 	0	 	0.00159546	 	0.0237154	 	
58800	-1.99713	 	1595.43	 	0.999268	 	399.416	 	0.999268	 	0	 	0.00159445	 	0.0237054	 	
59000	-1.99713	 	1595.44	 	0.999268	 	399.416	 	0.999268	 	0	 	0.00159391	 	0.0237027	 	
59200	-1.99713	 	1595.43	 	0.999268	 	399.416	 	0.999268	 	0	 	0.0015942	 	0.0237092	 	
59400	-1.99713	 	1595.44	 	0.999268	 	399.416	 	0.999268	 	0.0025	 	0.00159396	 	0.0236972	 	
59600	-1.99713	 	1595.44	 	0.999268	 	399.416	 	0.999268	 	0	 	0.00159389	 	0.023698	 	
59800	-1.99713	 	1595.43	 	0.999267	 	399.415	 	0.999267	 	0	 	0.00159861	 	0.0237513	 	
60000	-1.99713	 	1595.44	 	0.999268	 	399.416	 	0.999268	 	0	 	0.00159681	 	0.0237241	 	
60200	-1.99713	 	1595.44	 	0.999268	 	399.416	 	0.999268	 	0	 	0.00159537	 	0.023707	 	
60400	-1.99713	 	1595.44	 	0.999268	 	399.416	 	0.999268	 	0	 	0.00159473	 	0.0237029	 	
60600	-1.99713	 	1595.44	 	0.999268	 	399.416	 	0.999268	 	0	 	0.00159481	 	0.0237101	 	
60800	-1.99713	 	1595.44	 	0.999269	 	399.417	 	0.999269	 	0	 	0.0015928	 	0.0236839	 	
61000	-1.99713	 	1595.44	 	0.999269	 	399.417	 	0.999269	 	0	 	0.00159275	 	0.0236804	 	
61200	-1.99713	 	1595.44	 	0.999268	 	399.416	 	0.999268	 	0.0025	 	0.00159327	 	0.0236822	 	
61400	-1.99713	 	1595.44	 	0.999268	 	399.416	 	0.999268	 	0	 	0.00159386	 	0.0236808	 	
61600	-1.99713	 	1595.44	 	0.999268	 	399.416	 	0.999268	 	0	 	0.00159292	 	0.0236717	 	
61800	-1.99713	 	1595.44	 	0.999269	 	399.417	 	0.999269	 	0	 	0.00159098	 	0.0236463	 	
62000	-1.99714	 	1595.45	 	0.99927	 	399.418	 	0.99927	 	0	 	0.00158834	 	0.0236056	 	
62200	-1.99714	 	1595.45	 	0.999269	 	399.417	 	0.999269	 	0	 	0.00158953	 	0.0236143	 	
62400	-1.99714	 	1595.45	 	0.99927	 	399.418	 	0.99927	 	0	 	0.00158924	 	0.0236071	 	
62600	-1.99714	 	1595.45	 	0.999269	 	399.417	 	0.999269	 	0	 	0.00159081	 	0.0236341	 	
62800	-1.99713	 	1595.44	 	0.999269	 	399.417	 	0.999269	 	0.0025	 	0.00159241	 	0.0236534	 	
63000	-1.99714	 	1595.44	 	0.999269	 	399.417	 	0.999269	 	0	 	0.00159254	 	0.0236571	 	
63200	-1.99713	 	1595.44	 	0.999269	 	399.417	 	0.999269	 	0	 	0.00159325	 	0.0236662	 	
63400	-1.99714	 	1595.45	 	0.999269	 	399.417	 	0.999269	 	0.005	 	0.00159271	 	0.0236631	 	
63600	-1.99713	 	1595.44	 	0.999268	 	399.416	 	0.999268	 	0.0075	 	0.00159419	 	0.0236928	 	
63800	-1.99713	 	1595.44	 	0.999268	 	399.417	 	0.999268	 	0	 	0.00159348	 	0.0236831	 	
64000	-1.99713	 	1595.44	 	0.999268	 	399.416	 	0.999268	 	0	 	0.00159407	 	0.0236902	 	
64200	-1.99713	 	1595.44	 	0.999268	 	399.416	 	0.999268	 	0.005	 	0.00159552	 	0.0237071	 	
64400	-1.99713	 	1595.43	 	0.999267	 	399.415	 	0.999267	 	0	 	0.0015958	 	0.0237174	 	
64600	-1.99713	 	1595.43	 	0.999267	 	399.416	 	0.999267	 	0	 	0.00159426	 	0.0236983	 	
64800	-1.99713	 	1595.43	 	0.999267	 	399.416	 	0.999267	 	0	 	0.00159471	 	0.0237007	 	
65000	-1.99713	 	1595.43	 	0.999267	 	399.415	 	0.999267	 	0	 	0.00159498	 	0.0237106	 	
65200	-1.99713	 	1595.44	 	0.999268	 	399.416	 	0.999268	 	0	 	0.00159215	 	0.0236707	 	
65400	-1.99714	 	1595.44	 	0.999269	 	399.417	 	0.999269	 	0	 	0.00159062	 	0.0236517	 	
65600	-1.99714	 	1595.45	 	0.99927	 	399.418	 	0.99927	 	0	 	0.00158989	 	0.0236298	 	
65800	-1.99714	 	1595.45	 	0.99927	 	399.418	 	0.99927	 	0.005	 	0.00158816	 	0.0236076	 	
66000	-1.99714	 	1595.46	 	0.999271	 	399.419	 	0.999271	 	0	 	0.00158666	 	0.0235889	 	
66200	-1.99714	 	1595.46	 	0.999271	 	399.419	 	0.999271	 	0	 	0.001586	 	0.0235799	 	
66400	-1.99714	 	1595.45	 	0.99927	 	399.418	 	0.99927	 	0	 	0.00158663	 	0.0235954	 	
66600	-1.99714	 	1595.45	 	0.99927	 	399.417	 	0.99927	 	0	 	0.00158836	 	0.0236287	 	
66800	-1.99714	 	1595.44	 	0.999269	 	399.417	 	0.999269	 	0.0025	 	0.00158864	 	0.0236347	 	
67000	-1.99713	 	1595.44	 	0.999268	 	399.416	 	0.999268	 	0	 	0.00159449	 	0.0236927	 	
67200	-1.99713	 	1595.44	 	0.999268	 	399.417	 	0.999268	 	0	 	0.00159378	 	0.0236829	 	
67400	-1.99714	 	1595.44	 	0.999269	 	399.417	 	0.999269	 	0	 	0.00159219	 	0.0236627	 	
67600	-1.99714	 	1595.45	 	0.99927	 	399.417	 	0.99927	 	0	 	0.0015913	 	0.0236537	 	
67800	-1.99714	 	1595.45	 	0.999271	 	399.418	 	0.999271	 	0	 	0.00158859	 	0.0236155	 	
68000	-1.99715	 	1595.46	 	0.999272	 	399.419	 	0.999272	 	0.0025	 	0.00158598	 	0.0235788	 	
68200	-1.99715	 	1595.47	 	0.999273	 	399.42	 	0.999273	 	0	 	0.00158493	 	0.0235634	 	
68400	-1.99715	 	1595.47	 	0.999273	 	399.42	 	0.999273	 	0	 	0.00158418	 	0.0235452	 	
68600	-1.99715	 	1595.46	 	0.999272	 	399.419	 	0.999272	 	0.0025	 	0.00158637	 	0.0235783	 	
68800	-1.99715	 	1595.47	 	0.999272	 	399.42	 	0.999272	 	0.0025	 	0.00158503	 	0.0235583	 	
69000	-1.99715	 	1595.46	 	0.999272	 	399.419	 	0.999272	 	0	 	0.0015863	 	0.0235802	 	
69200	-1.99715	 	1595.46	 	0.999272	 	399.419	 	0.999272	 	0	 	0.00158724	 	0.0236005	 	
69400	-1.99715	 	1595.46	 	0.999272	 	399.419	 	0.999272	 	0.005	 	0.0015863	 	0.0235869	 	
69600	-1.99715	 	1595.47	 	0.999273	 	399.42	 	0.999273	 	0	 	0.00158417	 	0.0235577	 	
69800	-1.99715	 	1595.47	 	0.999273	 	399.421	 	0.999273	 	0	 	0.00158382	 	0.0235498	 	
70000	-1.99716	 	1595.48	 	0.999274	 	399.421	 	0.999274	 	0	 	0.00158189	 	0.0235202	 	
70200	-1.99716	 	1595.48	 	0.999274	 	399.421	 	0.999274	 	0	 	0.00158272	 	0.0235387	 	
70400	-1.99716	 	1595.48	 	0.999274	 	399.421	 	0.999274	 	0	 	0.00158203	 	0.0235327	 	
70600	-1.99716	 	1595.48	 	0.999275	 	399.422	 	0.999275	 	0	 	0.00158091	 	0.0235196	 	
70800	-1.99716	 	1595.48	 	0.999275	 	399.422	 	0.999275	 	0	 	0.00158039	 	0.023509	 	
71000	-1.99716	 	1595.49	 	0.999276	 	399.423	 	0.999276	 	0	 	0.00157891	 	0.0234866	 	
71200	-1.99716	 	1595.49	 	0.999276	 	399.422	 	0.999276	 	0	 	0.00157928	 	0.023494	 	
71400	-1.99716	 	1595.48	 	0.999276	 	399.422	 	0.999276	 	0.0025	 	0.00157919	 	0.0234939	 	
71600	-1.99716	 	1595.48	 	0.999276	 	399.422	 	0.999276	 	0	 	0.00157936	 	0.023498	 	
71800	-1.99716	 	1595.49	 	0.999276	 	399.423	 	0.999276	 	0	 	0.0015777	 	0.0234727	 	
72000	-1.99716	 	1595.49	 	0.999277	 	399.423	 	0.999277	 	0	 	0.00157665	 	0.0234607	 	
72200	-1.99717	 	1595.5	 	0.999277	 	399.424	 	0.999277	 	0	 	0.00157463	 	0.0234332	 	
72400	-1.99717	 	1595.49	 	0.999277	 	399.424	 	0.999277	 	0	 	0.00157418	 	0.0234273	 	
72600	-1.99717	 	1595.49	 	0.999277	 	399.423	 	0.999277	 	0	 	0.00157473	 	0.0234374	 	
72800	-1.99717	 	1595.5	 	0.999278	 	399.424	 	0.999278	 	0.0025	 	0.00157309	 	0.0234159	 	
73000	-1.99717	 	1595.5	 	0.999278	 	399.424	 	0.999278	 	0.0025	 	0.00157197	 	0.0234026	 	
73200	-1.99717	 	1595.5	 	0.999278	 	399.424	 	0.999278	 	0.0025	 	0.0015717	 	0.0233961	 	
73400	-1.99717	 	1595.5	 	0.999278	 	399.425	 	0.999278	 	0	 	0.00157105	 	0.0233905	 	
73600	-1.99717	 	1595.49	 	0.999277	 	399.424	 	0.999277	 	0	 	0.00157498	 	0.0234375	 	
73800	-1.99717	 	1595.5	 	0.999277	 	399.424	 	0.999277	 	0.0025	 	0.00157378	 	0.0234231	 	
74000	-1.99717	 	1595.5	 	0.999278	 	399.424	 	0.999278	 	0	 	0.00157322	 	0.0234189	 	
74200	-1.99717	 	1595.5	 	0.999278	 	399.424	 	0.999278	 	0	 	0.00157231	 	0.023409	 	
74400	-1.99717	 	1595.5	 	0.999278	 	399.424	 	0.999278	 	0	 	0.00157046	 	0.023384	 	
74600	-1.99717	 	1595.49	 	0.999277	 	399.424	 	0.999277	 	0	 	0.00157315	 	0.0234215	 	
74800	-1.99717	 	1595.5	 	0.999278	 	399.424	 	0.999278	 	0	 	0.00157304	 	0.0234175	 	
75000	-1.99717	 	1595.5	 	0.999278	 	399.424	 	0.999278	 	0.0025	 	0.00157149	 	0.0233973	 	
75200	-1.99717	 	1595.5	 	0.999278	 	399.424	 	0.999278	 	0	 	0.00157211	 	0.023405	 	
75400	-1.99717	 	1595.5	 	0.999279	 	399.425	 	0.999279	 	0	 	0.00157037	 	0.0233818	 	
75600	-1.99717	 	1595.5	 	0.999278	 	399.425	 	0.999278	 	0	 	0.00157216	 	0.0233907	 	
75800	-1.99717	 	1595.5	 	0.999278	 	399.424	 	0.999278	 	0.0025	 	0.00157202	 	0.0233897	 	
76000	-1.99717	 	1595.5	 	0.999278	 	399.424	 	0.999278	 	0	 	0.00157203	 	0.023389	 	
76200	-1.99717	 	1595.5	 	0.999278	 	399.424	 	0.999278	 	0.005	 	0.00157211	 	0.0233882	 	
76400	-1.99717	 	1595.5	 	0.999278	 	399.424	 	0.999278	 	0.005	 	0.00157197	 	0.0233906	 	
76600	-1.99717	 	1595.5	 	0.999278	 	399.424	 	0.999278	 	0	 	0.00157242	 	0.0234025	 	
76800	-1.99716	 	1595.49	 	0.999277	 	399.423	 	0.999277	 	0	 	0.0015752	 	0.0234449	 	
77000	-1.99717	 	1595.49	 	0.999277	 	399.423	 	0.999277	 	0	 	0.00157411	 	0.0234286	 	
77200	-1.99717	 	1595.49	 	0.999277	 	399.423	 	0.999277	 	0	 	0.00157411	 	0.0234233	 	
77400	-1.99717	 	1595.49	 	0.999277	 	399.423	 	0.999277	 	0	 	0.00157421	 	0.023426	 	
77600	-1.99716	 	1595.49	 	0.999276	 	399.423	 	0.999276	 	0	 	0.00157478	 	0.0234332	 	
77800	-1.99717	 	1595.49	 	0.999277	 	399.423	 	0.999277	 	0	 	0.00157335	 	0.0234115	 	
78000	-1.99716	 	1595.49	 	0.999276	 	399.423	 	0.999276	 	0	 	0.00157441	 	0.0234245	 	
78200	-1.99717	 	1595.49	 	0.999277	 	399.423	 	0.999277	 	0	 	0.00157336	 	0.023412	 	
78400	-1.99716	 	1595.49	 	0.999276	 	399.423	 	0.999276	 	0	 	0.0015744	 	0.0234201	 	
78600	-1.99717	 	1595.5	 	0.999277	 	399.424	 	0.999277	 	0	 	0.00157228	 	0.0233906	 	
78800	-1.99717	 	1595.5	 	0.999277	 	399.424	 	0.999277	 	0	 	0.00157264	 	0.0233922	 	
79000	-1.99717	 	1595.5	 	0.999277	 	399.424	 	0.999277	 	0	 	0.00157194	 	0.0233855	 	
79200	-1.99717	 	1595.49	 	0.999277	 	399.423	 	0.999277	 	0	 	0.00157526	 	0.0234083	 	
79400	-1.99717	 	1595.49	 	0.999277	 	399.423	 	0.999277	 	0	 	0.00157737	 	0.0234361	 	
79600	-1.99717	 	1595.49	 	0.999277	 	399.423	 	0.999277	 	0	 	0.00157634	 	0.0234241	 	
79800	-1.99717	 	1595.5	 	0.999277	 	399.424	 	0.999277	 	0	 	0.00157597	 	0.0234161	 	
80000	-1.99717	 	1595.5	 	0.999277	 	399.424	 	0.999277	 	0	 	0.0015763	 	0.0234196	 	
80200	-1.99717	 	1595.5	 	0.999278	 	399.424	 	0.999278	 	0	 	0.00157465	 	0.0233943	 	
80400	-1.99717	 	1595.51	 	0.999279	 	399.425	 	0.999279	 	0	 	0.00157275	 	0.0233683	 	
80600	-1.99718	 	1595.51	 	0.999279	 	399.425	 	0.999279	 	0	 	0.00157181	 	0.0233543	 	
80800	-1.99717	 	1595.5	 	0.999278	 	399.425	 	0.999278	 	0	 	0.00157344	 	0.0233755	 	
81000	-1.99717	 	1595.5	 	0.999278	 	399.424	 	0.999278	 	0	 	0.00157462	 	0.0233894	 	
81200	-1.99717	 	1595.51	 	0.999279	 	399.425	 	0.999279	 	0	 	0.00157359	 	0.0233772	 	
81400	-1.99718	 	1595.51	 	0.999279	 	399.425	 	0.999279	 	0.0025	 	0.00157207	 	0.0233573	 	
81600	-1.99718	 	1595.51	 	0.999279	 	399.425	 	0.999279	 	0.0025	 	0.00157159	 	0.023354	 	
81800	-1.99718	 	1595.51	 	0.999279	 	399.425	 	0.999279	 	0	 	0.00157148	 	0.0233565	 	
82000	-1.99717	 	1595.5	 	0.999278	 	399.425	 	0.999278	 	0.0025	 	0.00157359	 	0.0233835	 	
82200	-1.99718	 	1595.51	 	0.999279	 	399.425	 	0.999279	 	0.0025	 	0.00157348	 	0.0233746	 	
82400	-1.99718	 	1595.51	 	0.999279	 	399.425	 	0.999279	 	0.0025	 	0.0015723	 	0.0233601	 	
82600	-1.99717	 	1595.51	 	0.999279	 	399.425	 	0.999279	 	0.005	 	0.00157284	 	0.0233733	 	
82800	-1.99718	 	1595.51	 	0.999279	 	399.425	 	0.999279	 	0.005	 	0.00157118	 	0.0233508	 	
83000	-1.99718	 	1595.51	 	0.999279	 	399.425	 	0.999279	 	0	 	0.00157052	 	0.0233415	 	
83200	-1.99718	 	1595.51	 	0.999279	 	399.425	 	0.999279	 	0	 	0.00157077	 	0.0233467	 	
83400	-1.99718	 	1595.51	 	0.999279	 	399.425	 	0.999279	 	0.0025	 	0.00157039	 	0.0233449	 	
83600	-1.99717	 	1595.51	 	0.999279	 	399.425	 	0.999279	 	0	 	0.0015738	 	0.0233577	 	
83800	-1.99717	 	1595.5	 	0.999278	 	399.424	 	0.999278	 	0	 	0.00157472	 	0.0233769	 	
84000	-1.99717	 	1595.5	 	0.999277	 	399.423	 	0.999277	 	0	 	0.00157846	 	0.0234173	 	
84200	-1.99717	 	1595.5	 	0.999278	 	399.424	 	0.999278	 	0.0025	 	0.00157588	 	0.0233802	 	
84400	-1.99717	 	1595.5	 	0.999278	 	399.424	 	0.999278	 	0	 	0.0015767	 	0.0233918	 	
84600	-1.99717	 	1595.5	 	0.999278	 	399.424	 	0.999278	 	0	 	0.00157547	 	0.0233763	 	
84800	-1.99717	 	1595.5	 	0.999278	 	399.424	 	0.999278	 	0.0025	 	0.00157628	 	0.0233936	 	
85000	-1.99717	 	1595.5	 	0.999278	 	399.424	 	0.999278	 	0	 	0.00157564	 	0.0233876	 	
85200	-1.99717	 	1595.5	 	0.999277	 	399.423	 	0.999277	 	0	 	0.0015787	 	0.023423	 	
85400	-1.99717	 	1595.49	 	0.999276	 	399.423	 	0.999276	 	0	 	0.00158063	 	0.0234462	 	
85600	-1.99717	 	1595.49	 	0.999276	 	399.423	 	0.999276	 	0	 	0.0015799	 	0.0234358	 	
85800	-1.99716	 	1595.49	 	0.999276	 	399.422	 	0.999276	 	0	 	0.0015814	 	0.0234465	 	
86000	-1.99716	 	1595.49	 	0.999275	 	399.422	 	0.999275	 	0	 	0.00158369	 	0.0234691	 	
86200	-1.99716	 	1595.49	 	0.999275	 	399.422	 	0.999275	 	0	 	0.0015832	 	0.0234657	 	
86400	-1.99716	 	1595.49	 	0.999275	 	399.422	 	0.999275	 	0.0025	 	0.00158192	 	0.0234493	 	
86600	-1.99716	 	1595.49	 	0.999276	 	399.422	 	0.999276	 	0	 	0.00158149	 	0.0234408	 	
86800	-1.99716	 	1595.49	 	0.999275	 	399.422	 	0.999275	 	0	 	0.00158368	 	0.0234773	 	
87000	-1.99716	 	1595.48	 	0.999275	 	399.422	 	0.999275	 	0	 	0.00158392	 	0.0234796	 	
87200	-1.99716	 	1595.49	 	0.999275	 	399.422	 	0.999275	 	0	 	0.00158222	 	0.0234535	 	
87400	-1.99716	 	1595.49	 	0.999276	 	399.422	 	0.999276	 	0	 	0.0015814	 	0.0234418	 	
87600	-1.99717	 	1595.49	 	0.999276	 	399.423	 	0.999276	 	0	 	0.00158082	 	0.0234367	 	
87800	-1.99717	 	1595.49	 	0.999276	 	399.423	 	0.999276	 	0	 	0.00157996	 	0.0234271	 	
88000	-1.99717	 	1595.49	 	0.999276	 	399.423	 	0.999276	 	0	 	0.00158018	 	0.0234231	 	
88200	-1.99716	 	1595.49	 	0.999276	 	399.422	 	0.999276	 	0	 	0.00158073	 	0.0234334	 	
88400	-1.99716	 	1595.49	 	0.999275	 	399.422	 	0.999275	 	0	 	0.00158143	 	0.0234459	 	
88600	-1.99716	 	1595.49	 	0.999275	 	399.422	 	0.999275	 	0	 	0.0015812	 	0.0234465	 	
88800	-1.99716	 	1595.48	 	0.999274	 	399.421	 	0.999274	 	0	 	0.00158691	 	0.0235234	 	
89000	-1.99716	 	1595.48	 	0.999274	 	399.421	 	0.999274	 	0	 	0.00158625	 	0.0235111	 	
89200	-1.99716	 	1595.49	 	0.999275	 	399.422	 	0.999275	 	0.0025	 	0.00158533	 	0.0235005	 	
89400	-1.99716	 	1595.49	 	0.999275	 	399.422	 	0.999275	 	0.0025	 	0.00158416	 	0.0234859	 	
89600	-1.99716	 	1595.48	 	0.999275	 	399.422	 	0.999275	 	0	 	0.00158426	 	0.0234918	 	
89800	-1.99716	 	1595.49	 	0.999275	 	399.422	 	0.999275	 	0	 	0.00158278	 	0.0234722	 	
90000	-1.99716	 	1595.48	 	0.999275	 	399.422	 	0.999275	 	0.0025	 	0.00158503	 	0.0234983	 	
90200	-1.99716	 	1595.49	 	0.999275	 	399.422	 	0.999275	 	0	 	0.00158402	 	0.0234861	 	
90400	-1.99716	 	1595.49	 	0.999276	 	399.422	 	0.999276	 	0.0025	 	0.00158299	 	0.0234737	 	
90600	-1.99716	 	1595.49	 	0.999275	 	399.422	 	0.999275	 	0	 	0.00158534	 	0.0235034	 	
90800	-1.99716	 	1595.48	 	0.999275	 	399.422	 	0.999275	 	0	 	0.0015864	 	0.0235189	 	
91000	-1.99716	 	1595.48	 	0.999275	 	399.421	 	0.999275	 	0	 	0.00158639	 	0.02352	 	
91200	-1.99716	 	1595.48	 	0.999274	 	399.421	 	0.999274	 	0	 	0.00158824	 	0.0235454	 	
91400	-1.99716	 	1595.48	 	0.999273	 	399.421	 	0.999273	 	0	 	0.00158897	 	0.0235613	 	
91600	-1.99716	 	1595.48	 	0.999274	 	399.421	 	0.999274	 	0	 	0.00158812	 	0.0235488	 	
91800	-1.99715	 	1595.47	 	0.999273	 	399.42	 	0.999273	 	0	 	0.00159054	 	0.0235762	 	
92000	-1.99716	 	1595.47	 	0.999273	 	399.42	 	0.999273	 	0	 	0.00158997	 	0.0235711	 	
92200	-1.99716	 	1595.48	 	0.999274	 	399.421	 	0.999274	 	0	 	0.00158938	 	0.0235601	 	
92400	-1.99716	 	1595.48	 	0.999274	 	399.421	 	0.999274	 	0.0025	 	0.0015877	 	0.0235372	 	
92600	-1.99716	 	1595.48	 	0.999275	 	399.421	 	0.999275	 	0	 	0.00158752	 	0.0235383	 	
92800	-1.99716	 	1595.48	 	0.999275	 	399.421	 	0.999275	 	0	 	0.00158705	 	0.0235348	 	
93000	-1.99716	 	1595.48	 	0.999274	 	399.421	 	0.999274	 	0	 	0.00158894	 	0.0235636	 	
93200	-1.99716	 	1595.48	 	0.999274	 	399.421	 	0.999274	 	0	 	0.0015898	 	0.0235758	 	
93400	-1.99716	 	1595.48	 	0.999274	 	399.421	 	0.999274	 	0	 	0.00158954	 	0.0235757	 	
93600	-1.99716	 	1595.48	 	0.999274	 	399.421	 	0.999274	 	0	 	0.00158885	 	0.0235686	 	
93800	-1.99716	 	1595.48	 	0.999274	 	399.421	 	0.999274	 	0	 	0.00158799	 	0.0235587	 	
94000	-1.99716	 	1595.48	 	0.999275	 	399.421	 	0.999275	 	0.0025	 	0.00158738	 	0.02355	 	
94200	-1.99716	 	1595.48	 	0.999275	 	399.422	 	0.999275	 	0	 	0.00158725	 	0.0235411	 	
94400	-1.99716	 	1595.49	 	0.999275	 	399.422	 	0.999275	 	0	 	0.0015862	 	0.0235254	 	
94600	-1.99716	 	1595.49	 	0.999276	 	399.422	 	0.999276	 	0	 	0.00158515	 	0.0235098	 	
94800	-1.99716	 	1595.49	 	0.999275	 	399.422	 	0.999275	 	0	 	0.00158537	 	0.0235172	 	
95000	-1.99716	 	1595.49	 	0.999275	 	399.422	 	0.999275	 	0	 	0.00158455	 	0.023508	 	
95200	-1.99717	 	1595.49	 	0.999276	 	399.423	 	0.999276	 	0.0025	 	0.00158292	 	0.0234856	 	
95400	-1.99717	 	1595.5	 	0.999277	 	399.423	 	0.999277	 	0.0025	 	0.00158174	 	0.0234705	 	
95600	-1.99716	 	1595.49	 	0.999276	 	399.423	 	0.999276	 	0.0025	 	0.00158305	 	0.0234901	 	
95800	-1.99716	 	1595.49	 	0.999275	 	399.422	 	0.999275	 	0.0025	 	0.00158446	 	0.0235113	 	
96000	-1.99716	 	1595.49	 	0.999276	 	399.422	 	0.999276	 	0	 	0.00158456	 	0.0235123	 	
96200	-1.99716	 	1595.49	 	0.999276	 	399.422	 	0.999276	 	0	 	0.00158468	 	0.023518	 	
96400	-1.99716	 	1595.49	 	0.999276	 	399.422	 	0.999276	 	0	 	0.0015838	 	0.0235077	 	
96600	-1.99716	 	1595.49	 	0.999276	 	399.422	 	0.999276	 	0	 	0.00158408	 	0.023516	 	
96800	-1.99717	 	1595.49	 	0.999276	 	399.423	 	0.999276	 	0	 	0.00158297	 	0.0234967	 	
97000	-1.99717	 	1595.49	 	0.999276	 	399.423	 	0.999276	 	0	 	0.0015821	 	0.0234839	 	
97200	-1.99717	 	1595.49	 	0.999276	 	399.423	 	0.999276	 	0	 	0.00158133	 	0.0234752	 	
97400	-1.99716	 	1595.49	 	0.999275	 	399.422	 	0.999275	 	0	 	0.0015838	 	0.0235118	 	
97600	-1.99716	 	1595.49	 	0.999275	 	399.422	 	0.999275	 	0.0025	 	0.00158412	 	0.0235207	 	
97800	-1.99716	 	1595.49	 	0.999275	 	399.422	 	0.999275	 	0	 	0.00158368	 	0.0235173	 	
98000	-1.99716	 	1595.49	 	0.999275	 	399.422	 	0.999275	 	0	 	0.00158346	 	0.0235175	 	
98200	-1.99716	 	1595.49	 	0.999275	 	399.422	 	0.999275	 	0.0025	 	0.00158337	 	0.0235198	 	
98400	-1.99716	 	1595.49	 	0.999275	 	399.422	 	0.999275	 	0	 	0.00158335	 	0.0235206	 	
98600	-1.99716	 	1595.49	 	0.999276	 	399.422	 	0.999276	 	0	 	0.00158248	 	0.0235103	 	
98800	-1.99717	 	1595.49	 	0.999277	 	399.423	 	0.999277	 	0	 	0.00158104	 	0.0234856	 	
99000	-1.99717	 	1595.49	 	0.999276	 	399.423	 	0.999276	 	0	 	0.00158165	 	0.0234888	 	
99200	-1.99717	 	1595.49	 	0.999277	 	399.423	 	0.999277	 	0	 	0.00158128	 	0.0234865	 	
99400	-1.99717	 	1595.49	 	0.999276	 	399.423	 	0.999276	 	0	 	0.00158142	 	0.0234899	 	
99600	-1.99717	 	1595.49	 	0.999277	 	399.423	 	0.999277	 	0	 	0.00158071	 	0.0234821	 	
99800	-1.99717	 	1595.49	 	0.999276	 	399.423	 	0.999276	 	0	 	0.00158079	 	0.023487	 	
100000	-1.99717	 	1595.49	 	0.999277	 	399.423	 	0.999277	 	0.005	 	0.00158001	 	0.0234729	 	
100200	-1.99717	 	1595.5	 	0.999277	 	399.424	 	0.999277	 	0.0025	 	0.00157882	 	0.0234548	 	
100400	-1.99717	 	1595.5	 	0.999277	 	399.424	 	0.999277	 	0	 	0.00157853	 	0.0234496	 	
100600	-1.99717	 	1595.49	 	0.999277	 	399.423	 	0.999277	 	0	 	0.00157968	 	0.0234641	 	
100800	-1.99717	 	1595.49	 	0.999277	 	399.423	 	0.999277	 	0	 	0.00157935	 	0.0234598	 	
101000	-1.99716	 	1595.49	 	0.999276	 	399.422	 	0.999276	 	0.0075	 	0.00158121	 	0.0234883	 	
101200	-1.99716	 	1595.49	 	0.999275	 	399.422	 	0.999275	 	0	 	0.00158134	 	0.0234889	 	
101400	-1.99716	 	1595.48	 	0.999275	 	399.422	 	0.999275	 	0.0025	 	0.00158195	 	0.0235023	 	
101600	-1.99716	 	1595.48	 	0.999275	 	399.422	 	0.999275	 	0	 	0.00158335	 	0.0235132	 	
101800	-1.99716	 	1595.48	 	0.999275	 	399.422	 	0.999275	 	0	 	0.0015823	 	0.0234973	 	
102000	-1.99716	 	1595.49	 	0.999276	 	399.422	 	0.999276	 	0	 	0.00158153	 	0.023486	 	
102200	-1.99716	 	1595.49	 	0.999276	 	399.422	 	0.999276	 	0	 	0.00158138	 	0.0234847	 	
102400	-1.99716	 	1595.49	 	0.999276	 	399.422	 	0.999276	 	0.0025	 	0.00158123	 	0.0234858	 	
102600	-1.99716	 	1595.48	 	0.999275	 	399.422	 	0.999275	 	0	 	0.00158383	 	0.0235204	 	
102800	-1.99716	 	1595.48	 	0.999274	 	399.421	 	0.999274	 	0	 	0.00158403	 	0.0235273	 	
103000	-1.99716	 	1595.48	 	0.999275	 	399.422	 	0.999275	 	0	 	0.00158268	 	0.023509	 	
103200	-1.99716	 	1595.49	 	0.999276	 	399.422	 	0.999276	 	0	 	0.00158098	 	0.0234853	 	
103400	-1.99716	 	1595.49	 	0.999276	 	399.423	 	0.999276	 	0	 	0.00157988	 	0.0234686	 	
103600	-1.99717	 	1595.49	 	0.999277	 	399.423	 	0.999277	 	0	 	0.00157861	 	0.0234516	 	
103800	-1.99717	 	1595.5	 	0.999277	 	399.423	 	0.999277	 	0	 	0.00157739	 	0.0234356	 	
104000	-1.99717	 	1595.5	 	0.999277	 	399.424	 	0.999277	 	0	 	0.00157659	 	0.0234238	 	
104200	-1.99717	 	1595.5	 	0.999277	 	399.424	 	0.999277	 	0	 	0.00157614	 	0.0234175	 	
104400	-1.99717	 	1595.5	 	0.999277	 	399.424	 	0.999277	 	0.0025	 	0.00157543	 	0.0234095	 	
104600	-1.99717	 	1595.5	 	0.999278	 	399.424	 	0.999278	 	0	 	0.00157456	 	0.0233965	 	
104800	-1.99717	 	1595.5	 	0.999278	 	399.424	 	0.999278	 	0.0025	 	0.00157546	 	0.0234055	 	
105000	-1.99717	 	1595.5	 	0.999278	 	399.424	 	0.999278	 	0	 	0.00157413	 	0.0233851	 	
105200	-1.99717	 	1595.5	 	0.999278	 	399.424	 	0.999278	 	0	 	0.00157447	 	0.0233915	 	
105400	-1.99717	 	1595.5	 	0.999278	 	399.424	 	0.999278	 	0	 	0.00157402	 	0.0233878	 	
105600	-1.99717	 	1595.5	 	0.999278	 	399.424	 	0.999278	 	0	 	0.00157369	 	0.023381	 	
105800	-1.99717	 	1595.51	 	0.999279	 	399.425	 	0.999279	 	0	 	0.00157232	 	0.0233623	 	
106000	-1.99717	 	1595.5	 	0.999278	 	399.425	 	0.999278	 	0.005	 	0.00157259	 	0.0233702	 	
106200	-1.99718	 	1595.51	 	0.999279	 	399.425	 	0.999279	 	0	 	0.00157115	 	0.0233479	 	
106400	-1.99718	 	1595.51	 	0.99928	 	399.425	 	0.99928	 	0	 	0.00156998	 	0.0233324	 	
106600	-1.99718	 	1595.51	 	0.99928	 	399.426	 	0.99928	 	0	 	0.00156874	 	0.0233159	 	
106800	-1.99718	 	1595.51	 	0.99928	 	399.426	 	0.99928	 	0	 	0.00156928	 	0.0233255	 	
107000	-1.99718	 	1595.52	 	0.99928	 	399.426	 	0.99928	 	0	 	0.00156862	 	0.0233143	 	
107200	-1.99718	 	1595.51	 	0.99928	 	399.426	 	0.99928	 	0	 	0.00156983	 	0.0233284	 	
107400	-1.99718	 	1595.52	 	0.99928	 	399.426	 	0.99928	 	0.0025	 	0.00156913	 	0.0233204	 	
107600	-1.99718	 	1595.52	 	0.999281	 	399.426	 	0.999281	 	0	 	0.00156906	 	0.0233202	 	
107800	-1.99718	 	1595.52	 	0.999281	 	399.426	 	0.999281	 	0	 	0.0015695	 	0.0233281	 	
108000	-1.99718	 	1595.52	 	0.999281	 	399.426	 	0.999281	 	0	 	0.00156879	 	0.0233201	 	
108200	-1.99718	 	1595.52	 	0.999281	 	399.426	 	0.999281	 	0	 	0.00157129	 	0.0233441	 	
108400	-1.99718	 	1595.52	 	0.999281	 	399.426	 	0.999281	 	0	 	0.00157134	 	0.0233419	 	
108600	-1.99718	 	1595.52	 	0.999281	 	399.426	 	0.999281	 	0.0025	 	0.00157166	 	0.0233433	 	
108800	-1.99718	 	1595.52	 	0.999281	 	399.427	 	0.999281	 	0	 	0.00157071	 	0.0233313	 	
109000	-1.99718	 	1595.52	 	0.999281	 	399.427	 	0.999281	 	0	 	0.00156991	 	0.0233218	 	
109200	-1.99718	 	1595.52	 	0.999281	 	399.427	 	0.999281	 	0	 	0.00156924	 	0.0233143	 	
109400	-1.99718	 	1595.52	 	0.99928	 	399.426	 	0.99928	 	0	 	0.00157213	 	0.0233379	 	
109600	-1.99718	 	1595.52	 	0.999281	 	399.426	 	0.999281	 	0	 	0.00157087	 	0.0233211	 	
109800	-1.99718	 	1595.52	 	0.999281	 	399.427	 	0.999281	 	0	 	0.00156962	 	0.0233043	 	
110000	-1.99719	 	1595.52	 	0.999282	 	399.427	 	0.999282	 	0	 	0.00156837	 	0.0232875	 	
110200	-1.99719	 	1595.53	 	0.999282	 	399.428	 	0.999282	 	0	 	0.00156692	 	0.0232651	 	
110400	-1.99719	 	1595.53	 	0.999282	 	399.428	 	0.999282	 	0.005	 	0.00156686	 	0.0232674	 	
110600	-1.99719	 	1595.53	 	0.999282	 	399.428	 	0.999282	 	0	 	0.00156755	 	0.0232741	 	
110800	-1.99719	 	1595.53	 	0.999282	 	399.428	 	0.999282	 	0	 	0.00156682	 	0.0232633	 	
111000	-1.99719	 	1595.53	 	0.999283	 	399.428	 	0.999283	 	0	 	0.00156639	 	0.0232598	 	
111200	-1.99719	 	1595.53	 	0.999283	 	399.428	 	0.999283	 	0	 	0.00156491	 	0.0232391	 	
111400	-1.99719	 	1595.54	 	0.999284	 	399.429	 	0.999284	 	0	 	0.00156406	 	0.0232264	 	
111600	-1.9972	 	1595.54	 	0.999284	 	399.429	 	0.999284	 	0.005	 	0.00156313	 	0.0232101	 	
111800	-1.9972	 	1595.54	 	0.999284	 	399.429	 	0.999284	 	0	 	0.00156203	 	0.0231956	 	
112000	-1.9972	 	1595.54	 	0.999285	 	399.429	 	0.999285	 	0.0025	 	0.00156157	 	0.0231914	 	
112200	-1.9972	 	1595.54	 	0.999285	 	399.429	 	0.999285	 	0.0025	 	0.0015614	 	0.0231896	 	
112400	-1.9972	 	1595.54	 	0.999284	 	399.429	 	0.999284	 	0	 	0.00156155	 	0.023193	 	
112600	-1.9972	 	1595.54	 	0.999284	 	399.429	 	0.999284	 	0.0025	 	0.00156261	 	0.0232025	 	
112800	-1.9972	 	1595.54	 	0.999285	 	399.43	 	0.999285	 	0.005	 	0.00156174	 	0.0231851	 	
113000	-1.9972	 	1595.54	 	0.999285	 	399.43	 	0.999285	 	0	 	0.00156188	 	0.0231868	 	
113200	-1.9972	 	1595.54	 	0.999284	 	399.429	 	0.999284	 	0	 	0.00156262	 	0.0231974	 	
113400	-1.9972	 	1595.54	 	0.999284	 	399.429	 	0.999284	 	0	 	0.00156223	 	0.0231943	 	
113600	-1.9972	 	1595.54	 	0.999285	 	399.43	 	0.999285	 	0	 	0.00156146	 	0.0231851	 	
113800	-1.9972	 	1595.54	 	0.999284	 	399.429	 	0.999284	 	0	 	0.00156247	 	0.0231999	 	
114000	-1.9972	 	1595.54	 	0.999284	 	399.429	 	0.999284	 	0.0025	 	0.00156278	 	0.0232021	 	
114200	-1.9972	 	1595.54	 	0.999285	 	399.429	 	0.999285	 	0	 	0.00156212	 	0.0231925	 	
114400	-1.9972	 	1595.54	 	0.999285	 	399.43	 	0.999285	 	0	 	0.00156106	 	0.0231786	 	
114600	-1.9972	 	1595.54	 	0.999284	 	399.429	 	0.999284	 	0	 	0.00156282	 	0.0231996	 	
114800	-1.9972	 	1595.54	 	0.999284	 	399.429	 	0.999284	 	0	 	0.00156302	 	0.0232014	 	
115000	-1.9972	 	1595.54	 	0.999284	 	399.429	 	0.999284	 	0.0025	 	0.00156225	 	0.0231923	 	
115200	-1.9972	 	1595.54	 	0.999284	 	399.429	 	0.999284	 	0	 	0.00156353	 	0.0232137	 	
115400	-1.9972	 	1595.54	 	0.999284	 	399.429	 	0.999284	 	0	 	0.00156391	 	0.0232185	 	
115600	-1.9972	 	1595.54	 	0.999284	 	399.429	 	0.999284	 	0	 	0.00156272	 	0.0232002	 	
115800	-1.9972	 	1595.54	 	0.999284	 	399.429	 	0.999284	 	0	 	0.00156311	 	0.023203	 	
116000	-1.99719	 	1595.54	 	0.999284	 	399.429	 	0.999284	 	0	 	0.00156317	 	0.0232071	 	
116200	-1.9972	 	1595.54	 	0.999284	 	399.429	 	0.999284	 	0	 	0.00156258	 	0.0231962	 	
116400	-1.9972	 	1595.54	 	0.999284	 	399.429	 	0.999284	 	0	 	0.00156182	 	0.0231851	 	
116600	-1.9972	 	1595.54	 	0.999284	 	399.429	 	0.999284	 	0.005	 	0.00156155	 	0.0231838	 	
116800	-1.9972	 	1595.54	 	0.999284	 	399.429	 	0.999284	 	0	 	0.00156201	 	0.0231942	 	
117000	-1.9972	 	1595.54	 	0.999284	 	399.429	 	0.999284	 	0	 	0.00156243	 	0.0231961	 	
117200	-1.99719	 	1595.53	 	0.999283	 	399.428	 	0.999283	 	0	 	0.00156549	 	0.0232395	 	
117400	-1.99719	 	1595.53	 	0.999283	 	399.428	 	0.999283	 	0.0025	 	0.00156564	 	0.023245	 	
117600	-1.99719	 	1595.53	 	0.999283	 	399.428	 	0.999283	 	0	 	0.00156582	 	0.0232489	 	
117800	-1.99719	 	1595.52	 	0.999282	 	399.427	 	0.999282	 	0	 	0.00156865	 	0.0232821	 	
118000	-1.99719	 	1595.52	 	0.999281	 	399.427	 	0.999281	 	0	 	0.00156832	 	0.02328	 	
118200	-1.99719	 	1595.52	 	0.999281	 	399.427	 	0.999281	 	0.005	 	0.00156886	 	0.0232894	 	
118400	-1.99719	 	1595.53	 	0.999282	 	399.427	 	0.999282	 	0	 	0.00156775	 	0.0232746	 	
118600	-1.99719	 	1595.53	 	0.999282	 	399.427	 	0.999282	 	0.0075	 	0.00156782	 	0.0232767	 	
118800	-1.99719	 	1595.53	 	0.999282	 	399.427	 	0.999282	 	0	 	0.00156918	 	0.0232931	 	
119000	-1.99718	 	1595.52	 	0.999281	 	399.427	 	0.999281	 	0.0025	 	0.00157002	 	0.0233075	 	
119200	-1.99718	 	1595.52	 	0.99928	 	399.426	 	0.99928	 	0	 	0.00157159	 	0.0233281	 	
119400	-1.99718	 	1595.52	 	0.99928	 	399.426	 	0.99928	 	0	 	0.00157348	 	0.0233488	 	
119600	-1.99718	 	1595.52	 	0.99928	 	399.426	 	0.99928	 	0	 	0.00157359	 	0.0233472	 	
119800	-1.99718	 	1595.52	 	0.99928	 	399.426	 	0.99928	 	0	 	0.00157438	 	0.0233573	 	
120000	-1.99718	 	1595.51	 	0.99928	 	399.425	 	0.99928	 	0	 	0.00157479	 	0.0233649	 	
120200	-1.99718	 	1595.51	 	0.99928	 	399.425	 	0.99928	 	0	 	0.00157434	 	0.0233586	 	
120400	-1.99718	 	1595.51	 	0.999279	 	399.425	 	0.999279	 	0	 	0.00157425	 	0.0233581	 	
120600	-1.99718	 	1595.51	 	0.999279	 	399.425	 	0.999279	 	0	 	0.00157554	 	0.0233673	 	
120800	-1.99718	 	1595.51	 	0.999279	 	399.425	 	0.999279	 	0	 	0.00157474	 	0.0233575	 	
121000	-1.99718	 	1595.51	 	0.999279	 	399.425	 	0.999279	 	0	 	0.00157881	 	0.0234065	 	
121200	-1.99717	 	1595.51	 	0.999278	 	399.424	 	0.999278	 	0	 	0.00157973	 	0.023416	 	
121400	-1.99717	 	1595.5	 	0.999278	 	399.424	 	0.999278	 	0	 	0.00157984	 	0.0234166	 	
121600	-1.99717	 	1595.51	 	0.999278	 	399.425	 	0.999278	 	0	 	0.00157881	 	0.0234031	 	
121800	-1.99717	 	1595.51	 	0.999278	 	399.424	 	0.999278	 	0	 	0.0015786	 	0.0234027	 	
122000	-1.99718	 	1595.51	 	0.999279	 	399.425	 	0.999279	 	0	 	0.00157769	 	0.0233913	 	
122200	-1.99718	 	1595.51	 	0.999279	 	399.425	 	0.999279	 	0	 	0.00157661	 	0.023377	 	
122400	-1.99718	 	1595.51	 	0.999279	 	399.425	 	0.999279	 	0	 	0.00157632	 	0.0233732	 	
122600	-1.99718	 	1595.51	 	0.999279	 	399.425	 	0.999279	 	0	 	0.0015766	 	0.0233752	 	
122800	-1.99718	 	1595.51	 	0.999279	 	399.425	 	0.999279	 	0	 	0.00157569	 	0.0233615	 	
123000	-1.99718	 	1595.51	 	0.999279	 	399.425	 	0.999279	 	0	 	0.00157547	 	0.0233568	 	
123200	-1.99718	 	1595.51	 	0.99928	 	399.426	 	0.99928	 	0	 	0.00157461	 	0.0233439	 	
123400	-1.99718	 	1595.52	 	0.99928	 	399.426	 	0.99928	 	0	 	0.00157411	 	0.0233367	 	
123600	-1.99718	 	1595.52	 	0.99928	 	399.426	 	0.99928	 	0	 	0.00157282	 	0.0233189	 	
123800	-1.99718	 	1595.52	 	0.999281	 	399.426	 	0.999281	 	0	 	0.00157242	 	0.0233114	 	
124000	-1.99718	 	1595.52	 	0.999281	 	399.426	 	0.999281	 	0	 	0.00157215	 	0.02331	 	
124200	-1.99718	 	1595.52	 	0.99928	 	399.426	 	0.99928	 	0.0025	 	0.00157298	 	0.0233188	 	
124400	-1.99718	 	1595.52	 	0.99928	 	399.426	 	0.99928	 	0.005	 	0.0015726	 	0.0233158	 	
124600	-1.99718	 	1595.52	 	0.99928	 	399.426	 	0.99928	 	0.0075	 	0.00157255	 	0.0233179	 	
124800	-1.99718	 	1595.52	 	0.99928	 	399.426	 	0.99928	 	0	 	0.00157264	 	0.0233202	 	
125000	-1.99718	 	1595.51	 	0.99928	 	399.426	 	0.99928	 	0	 	0.00157266	 	0.0233236	 	
125200	-1.99718	 	1595.51	 	0.999279	 	399.425	 	0.999279	 	0	 	0.00157365	 	0.023331	 	
125400	-1.99718	 	1595.51	 	0.99928	 	399.426	 	0.99928	 	0.0075	 	0.00157308	 	0.0233215	 	
125600	-1.99718	 	1595.52	 	0.99928	 	399.426	 	0.99928	 	0	 	0.0015722	 	0.0233102	 	
125800	-1.99718	 	1595.52	 	0.999281	 	399.426	 	0.999281	 	0.0025	 	0.001572	 	0.0233019	 	
126000	-1.99718	 	1595.52	 	0.999281	 	399.427	 	0.999281	 	0	 	0.00157134	 	0.0232921	 	
126200	-1.99719	 	1595.52	 	0.999281	 	399.427	 	0.999281	 	0	 	0.00157068	 	0.0232844	 	
126400	-1.99719	 	1595.53	 	0.999281	 	399.427	 	0.999281	 	0.0025	 	0.00156998	 	0.0232761	 	
126600	-1.99718	 	1595.52	 	0.999281	 	399.427	 	0.999281	 	0	 	0.00157092	 	0.023286	 	
126800	-1.99719	 	1595.52	 	0.999281	 	399.427	 	0.999281	 	0	 	0.00157076	 	0.0232843	 	
127000	-1.99718	 	1595.52	 	0.999281	 	399.427	 	0.999281	 	0	 	0.00157082	 	0.0232842	 	
127200	-1.99719	 	1595.52	 	0.999281	 	399.427	 	0.999281	 	0	 	0.00157001	 	0.0232721	 	
127400	-1.99719	 	1595.53	 	0.999281	 	399.427	 	0.999281	 	0	 	0.00156994	 	0.0232705	 	
127600	-1.99718	 	1595.52	 	0.999281	 	399.426	 	0.999281	 	0	 	0.00157154	 	0.0232931	 	
127800	-1.99718	 	1595.52	 	0.999281	 	399.426	 	0.999281	 	0	 	0.00157105	 	0.0232882	 	
128000	-1.99718	 	1595.52	 	0.999281	 	399.426	 	0.999281	 	0	 	0.00157123	 	0.0232919	 	
128200	-1.99718	 	1595.52	 	0.999281	 	399.426	 	0.999281	 	0	 	0.00157117	 	0.0232938	 	
128400	-1.99718	 	1595.52	 	0.99928	 	399.426	 	0.99928	 	0	 	0.00157206	 	0.0233071	 	
128600	-1.99718	 	1595.52	 	0.99928	 	399.426	 	0.99928	 	0	 	0.00157175	 	0.0233051	 	
128800	-1.99718	 	1595.52	 	0.99928	 	399.426	 	0.99928	 	0	 	0.0015716	 	0.0233035	 	
129000	-1.99718	 	1595.51	 	0.99928	 	399.426	 	0.99928	 	0	 	0.00157324	 	0.0233261	 	
129200	-1.99718	 	1595.51	 	0.99928	 	399.425	 	0.99928	 	0	 	0.00157381	 	0.0233362	 	
129400	-1.99718	 	1595.51	 	0.99928	 	399.425	 	0.99928	 	0	 	0.00157365	 	0.0233325	 	
129600	-1.99718	 	1595.51	 	0.99928	 	399.425	 	0.99928	 	0	 	0.00157386	 	0.0233388	 	
129800	-1.99718	 	1595.51	 	0.99928	 	399.426	 	0.99928	 	0	 	0.00157379	 	0.0233384	 	
130000	-1.99718	 	1595.52	 	0.99928	 	399.426	 	0.99928	 	0	 	0.00157316	 	0.0233311	 	
130200	-1.99718	 	1595.51	 	0.99928	 	399.426	 	0.99928	 	0	 	0.00157337	 	0.0233373	 	
130400	-1.99718	 	1595.51	 	0.99928	 	399.425	 	0.99928	 	0	 	0.00157365	 	0.0233448	 	
130600	-1.99718	 	1595.51	 	0.99928	 	399.425	 	0.99928	 	0	 	0.0015737	 	0.0233451	 	
130800	-1.99718	 	1595.51	 	0.999279	 	399.425	 	0.999279	 	0	 	0.00157554	 	0.0233754	 	
131000	-1.99718	 	1595.51	 	0.999279	 	399.425	 	0.999279	 	0	 	0.00157533	 	0.023371	 	
131200	-1.99717	 	1595.5	 	0.999278	 	399.424	 	0.999278	 	0	 	0.00157794	 	0.0234078	 	
131400	-1.99717	 	1595.5	 	0.999278	 	399.424	 	0.999278	 	0	 	0.00157737	 	0.0234015	 	
131600	-1.99717	 	1595.5	 	0.999278	 	399.424	 	0.999278	 	0.0025	 	0.00157769	 	0.0234095	 	
131800	-1.99717	 	1595.5	 	0.999278	 	399.424	 	0.999278	 	0	 	0.0015768	 	0.023398	 	
132000	-1.99717	 	1595.5	 	0.999278	 	399.424	 	0.999278	 	0	 	0.00157653	 	0.0233932	 	
132200	-1.99718	 	1595.51	 	0.999279	 	399.425	 	0.999279	 	0	 	0.00157584	 	0.0233829	 	
132400	-1.99717	 	1595.51	 	0.999279	 	399.425	 	0.999279	 	0	 	0.001576	 	0.0233883	 	
132600	-1.99718	 	1595.51	 	0.999279	 	399.425	 	0.999279	 	0	 	0.00157501	 	0.0233752	 	
132800	-1.99718	 	1595.51	 	0.999279	 	399.425	 	0.999279	 	0.0025	 	0.00157464	 	0.0233701	 	
133000	-1.99717	 	1595.5	 	0.999278	 	399.424	 	0.999278	 	0	 	0.0015755	 	0.0233867	 	
133200	-1.99717	 	1595.51	 	0.999279	 	399.425	 	0.999279	 	0.0025	 	0.00157467	 	0.0233762	 	
133400	-1.99717	 	1595.51	 	0.999279	 	399.425	 	0.999279	 	0.005	 	0.00157457	 	0.0233753	 	
133600	-1.99717	 	1595.51	 	0.999279	 	399.425	 	0.999279	 	0.0025	 	0.00157416	 	0.0233715	 	
133800	-1.99717	 	1595.5	 	0.999278	 	399.424	 	0.999278	 	0	 	0.00157475	 	0.0233837	 	
134000	-1.99717	 	1595.5	 	0.999278	 	399.424	 	0.999278	 	0	 	0.00157445	 	0.0233817	 	
134200	-1.99717	 	1595.5	 	0.999278	 	399.424	 	0.999278	 	0	 	0.00157414	 	0.0233793	 	
134400	-1.99717	 	1595.5	 	0.999278	 	399.424	 	0.999278	 	0.0025	 	0.00157363	 	0.0233738	 	
134600	-1.99717	 	1595.5	 	0.999279	 	399.425	 	0.999279	 	0	 	0.00157352	 	0.0233747	 	
134800	-1.99717	 	1595.51	 	0.999279	 	399.425	 	0.999279	 	0	 	0.00157281	 	0.023366	 	
135000	-1.99718	 	1595.51	 	0.999279	 	399.425	 	0.999279	 	0	 	0.00157235	 	0.0233575	 	
135200	-1.99718	 	1595.51	 	0.999279	 	399.425	 	0.999279	 	0	 	0.00157096	 	0.0233378	 	
135400	-1.99718	 	1595.51	 	0.99928	 	399.426	 	0.99928	 	0	 	0.00157104	 	0.0233398	 	
135600	-1.99718	 	1595.51	 	0.99928	 	399.426	 	0.99928	 	0	 	0.00157085	 	0.0233394	 	
135800	-1.99718	 	1595.51	 	0.99928	 	399.425	 	0.99928	 	0.0025	 	0.00157086	 	0.0233403	 	
136000	-1.99718	 	1595.51	 	0.99928	 	399.426	 	0.99928	 	0	 	0.00157061	 	0.0233371	 	
136200	-1.99718	 	1595.51	 	0.99928	 	399.426	 	0.99928	 	0	 	0.00157022	 	0.0233334	 	
136400	-1.99718	 	1595.51	 	0.999279	 	399.425	 	0.999279	 	0	 	0.00157054	 	0.0233413	 	
136600	-1.99718	 	1595.51	 	0.999279	 	399.425	 	0.999279	 	0	 	0.00157135	 	0.023355	 	
136800	-1.99718	 	1595.51	 	0.999279	 	399.425	 	0.999279	 	0	 	0.00157125	 	0.0233504	 	
137000	-1.99718	 	1595.51	 	0.999279	 	399.425	 	0.999279	 	0	 	0.00157091	 	0.0233474	 	
137200	-1.99718	 	1595.51	 	0.999279	 	399.425	 	0.999279	 	0	 	0.00157175	 	0.0233533	 	
137400	-1.99718	 	1595.51	 	0.999279	 	399.425	 	0.999279	 	0	 	0.0015708	 	0.0233406	 	
137600	-1.99718	 	1595.51	 	0.99928	 	399.425	 	0.99928	 	0	 	0.0015704	 	0.0233367	 	
137800	-1.99718	 	1595.51	 	0.999279	 	399.425	 	0.999279	 	0.005	 	0.00157122	 	0.0233507	 	
138000	-1.99717	 	1595.51	 	0.999279	 	399.425	 	0.999279	 	0	 	0.00157144	 	0.023355	 	
138200	-1.99717	 	1595.5	 	0.999279	 	399.425	 	0.999279	 	0.0075	 	0.00157176	 	0.0233627	 	
138400	-1.99717	 	1595.5	 	0.999278	 	399.424	 	0.999278	 	0	 	0.00157248	 	0.023377	 	
138600	-1.99717	 	1595.5	 	0.999278	 	399.424	 	0.999278	 	0	 	0.00157267	 	0.0233753	 	
138800	-1.99717	 	1595.5	 	0.999278	 	399.424	 	0.999278	 	0	 	0.00157183	 	0.0233644	 	
139000	-1.99717	 	1595.5	 	0.999278	 	399.424	 	0.999278	 	0	 	0.0015715	 	0.0233598	 	
139200	-1.99717	 	1595.5	 	0.999278	 	399.424	 	0.999278	 	0	 	0.00157321	 	0.0233789	 	
139400	-1.99717	 	1595.5	 	0.999278	 	399.424	 	0.999278	 	0	 	0.00157291	 	0.0233767	 	
139600	-1.99717	 	1595.5	 	0.999278	 	399.424	 	0.999278	 	0	 	0.00157334	 	0.0233812	 	
139800	-1.99717	 	1595.5	 	0.999278	 	399.424	 	0.999278	 	0	 	0.00157305	 	0.0233791	 	
140000	-1.99717	 	1595.5	 	0.999279	 	399.425	 	0.999279	 	0	 	0.0015722	 	0.0233663	 	
140200	-1.99717	 	1595.5	 	0.999278	 	399.424	 	0.999278	 	0	 	0.00157202	 	0.023366	 	
140400	-1.99717	 	1595.5	 	0.999279	 	399.425	 	0.999279	 	0	 	0.00157139	 	0.0233565	 	
140600	-1.99717	 	1595.5	 	0.999278	 	399.424	 	0.999278	 	0.01	 	0.00157247	 	0.0233734	 	
140800	-1.99717	 	1595.5	 	0.999279	 	399.425	 	0.999279	 	0	 	0.00157183	 	0.0233656	 	
141000	-1.99717	 	1595.5	 	0.999278	 	399.424	 	0.999278	 	0	 	0.00157309	 	0.0233764	 	
141200	-1.99717	 	1595.5	 	0.999278	 	399.424	 	0.999278	 	0.0025	 	0.00157507	 	0.0233963	 	
141400	-1.99717	 	1595.49	 	0.999277	 	399.423	 	0.999277	 	0.0025	 	0.00157669	 	0.023425	 	
141600	-1.99717	 	1595.49	 	0.999277	 	399.423	 	0.999277	 	0	 	0.0015763	 	0.0234212	 	
141800	-1.99717	 	1595.49	 	0.999277	 	399.423	 	0.999277	 	0	 	0.00157635	 	0.0234227	 	
142000	-1.99717	 	1595.49	 	0.999277	 	399.423	 	0.999277	 	0	 	0.00157587	 	0.0234177	 	
142200	-1.99717	 	1595.49	 	0.999277	 	399.423	 	0.999277	 	0	 	0.00157656	 	0.0234313	 	
142400	-1.99716	 	1595.49	 	0.999276	 	399.423	 	0.999276	 	0	 	0.001577	 	0.0234409	 	
142600	-1.99716	 	1595.49	 	0.999276	 	399.423	 	0.999276	 	0	 	0.00157722	 	0.0234451	 	
142800	-1.99717	 	1595.49	 	0.999277	 	399.423	 	0.999277	 	0	 	0.00157682	 	0.0234393	 	
143000	-1.99717	 	1595.49	 	0.999277	 	399.423	 	0.999277	 	0	 	0.00157595	 	0.0234279	 	
143200	-1.99717	 	1595.49	 	0.999277	 	399.423	 	0.999277	 	0.005	 	0.00157556	 	0.0234223	 	
143400	-1.99717	 	1595.49	 	0.999277	 	399.423	 	0.999277	 	0	 	0.00157581	 	0.0234234	 	
143600	-1.99717	 	1595.49	 	0.999277	 	399.423	 	0.999277	 	0.0025	 	0.00157565	 	0.0234205	 	
143800	-1.99717	 	1595.49	 	0.999277	 	399.423	 	0.999277	 	0	 	0.00157522	 	0.0234143	 	
144000	-1.99717	 	1595.49	 	0.999277	 	399.423	 	0.999277	 	0	 	0.00157503	 	0.0234138	 	
144200	-1.99717	 	1595.5	 	0.999277	 	399.424	 	0.999277	 	0	 	0.00157455	 	0.0234085	 	
144400	-1.99717	 	1595.5	 	0.999277	 	399.424	 	0.999277	 	0.005	 	0.00157459	 	0.0234045	 	
144600	-1.99717	 	1595.49	 	0.999276	 	399.423	 	0.999276	 	0	 	0.00157775	 	0.0234339	 	
144800	-1.99717	 	1595.49	 	0.999277	 	399.423	 	0.999277	 	0	 	0.00157684	 	0.0234218	 	
145000	-1.99717	 	1595.5	 	0.999277	 	399.423	 	0.999277	 	0	 	0.00157593	 	0.0234097	 	
145200	-1.99717	 	1595.5	 	0.999277	 	399.424	 	0.999277	 	0	 	0.00157536	 	0.0234013	 	
145400	-1.99717	 	1595.5	 	0.999277	 	399.424	 	0.999277	 	0	 	0.00157508	 	0.0233992	 	
145600	-1.99717	 	1595.49	 	0.999277	 	399.423	 	0.999277	 	0	 	0.00157607	 	0.0234147	 	
145800	-1.99717	 	1595.49	 	0.999277	 	399.423	 	0.999277	 	0	 	0.00157668	 	0.0234218	 	
146000	-1.99717	 	1595.49	 	0.999276	 	399.423	 	0.999276	 	0.0025	 	0.00157697	 	0.0234289	 	
146200	-1.99716	 	1595.49	 	0.999276	 	399.423	 	0.999276	 	0.0025	 	0.00157788	 	0.0234459	 	
146400	-1.99716	 	1595.49	 	0.999276	 	399.423	 	0.999276	 	0.005	 	0.00157721	 	0.0234377	 	
146600	-1.99716	 	1595.49	 	0.999276	 	399.423	 	0.999276	 	0	 	0.00157738	 	0.0234429	 	
146800	-1.99716	 	1595.49	 	0.999276	 	399.423	 	0.999276	 	0	 	0.0015772	 	0.0234406	 	
147000	-1.99716	 	1595.49	 	0.999276	 	399.423	 	0.999276	 	0	 	0.0015776	 	0.0234467	 	
147200	-1.99716	 	1595.49	 	0.999276	 	399.423	 	0.999276	 	0	 	0.00157797	 	0.0234515	 	
147400	-1.99716	 	1595.49	 	0.999276	 	399.423	 	0.999276	 	0.0025	 	0.0015781	 	0.0234526	 	
147600	-1.99716	 	1595.49	 	0.999276	 	399.423	 	0.999276	 	0	 	0.00157768	 	0.0234466	 	
147800	-1.99716	 	1595.49	 	0.999276	 	399.422	 	0.999276	 	0	 	0.00157806	 	0.0234534	 	
148000	-1.99716	 	1595.49	 	0.999276	 	399.422	 	0.999276	 	0	 	0.00157816	 	0.023454	 	
148200	-1.99716	 	1595.49	 	0.999276	 	399.423	 	0.999276	 	0	 	0.00157759	 	0.0234456	 	
148400	-1.99716	 	1595.49	 	0.999276	 	399.423	 	0.999276	 	0	 	0.00157647	 	0.0234299	 	
148600	-1.99717	 	1595.49	 	0.999277	 	399.423	 	0.999277	 	0	 	0.00157581	 	0.0234201	 	
148800	-1.99717	 	1595.49	 	0.999277	 	399.423	 	0.999277	 	0	 	0.00157613	 	0.0234258	 	
149000	-1.99716	 	1595.49	 	0.999276	 	399.423	 	0.999276	 	0	 	0.00157683	 	0.023436	 	
149200	-1.99716	 	1595.49	 	0.999276	 	399.423	 	0.999276	 	0	 	0.00157801	 	0.0234574	 	
149400	-1.99716	 	1595.48	 	0.999276	 	399.422	 	0.999276	 	0	 	0.00157906	 	0.0234733	 	
149600	-1.99716	 	1595.49	 	0.999276	 	399.422	 	0.999276	 	0	 	0.00157818	 	0.0234615	 	
149800	-1.99716	 	1595.49	 	0.999276	 	399.422	 	0.999276	 	0	 	0.00157786	 	0.0234588	 	
150000	-1.99716	 	1595.49	 	0.999276	 	399.423	 	0.999276	 	0	 	0.00157741	 	0.0234521	 	
150200	-1.99716	 	1595.49	 	0.999276	 	399.423	 	0.999276	 	0	 	0.00157703	 	0.0234468	 	
150400	-1.99716	 	1595.49	 	0.999276	 	399.423	 	0.999276	 	0	 	0.00157651	 	0.023438	 	
150600	-1.99717	 	1595.49	 	0.999277	 	399.423	 	0.999277	 	0	 	0.00157564	 	0.0234264	 	
150800	-1.99717	 	1595.49	 	0.999277	 	399.423	 	0.999277	 	0	 	0.00157477	 	0.0234148	 	
151000	-1.99717	 	1595.49	 	0.999277	 	399.423	 	0.999277	 	0	 	0.00157414	 	0.023407	 	
151200	-1.99717	 	1595.5	 	0.999277	 	399.424	 	0.999277	 	0	 	0.00157313	 	0.0233932	 	
151400	-1.99717	 	1595.49	 	0.999277	 	399.423	 	0.999277	 	0	 	0.00157436	 	0.0234125	 	
151600	-1.99717	 	1595.49	 	0.999277	 	399.424	 	0.999277	 	0	 	0.00157412	 	0.0234094	 	
151800	-1.99717	 	1595.5	 	0.999277	 	399.424	 	0.999277	 	0	 	0.00157366	 	0.0234008	 	
152000	-1.99717	 	1595.5	 	0.999278	 	399.424	 	0.999278	 	0.0025	 	0.00157317	 	0.0233953	 	
152200	-1.99717	 	1595.5	 	0.999277	 	399.424	 	0.999277	 	0	 	0.00157322	 	0.0233985	 	
152400	-1.99717	 	1595.5	 	0.999278	 	399.424	 	0.999278	 	0	 	0.00157217	 	0.0233822	 	
152600	-1.99717	 	1595.5	 	0.999278	 	399.424	 	0.999278	 	0	 	0.00157189	 	0.0233801	 	
152800	-1.99717	 	1595.5	 	0.999278	 	399.425	 	0.999278	 	0	 	0.00157104	 	0.0233687	 	
153000	-1.99717	 	1595.5	 	0.999278	 	399.424	 	0.999278	 	0	 	0.00157158	 	0.0233752	 	
153200	-1.99717	 	1595.5	 	0.999279	 	399.425	 	0.999279	 	0	 	0.00157079	 	0.0233621	 	
153400	-1.99717	 	1595.5	 	0.999279	 	399.425	 	0.999279	 	0	 	0.00157125	 	0.0233702	 	
153600	-1.99717	 	1595.5	 	0.999278	 	399.425	 	0.999278	 	0	 	0.00157104	 	0.0233692	 	
153800	-1.99717	 	1595.5	 	0.999278	 	399.424	 	0.999278	 	0	 	0.00157149	 	0.0233787	 	
154000	-1.99717	 	1595.5	 	0.999278	 	399.424	 	0.999278	 	0	 	0.00157198	 	0.0233844	 	
154200	-1.99717	 	1595.5	 	0.999278	 	399.424	 	0.999278	 	0	 	0.00157216	 	0.0233896	 	
154400	-1.99717	 	1595.5	 	0.999279	 	399.425	 	0.999279	 	0	 	0.00157147	 	0.0233808	 	
154600	-1.99717	 	1595.51	 	0.999279	 	399.425	 	0.999279	 	0	 	0.00157061	 	0.0233676	 	
154800	-1.99717	 	1595.51	 	0.999279	 	399.425	 	0.999279	 	0	 	0.00157026	 	0.0233625	 	
155000	-1.99718	 	1595.51	 	0.999279	 	399.425	 	0.999279	 	0	 	0.00156951	 	0.0233528	 	
155200	-1.99718	 	1595.51	 	0.99928	 	399.425	 	0.99928	 	0.0025	 	0.00156894	 	0.0233459	 	
155400	-1.99718	 	1595.51	 	0.99928	 	399.426	 	0.99928	 	0	 	0.00156801	 	0.0233332	 	
155600	-1.99718	 	1595.51	 	0.99928	 	399.426	 	0.99928	 	0	 	0.00156832	 	0.0233322	 	
155800	-1.99718	 	1595.51	 	0.99928	 	399.426	 	0.99928	 	0.0025	 	0.0015682	 	0.0233326	 	
156000	-1.99718	 	1595.51	 	0.99928	 	399.426	 	0.99928	 	0	 	0.00156851	 	0.0233382	 	
156200	-1.99718	 	1595.51	 	0.99928	 	399.426	 	0.99928	 	0	 	0.00156851	 	0.0233338	 	
156400	-1.99718	 	1595.51	 	0.99928	 	399.426	 	0.99928	 	0	 	0.00156754	 	0.0233205	 	
156600	-1.99718	 	1595.51	 	0.99928	 	399.426	 	0.99928	 	0.0025	 	0.00156702	 	0.0233145	 	
156800	-1.99718	 	1595.52	 	0.999281	 	399.426	 	0.999281	 	0	 	0.00156633	 	0.0233055	 	
157000	-1.99718	 	1595.52	 	0.999281	 	399.427	 	0.999281	 	0	 	0.00156585	 	0.0233	 	
157200	-1.99718	 	1595.52	 	0.999281	 	399.427	 	0.999281	 	0	 	0.00156538	 	0.0232931	 	
157400	-1.99718	 	1595.52	 	0.999281	 	399.427	 	0.999281	 	0	 	0.00156534	 	0.023293	 	
157600	-1.99718	 	1595.52	 	0.999281	 	399.426	 	0.999281	 	0	 	0.00156635	 	0.0233098	 	
157800	-1.99718	 	1595.52	 	0.999281	 	399.426	 	0.999281	 	0	 	0.00156589	 	0.0233047	 	
158000	-1.99718	 	1595.51	 	0.999281	 	399.426	 	0.999281	 	0	 	0.00156643	 	0.023314	 	
158200	-1.99718	 	1595.52	 	0.999281	 	399.426	 	0.999281	 	0	 	0.00156592	 	0.0233064	 	
158400	-1.99718	 	1595.52	 	0.999281	 	399.426	 	0.999281	 	0.005	 	0.00156545	 	0.0233011	 	
158600	-1.99718	 	1595.51	 	0.999281	 	399.426	 	0.999281	 	0	 	0.00156556	 	0.0233051	 	
158800	-1.99718	 	1595.51	 	0.99928	 	399.426	 	0.99928	 	0.0025	 	0.00156668	 	0.0233178	 	
159000	-1.99718	 	1595.51	 	0.99928	 	399.426	 	0.99928	 	0	 	0.00156748	 	0.0233312	 	
159200	-1.99718	 	1595.51	 	0.99928	 	399.426	 	0.99928	 	0	 	0.00156688	 	0.0233236	 	
159400	-1.99718	 	1595.51	 	0.999281	 	399.426	 	0.999281	 	0	 	0.00156623	 	0.0233155	 	
159600	-1.99718	 	1595.51	 	0.99928	 	399.426	 	0.99928	 	0	 	0.00156763	 	0.0233327	 	
159800	-1.99718	 	1595.51	 	0.99928	 	399.426	 	0.99928	 	0	 	0.00156673	 	0.0233204	 	
160000	-1.99718	 	1595.51	 	0.99928	 	399.426	 	0.99928	 	0	 	0.00156687	 	0.0233217	 	
160200	-1.99718	 	1595.52	 	0.999281	 	399.426	 	0.999281	 	0	 	0.00156566	 	0.0233045	 	
160400	-1.99718	 	1595.52	 	0.999281	 	399.427	 	0.999281	 	0	 	0.00156485	 	0.0232919	 	
160600	-1.99718	 	1595.52	 	0.999281	 	399.427	 	0.999281	 	0	 	0.00156405	 	0.0232812	 	
160800	-1.99718	 	1595.52	 	0.999281	 	399.427	 	0.999281	 	0	 	0.00156394	 	0.0232816	 	
161000	-1.99718	 	1595.52	 	0.999281	 	399.427	 	0.999281	 	0	 	0.00156438	 	0.0232882	 	
161200	-1.99718	 	1595.52	 	0.999281	 	399.427	 	0.999281	 	0	 	0.00156392	 	0.0232831	 	
161400	-1.99718	 	1595.52	 	0.999281	 	399.427	 	0.999281	 	0	 	0.00156391	 	0.0232835	 	
161600	-1.99718	 	1595.52	 	0.999282	 	399.427	 	0.999282	 	0	 	0.00156297	 	0.0232689	 	
161800	-1.99718	 	1595.52	 	0.999281	 	399.427	 	0.999281	 	0	 	0.0015637	 	0.0232828	 	
162000	-1.99718	 	1595.52	 	0.999282	 	399.427	 	0.999282	 	0	 	0.00156345	 	0.0232784	 	
162200	-1.99718	 	1595.52	 	0.999281	 	399.427	 	0.999281	 	0	 	0.00156373	 	0.0232818	 	
162400	-1.99718	 	1595.52	 	0.999281	 	399.427	 	0.999281	 	0	 	0.0015634	 	0.0232787	 	
162600	-1.99718	 	1595.52	 	0.999282	 	399.427	 	0.999282	 	0	 	0.00156239	 	0.0232646	 	
162800	-1.99718	 	1595.52	 	0.999282	 	399.427	 	0.999282	 	0	 	0.00156287	 	0.0232728	 	
163000	-1.99718	 	1595.52	 	0.999282	 	399.427	 	0.999282	 	0	 	0.00156288	 	0.0232721	 	
163200	-1.99718	 	1595.52	 	0.999282	 	399.427	 	0.999282	 	0	 	0.00156209	 	0.0232615	 	
163400	-1.99718	 	1595.52	 	0.999282	 	399.427	 	0.999282	 	0	 	0.00156195	 	0.0232614	 	
163600	-1.99718	 	1595.52	 	0.999282	 	399.427	 	0.999282	 	0	 	0.00156185	 	0.0232618	 	
163800	-1.99718	 	1595.52	 	0.999281	 	399.427	 	0.999281	 	0.0025	 	0.00156238	 	0.0232693	 	
164000	-1.99718	 	1595.52	 	0.999281	 	399.427	 	0.999281	 	0	 	0.00156198	 	0.023265	 	
164200	-1.99718	 	1595.52	 	0.999281	 	399.427	 	0.999281	 	0	 	0.00156191	 	0.0232646	 	
164400	-1.99718	 	1595.52	 	0.999282	 	399.427	 	0.999282	 	0	 	0.00156147	 	0.0232595	 	
164600	-1.99718	 	1595.52	 	0.999282	 	399.427	 	0.999282	 	0	 	0.00156123	 	0.0232546	 	
164800	-1.99718	 	1595.52	 	0.999282	 	399.427	 	0.999282	 	0	 	0.00156137	 	0.0232558	 	
165000	-1.99718	 	1595.52	 	0.999282	 	399.427	 	0.999282	 	0	 	0.0015611	 	0.023252	 	
165200	-1.99718	 	1595.52	 	0.999282	 	399.427	 	0.999282	 	0	 	0.00156041	 	0.023243	 	
165400	-1.99718	 	1595.52	 	0.999282	 	399.427	 	0.999282	 	0	 	0.00156143	 	0.02326	 	
165600	-1.99719	 	1595.52	 	0.999282	 	399.427	 	0.999282	 	0.005	 	0.00156115	 	0.0232544	 	
165800	-1.99719	 	1595.52	 	0.999282	 	399.427	 	0.999282	 	0	 	0.00156075	 	0.02325	 	
166000	-1.99719	 	1595.52	 	0.999282	 	399.427	 	0.999282	 	0	 	0.00156069	 	0.0232496	 	
166200	-1.99718	 	1595.52	 	0.999282	 	399.427	 	0.999282	 	0	 	0.00156112	 	0.0232562	 	
166400	-1.99718	 	1595.52	 	0.999282	 	399.427	 	0.999282	 	0	 	0.00156155	 	0.0232652	 	
166600	-1.99718	 	1595.52	 	0.999282	 	399.427	 	0.999282	 	0.0025	 	0.0015616	 	0.0232635	 	
166800	-1.99718	 	1595.52	 	0.999282	 	399.427	 	0.999282	 	0	 	0.00156113	 	0.023258	 	
167000	-1.99718	 	1595.52	 	0.999281	 	399.427	 	0.999281	 	0	 	0.0015621	 	0.0232716	 	
167200	-1.99718	 	1595.52	 	0.999281	 	399.427	 	0.999281	 	0	 	0.00156167	 	0.0232668	 	
167400	-1.99718	 	1595.52	 	0.999281	 	399.427	 	0.999281	 	0	 	0.00156244	 	0.0232765	 	
167600	-1.99718	 	1595.52	 	0.999281	 	399.427	 	0.999281	 	0	 	0.00156257	 	0.0232808	 	
167800	-1.99718	 	1595.52	 	0.999281	 	399.427	 	0.999281	 	0	 	0.00156163	 	0.0232677	 	
168000	-1.99718	 	1595.52	 	0.999281	 	399.427	 	0.999281	 	0	 	0.00156145	 	0.0232653	 	
168200	-1.99718	 	1595.52	 	0.999281	 	399.427	 	0.999281	 	0	 	0.00156218	 	0.0232736	 	
168400	-1.99718	 	1595.52	 	0.999281	 	399.427	 	0.999281	 	0.005	 	0.00156284	 	0.0232837	 	
168600	-1.99718	 	1595.52	 	0.999281	 	399.427	 	0.999281	 	0.0025	 	0.00156334	 	0.0232922	 	
168800	-1.99718	 	1595.52	 	0.999281	 	399.427	 	0.999281	 	0.0025	 	0.00156261	 	0.0232826	 	
169000	-1.99718	 	1595.52	 	0.999281	 	399.427	 	0.999281	 	0	 	0.00156219	 	0.0232778	 	
169200	-1.99718	 	1595.52	 	0.999282	 	399.427	 	0.999282	 	0	 	0.0015613	 	0.0232656	 	
169400	-1.99718	 	1595.52	 	0.999282	 	399.427	 	0.999282	 	0	 	0.00156058	 	0.023256	 	
169600	-1.99718	 	1595.52	 	0.999282	 	399.427	 	0.999282	 	0	 	0.00156012	 	0.0232506	 	
169800	-1.99719	 	1595.52	 	0.999282	 	399.427	 	0.999282	 	0	 	0.00156008	 	0.0232495	 	
170000	-1.99719	 	1595.52	 	0.999282	 	399.428	 	0.999282	 	0.0025	 	0.00155977	 	0.0232467	 	
170200	-1.99719	 	1595.52	 	0.999282	 	399.427	 	0.999282	 	0	 	0.00155983	 	0.0232497	 	
170400	-1.99718	 	1595.52	 	0.999282	 	399.427	 	0.999282	 	0	 	0.00156151	 	0.0232698	 	
170600	-1.99719	 	1595.52	 	0.999282	 	399.428	 	0.999282	 	0	 	0.00156095	 	0.0232628	 	
170800	-1.99719	 	1595.52	 	0.999282	 	399.428	 	0.999282	 	0.0025	 	0.00156064	 	0.0232583	 	
171000	-1.99719	 	1595.52	 	0.999282	 	399.428	 	0.999282	 	0.0025	 	0.00156094	 	0.0232596	 	
171200	-1.99718	 	1595.52	 	0.999282	 	399.427	 	0.999282	 	0	 	0.00156273	 	0.023282	 	
171400	-1.99718	 	1595.52	 	0.999282	 	399.427	 	0.999282	 	0	 	0.00156209	 	0.0232738	 	
171600	-1.99719	 	1595.52	 	0.999282	 	399.427	 	0.999282	 	0.005	 	0.00156118	 	0.0232611	 	
171800	-1.99719	 	1595.52	 	0.999282	 	399.427	 	0.999282	 	0	 	0.00156454	 	0.0232829	 	
172000	-1.99719	 	1595.52	 	0.999282	 	399.427	 	0.999282	 	0	 	0.00156428	 	0.0232807	 	
172200	-1.99719	 	1595.52	 	0.999282	 	399.427	 	0.999282	 	0	 	0.0015646	 	0.023284	 	
172400	-1.99719	 	1595.52	 	0.999282	 	399.428	 	0.999282	 	0.005	 	0.00156377	 	0.0232727	 	
172600	-1.99719	 	1595.52	 	0.999282	 	399.428	 	0.999282	 	0	 	0.00156355	 	0.0232711	 	
172800	-1.99719	 	1595.52	 	0.999282	 	399.428	 	0.999282	 	0	 	0.00156329	 	0.0232675	 	
173000	-1.99719	 	1595.53	 	0.999283	 	399.428	 	0.999283	 	0	 	0.00156277	 	0.0232583	 	
173200	-1.99719	 	1595.53	 	0.999283	 	399.428	 	0.999283	 	0.0075	 	0.00156198	 	0.0232475	 	
173400	-1.99719	 	1595.53	 	0.999283	 	399.428	 	0.999283	 	0	 	0.00156179	 	0.023245	 	
173600	-1.99719	 	1595.53	 	0.999283	 	399.428	 	0.999283	 	0	 	0.00156108	 	0.0232341	 	
173800	-1.99719	 	1595.53	 	0.999284	 	399.429	 	0.999284	 	0.0025	 	0.00156046	 	0.0232261	 	
174000	-1.99719	 	1595.53	 	0.999284	 	399.429	 	0.999284	 	0	 	0.0015596	 	0.0232143	 	
174200	-1.99719	 	1595.54	 	0.999284	 	399.429	 	0.999284	 	0	 	0.00156003	 	0.0232231	 	
174400	-1.99719	 	1595.53	 	0.999284	 	399.429	 	0.999284	 	0	 	0.00156094	 	0.0232354	 	
174600	-1.99719	 	1595.53	 	0.999283	 	399.429	 	0.999283	 	0	 	0.00156216	 	0.0232522	 	
174800	-1.99719	 	1595.53	 	0.999283	 	399.428	 	0.999283	 	0.0025	 	0.00156233	 	0.0232525	 	
175000	-1.99719	 	1595.53	 	0.999283	 	399.428	 	0.999283	 	0.0075	 	0.00156341	 	0.023267	 	
175200	-1.99719	 	1595.53	 	0.999283	 	399.428	 	0.999283	 	0	 	0.00156298	 	0.0232607	 	
175400	-1.99719	 	1595.53	 	0.999283	 	399.428	 	0.999283	 	0.0025	 	0.00156307	 	0.0232597	 	
175600	-1.99719	 	1595.53	 	0.999283	 	399.428	 	0.999283	 	0.0025	 	0.00156331	 	0.0232641	 	
175800	-1.99719	 	1595.53	 	0.999283	 	399.429	 	0.999283	 	0	 	0.00156269	 	0.0232561	 	
176000	-1.99719	 	1595.53	 	0.999282	 	399.428	 	0.999282	 	0	 	0.00156516	 	0.0232924	 	
176200	-1.99719	 	1595.53	 	0.999282	 	399.428	 	0.999282	 	0	 	0.00156474	 	0.0232863	 	
176400	-1.99719	 	1595.53	 	0.999283	 	399.428	 	0.999283	 	0.0025	 	0.00156388	 	0.0232729	 	
176600	-1.99719	 	1595.53	 	0.999283	 	399.428	 	0.999283	 	0.0025	 	0.00156358	 	0.0232686	 	
176800	-1.99719	 	1595.53	 	0.999283	 	399.428	 	0.999283	 	0	 	0.00156372	 	0.0232714	 	
177000	-1.99719	 	1595.53	 	0.999283	 	399.428	 	0.999283	 	0	 	0.00156334	 	0.0232644	 	
177200	-1.99719	 	1595.53	 	0.999283	 	399.428	 	0.999283	 	0.0025	 	0.00156291	 	0.0232596	 	
177400	-1.99719	 	1595.53	 	0.999283	 	399.428	 	0.999283	 	0.0025	 	0.00156333	 	0.0232668	 	
177600	-1.99719	 	1595.53	 	0.999283	 	399.428	 	0.999283	 	0	 	0.00156288	 	0.02326	 	
177800	-1.99719	 	1595.53	 	0.999283	 	399.428	 	0.999283	 	0	 	0.00156328	 	0.0232641	 	
178000	-1.99719	 	1595.53	 	0.999283	 	399.428	 	0.999283	 	0.0025	 	0.00156348	 	0.0232679	 	
178200	-1.99719	 	1595.53	 	0.999283	 	399.428	 	0.999283	 	0	 	0.00156395	 	0.0232735	 	
178400	-1.99719	 	1595.53	 	0.999283	 	399.428	 	0.999283	 	0	 	0.00156393	 	0.0232737	 	
178600	-1.99719	 	1595.53	 	0.999283	 	399.428	 	0.999283	 	0	 	0.00156389	 	0.0232751	 	
178800	-1.99719	 	1595.53	 	0.999282	 	399.428	 	0.999282	 	0	 	0.0015646	 	0.0232847	 	
179000	-1.99719	 	1595.53	 	0.999282	 	399.428	 	0.999282	 	0	 	0.00156426	 	0.0232797	 	
179200	-1.99719	 	1595.52	 	0.999282	 	399.428	 	0.999282	 	0.0025	 	0.0015644	 	0.0232811	 	
179400	-1.99719	 	1595.53	 	0.999282	 	399.428	 	0.999282	 	0	 	0.00156421	 	0.0232799	 	
179600	-1.99719	 	1595.53	 	0.999282	 	399.428	 	0.999282	 	0	 	0.00156407	 	0.0232796	 	
179800	-1.99719	 	1595.52	 	0.999282	 	399.428	 	0.999282	 	0	 	0.00156443	 	0.0232845	 	
180000	-1.99719	 	1595.52	 	0.999282	 	399.428	 	0.999282	 	0	 	0.0015644	 	0.0232832	 	
180200	-1.99718	 	1595.52	 	0.999282	 	399.427	 	0.999282	 	0.005	 	0.00156571	 	0.0233016	 	
180400	-1.99719	 	1595.52	 	0.999282	 	399.427	 	0.999282	 	0	 	0.00156495	 	0.0232912	 	
180600	-1.99719	 	1595.53	 	0.999282	 	399.428	 	0.999282	 	0	 	0.0015643	 	0.0232828	 	
180800	-1.99719	 	1595.52	 	0.999282	 	399.427	 	0.999282	 	0	 	0.00156509	 	0.0232945	 	
181000	-1.99719	 	1595.52	 	0.999282	 	399.427	 	0.999282	 	0	 	0.00156472	 	0.023289	 	
181200	-1.99719	 	1595.52	 	0.999282	 	399.428	 	0.999282	 	0	 	0.00156438	 	0.0232827	 	
181400	-1.99719	 	1595.53	 	0.999283	 	399.428	 	0.999283	 	0	 	0.00156377	 	0.0232734	 	
181600	-1.99719	 	1595.53	 	0.999283	 	399.428	 	0.999283	 	0.0025	 	0.00156294	 	0.023262	 	
181800	-1.99719	 	1595.53	 	0.999283	 	399.428	 	0.999283	 	0	 	0.00156235	 	0.0232529	 	
182000	-1.99719	 	1595.53	 	0.999283	 	399.428	 	0.999283	 	0.0025	 	0.00156271	 	0.0232608	 	
182200	-1.99719	 	1595.53	 	0.999283	 	399.428	 	0.999283	 	0	 	0.00156236	 	0.023257	 	
182400	-1.99719	 	1595.53	 	0.999283	 	399.428	 	0.999283	 	0.0025	 	0.00156275	 	0.0232624	 	
182600	-1.99719	 	1595.53	 	0.999283	 	399.428	 	0.999283	 	0	 	0.00156279	 	0.0232622	 	
182800	-1.99719	 	1595.53	 	0.999283	 	399.428	 	0.999283	 	0	 	0.00156285	 	0.0232635	 	
183000	-1.99719	 	1595.53	 	0.999283	 	399.428	 	0.999283	 	0	 	0.00156302	 	0.0232622	 	
183200	-1.99719	 	1595.53	 	0.999283	 	399.428	 	0.999283	 	0.0025	 	0.00156243	 	0.0232547	 	
183400	-1.99719	 	1595.53	 	0.999283	 	399.428	 	0.999283	 	0	 	0.00156252	 	0.0232567	 	
183600	-1.99719	 	1595.53	 	0.999283	 	399.428	 	0.999283	 	0	 	0.00156216	 	0.0232529	 	
183800	-1.99719	 	1595.53	 	0.999283	 	399.428	 	0.999283	 	0	 	0.00156192	 	0.0232495	 	
184000	-1.99719	 	1595.53	 	0.999283	 	399.428	 	0.999283	 	0	 	0.00156137	 	0.0232425	 	
184200	-1.99719	 	1595.53	 	0.999283	 	399.428	 	0.999283	 	0	 	0.00156115	 	0.0232367	 	
184400	-1.99719	 	1595.53	 	0.999283	 	399.428	 	0.999283	 	0	 	0.0015608	 	0.023233	 	
184600	-1.99719	 	1595.53	 	0.999283	 	399.428	 	0.999283	 	0	 	0.00156161	 	0.0232451	 	
184800	-1.99719	 	1595.53	 	0.999283	 	399.428	 	0.999283	 	0.005	 	0.00156173	 	0.0232462	 	
185000	-1.99719	 	1595.53	 	0.999283	 	399.428	 	0.999283	 	0	 	0.00156148	 	0.0232427	 	
185200	-1.99719	 	1595.53	 	0.999283	 	399.428	 	0.999283	 	0	 	0.0015606	 	0.0232303	 	
185400	-1.99719	 	1595.53	 	0.999283	 	399.428	 	0.999283	 	0.005	 	0.00156084	 	0.0232332	 	
185600	-1.99719	 	1595.53	 	0.999283	 	399.428	 	0.999283	 	0	 	0.00156053	 	0.0232302	 	
185800	-1.99719	 	1595.53	 	0.999283	 	399.428	 	0.999283	 	0	 	0.00156037	 	0.0232281	 	
186000	-1.99719	 	1595.53	 	0.999283	 	399.428	 	0.999283	 	0	 	0.00156002	 	0.023223	 	
186200	-1.99719	 	1595.53	 	0.999283	 	399.429	 	0.999283	 	0	 	0.00155925	 	0.0232125	 	
186400	-1.99719	 	1595.53	 	0.999284	 	399.429	 	0.999284	 	0	 	0.00155905	 	0.0232111	 	
186600	-1.99719	 	1595.53	 	0.999283	 	399.428	 	0.999283	 	0.0025	 	0.00155925	 	0.023215	 	
186800	-1.99719	 	1595.53	 	0.999283	 	399.428	 	0.999283	 	0	 	0.00155917	 	0.0232154	 	
187000	-1.99719	 	1595.53	 	0.999283	 	399.428	 	0.999283	 	0	 	0.0015594	 	0.0232183	 	
187200	-1.99719	 	1595.53	 	0.999283	 	399.428	 	0.999283	 	0	 	0.00155953	 	0.0232208	 	
187400	-1.99719	 	1595.53	 	0.999283	 	399.429	 	0.999283	 	0	 	0.00155887	 	0.0232108	 	
187600	-1.99719	 	1595.53	 	0.999283	 	399.428	 	0.999283	 	0	 	0.00155939	 	0.0232187	 	
187800	-1.99719	 	1595.53	 	0.999283	 	399.429	 	0.999283	 	0.005	 	0.00155915	 	0.0232153	 	
188000	-1.99719	 	1595.53	 	0.999283	 	399.428	 	0.999283	 	0	 	0.00155972	 	0.0232264	 	
188200	-1.99719	 	1595.53	 	0.999283	 	399.428	 	0.999283	 	0.0025	 	0.00155953	 	0.0232251	 	
188400	-1.99719	 	1595.53	 	0.999283	 	399.428	 	0.999283	 	0	 	0.00156003	 	0.0232323	 	
188600	-1.99719	 	1595.53	 	0.999283	 	399.428	 	0.999283	 	0	 	0.0015595	 	0.0232256	 	
188800	-1.99719	 	1595.53	 	0.999283	 	399.428	 	0.999283	 	0	 	0.00155863	 	0.0232135	 	
189000	-1.99719	 	1595.53	 	0.999283	 	399.429	 	0.999283	 	0	 	0.00155832	 	0.0232089	 	
189200	-1.99719	 	1595.53	 	0.999284	 	399.429	 	0.999284	 	0	 	0.00155829	 	0.0232081	 	
189400	-1.99719	 	1595.53	 	0.999284	 	399.429	 	0.999284	 	0	 	0.00155809	 	0.0232067	 	
189600	-1.99719	 	1595.53	 	0.999283	 	399.428	 	0.999283	 	0	 	0.00155909	 	0.0232205	 	
189800	-1.99719	 	1595.53	 	0.999283	 	399.428	 	0.999283	 	0	 	0.00155934	 	0.0232263	 	
190000	-1.99719	 	1595.53	 	0.999283	 	399.428	 	0.999283	 	0	 	0.00155983	 	0.0232347	 	
190200	-1.99719	 	1595.52	 	0.999282	 	399.428	 	0.999282	 	0.0025	 	0.0015609	 	0.0232492	 	
190400	-1.99719	 	1595.52	 	0.999282	 	399.428	 	0.999282	 	0	 	0.00156169	 	0.0232585	 	
190600	-1.99719	 	1595.52	 	0.999282	 	399.428	 	0.999282	 	0.0025	 	0.00156184	 	0.02326	 	
190800	-1.99719	 	1595.52	 	0.999282	 	399.428	 	0.999282	 	0	 	0.00156192	 	0.0232616	 	
191000	-1.99719	 	1595.53	 	0.999282	 	399.428	 	0.999282	 	0	 	0.00156156	 	0.0232563	 	
191200	-1.99719	 	1595.52	 	0.999282	 	399.428	 	0.999282	 	0	 	0.00156176	 	0.0232587	 	
191400	-1.99719	 	1595.53	 	0.999283	 	399.428	 	0.999283	 	0	 	0.001561	 	0.0232483	 	
191600	-1.99719	 	1595.53	 	0.999283	 	399.428	 	0.999283	 	0	 	0.0015612	 	0.0232533	 	
191800	-1.99719	 	1595.53	 	0.999283	 	399.428	 	0.999283	 	0	 	0.00156092	 	0.0232493	 	
192000	-1.99719	 	1595.53	 	0.999283	 	399.428	 	0.999283	 	0	 	0.00156014	 	0.0232384	 	
192200	-1.99719	 	1595.53	 	0.999283	 	399.428	 	0.999283	 	0	 	0.00155987	 	0.023236	 	
192400	-1.99719	 	1595.53	 	0.999283	 	399.428	 	0.999283	 	0.0025	 	0.00155974	 	0.0232358	 	
192600	-1.99719	 	1595.53	 	0.999283	 	399.428	 	0.999283	 	0	 	0.0015593	 	0.0232304	 	
192800	-1.99719	 	1595.53	 	0.999283	 	399.428	 	0.999283	 	0	 	0.00155881	 	0.0232243	 	
193000	-1.99719	 	1595.53	 	0.999283	 	399.428	 	0.999283	 	0.0025	 	0.00155932	 	0.0232277	 	
193200	-1.99719	 	1595.53	 	0.999283	 	399.428	 	0.999283	 	0	 	0.0015592	 	0.0232262	 	
193400	-1.99719	 	1595.53	 	0.999283	 	399.428	 	0.999283	 	0.01	 	0.00156036	 	0.0232426	 	
193600	-1.99719	 	1595.53	 	0.999283	 	399.428	 	0.999283	 	0	 	0.00156104	 	0.0232483	 	
193800	-1.99719	 	1595.53	 	0.999283	 	399.428	 	0.999283	 	0	 	0.00156101	 	0.0232475	 	
194000	-1.99719	 	1595.53	 	0.999283	 	399.428	 	0.999283	 	0.005	 	0.00156093	 	0.0232414	 	
194200	-1.99719	 	1595.53	 	0.999283	 	399.428	 	0.999283	 	0.0025	 	0.00156052	 	0.0232353	 	
194400	-1.99719	 	1595.53	 	0.999283	 	399.428	 	0.999283	 	0	 	0.0015608	 	0.0232415	 	
194600	-1.99719	 	1595.53	 	0.999283	 	399.428	 	0.999283	 	0	 	0.00156167	 	0.0232519	 	
194800	-1.99719	 	1595.52	 	0.999282	 	399.427	 	0.999282	 	0	 	0.00156272	 	0.0232681	 	
195000	-1.99719	 	1595.52	 	0.999282	 	399.427	 	0.999282	 	0.0075	 	0.00156267	 	0.0232664	 	
195200	-1.99719	 	1595.52	 	0.999282	 	399.427	 	0.999282	 	0.0075	 	0.00156275	 	0.0232654	 	
195400	-1.99718	 	1595.52	 	0.999282	 	399.427	 	0.999282	 	0	 	0.00156458	 	0.0232876	 	
195600	-1.99718	 	1595.52	 	0.999282	 	399.427	 	0.999282	 	0	 	0.00156444	 	0.0232844	 	
195800	-1.99719	 	1595.52	 	0.999282	 	399.427	 	0.999282	 	0	 	0.00156385	 	0.0232767	 	
196000	-1.99719	 	1595.52	 	0.999282	 	399.427	 	0.999282	 	0	 	0.00156357	 	0.0232715	 	
196200	-1.99719	 	1595.52	 	0.999282	 	399.427	 	0.999282	 	0	 	0.00156404	 	0.0232768	 	
196400	-1.99719	 	1595.52	 	0.999282	 	399.427	 	0.999282	 	0	 	0.00156363	 	0.023272	 	
196600	-1.99719	 	1595.52	 	0.999282	 	399.427	 	0.999282	 	0	 	0.00156375	 	0.0232758	 	
196800	-1.99719	 	1595.52	 	0.999282	 	399.427	 	0.999282	 	0.0025	 	0.00156401	 	0.0232752	 	
197000	-1.99718	 	1595.52	 	0.999282	 	399.427	 	0.999282	 	0.0025	 	0.00156423	 	0.0232793	 	
197200	-1.99718	 	1595.52	 	0.999281	 	399.427	 	0.999281	 	0.005	 	0.00156556	 	0.0232973	 	
197400	-1.99718	 	1595.52	 	0.999281	 	399.427	 	0.999281	 	0	 	0.00156565	 	0.0233004	 	
197600	-1.99718	 	1595.52	 	0.999281	 	399.427	 	0.999281	 	0	 	0.00156628	 	0.0233123	 	
197800	-1.99718	 	1595.52	 	0.999281	 	399.427	 	0.999281	 	0.005	 	0.00156642	 	0.0233151	 	
198000	-1.99718	 	1595.52	 	0.999281	 	399.427	 	0.999281	 	0.0025	 	0.00156584	 	0.0233075	 	
198200	-1.99718	 	1595.52	 	0.999281	 	399.427	 	0.999281	 	0.005	 	0.00156615	 	0.0233095	 	
198400	-1.99718	 	1595.52	 	0.999281	 	399.427	 	0.999281	 	0	 	0.00156567	 	0.0233022	 	
198600	-1.99718	 	1595.52	 	0.999281	 	399.427	 	0.999281	 	0.0025	 	0.00156595	 	0.0233086	 	
198800	-1.99718	 	1595.52	 	0.999281	 	399.427	 	0.999281	 	0	 	0.00156574	 	0.0233049	 	
199000	-1.99718	 	1595.52	 	0.999282	 	399.427	 	0.999282	 	0.0025	 	0.00156516	 	0.023296	 	
199200	-1.99718	 	1595.52	 	0.999282	 	399.427	 	0.999282	 	0	 	0.00156483	 	0.0232911	 	
199400	-1.99718	 	1595.52	 	0.999282	 	399.427	 	0.999282	 	0.005	 	0.00156466	 	0.0232889	 	
199600	-1.99718	 	1595.52	 	0.999282	 	399.427	 	0.999282	 	0	 	0.00156461	 	0.0232886	 	
199800	-1.99718	 	1595.52	 	0.999281	 	399.427	 	0.999281	 	0	 	0.00156521	 	0.0232986	 	
