MCcycles: 500000	 L = 20	 T = 1	 Randomstart = 1
MCcycles 	 E 		 E2 		 M 		 M2 		 Mabs 		 accepted		 X 		 Cv
2	-0.705	 	201.06	 	0.0225	 	1.105	 	0.0475	 	206	 	0.2025	 	2.25	 	
1000	-1.8756	 	1416.36	 	0.229165	 	248.457	 	0.714205	 	2162	 	44.4215	 	9.2093	 	
2000	-1.93653	 	1506.16	 	0.114538	 	323.973	 	0.856783	 	2299	 	30.3428	 	6.1007	 	
3000	-1.95644	 	1535.45	 	0.0763933	 	349.062	 	0.904203	 	2437	 	22.0281	 	4.39357	 	
4000	-1.96647	 	1550.22	 	0.0573025	 	361.621	 	0.927933	 	2579	 	17.1973	 	3.42286	 	
5000	-1.97259	 	1559.24	 	0.045832	 	369.179	 	0.942198	 	2739	 	14.0837	 	2.80295	 	
6000	-1.9766	 	1565.15	 	0.0381867	 	374.201	 	0.951688	 	2886	 	11.9169	 	2.37235	 	
7000	-1.97958	 	1569.55	 	0.0327064	 	377.814	 	0.958499	 	3027	 	10.326	 	2.05775	 	
8000	-1.98177	 	1572.78	 	0.0286331	 	380.514	 	0.963594	 	3159	 	9.1081	 	1.81666	 	
9000	-1.98352	 	1575.37	 	0.0254567	 	382.623	 	0.96757	 	3315	 	8.14682	 	1.62693	 	
10000	-1.98487	 	1577.35	 	0.0229175	 	384.3	 	0.970737	 	3461	 	7.36839	 	1.47311	 	
11000	-1.98593	 	1578.91	 	0.0208323	 	385.664	 	0.973317	 	3623	 	6.72535	 	1.34633	 	
12000	-1.98679	 	1580.18	 	0.0191046	 	386.795	 	0.975461	 	3783	 	6.1853	 	1.23988	 	
13000	-1.98761	 	1581.38	 	0.0176388	 	387.77	 	0.977298	 	3933	 	5.72582	 	1.14943	 	
14000	-1.98826	 	1582.34	 	0.0163743	 	388.596	 	0.97886	 	4093	 	5.32964	 	1.07148	 	
15000	-1.9888	 	1583.13	 	0.01528	 	389.306	 	0.980206	 	4267	 	4.98463	 	1.00371	 	
16000	-1.9893	 	1583.87	 	0.0143175	 	389.934	 	0.981393	 	4447	 	4.68164	 	0.944136	 	
17000	-1.98976	 	1584.55	 	0.0134715	 	390.492	 	0.982444	 	4609	 	4.41342	 	0.891327	 	
18000	-1.9902	 	1585.2	 	0.0127222	 	390.994	 	0.983387	 	4757	 	4.17434	 	0.844189	 	
19000	-1.99056	 	1585.73	 	0.0120482	 	391.436	 	0.984221	 	4923	 	3.95974	 	0.801996	 	
20000	-1.99087	 	1586.18	 	0.0114385	 	391.831	 	0.984968	 	5081	 	3.76609	 	0.763956	 	
21000	-1.99115	 	1586.6	 	0.0108926	 	392.189	 	0.985645	 	5247	 	3.59049	 	0.729376	 	
22000	-1.99142	 	1587.01	 	0.0104032	 	392.518	 	0.986265	 	5377	 	3.43058	 	0.697852	 	
23000	-1.99168	 	1587.38	 	0.00994674	 	392.82	 	0.986832	 	5528	 	3.28432	 	0.669079	 	
24000	-1.99187	 	1587.66	 	0.00952729	 	393.087	 	0.987341	 	5727	 	3.14995	 	0.642857	 	
25000	-1.99206	 	1587.95	 	0.0091486	 	393.337	 	0.987815	 	5855	 	3.02617	 	0.618543	 	
26000	-1.99226	 	1588.23	 	0.00878904	 	393.571	 	0.988255	 	6025	 	2.91178	 	0.596072	 	
27000	-1.99244	 	1588.51	 	0.00846519	 	393.788	 	0.988664	 	6167	 	2.80573	 	0.575146	 	
28000	-1.99263	 	1588.78	 	0.00816143	 	393.992	 	0.989046	 	6323	 	2.70715	 	0.555662	 	
29000	-1.99278	 	1589.01	 	0.00787759	 	394.18	 	0.989399	 	6459	 	2.61525	 	0.537561	 	
30000	-1.99294	 	1589.24	 	0.00761783	 	394.356	 	0.98973	 	6627	 	2.5294	 	0.520586	 	
31000	-1.99308	 	1589.45	 	0.00736823	 	394.52	 	0.99004	 	6749	 	2.44899	 	0.50471	 	
32000	-1.99319	 	1589.61	 	0.00713859	 	394.67	 	0.990324	 	6883	 	2.37352	 	0.489961	 	
33000	-1.99332	 	1589.81	 	0.0069247	 	394.816	 	0.990598	 	7025	 	2.3026	 	0.475971	 	
34000	-1.99343	 	1589.98	 	0.00671721	 	394.952	 	0.990854	 	7171	 	2.23578	 	0.462824	 	
35000	-1.99354	 	1590.13	 	0.00652457	 	395.08	 	0.991095	 	7329	 	2.17274	 	0.450417	 	
36000	-1.99362	 	1590.24	 	0.00634708	 	395.195	 	0.991315	 	7485	 	2.11312	 	0.438798	 	
37000	-1.99371	 	1590.38	 	0.00617608	 	395.31	 	0.99153	 	7629	 	2.05672	 	0.427686	 	
38000	-1.99378	 	1590.48	 	0.00601447	 	395.414	 	0.991729	 	7803	 	2.00323	 	0.417291	 	
39000	-1.99387	 	1590.61	 	0.00585769	 	395.516	 	0.991922	 	7959	 	1.95247	 	0.40733	 	
40000	-1.99395	 	1590.73	 	0.00571187	 	395.614	 	0.992106	 	8099	 	1.90422	 	0.397807	 	
41000	-1.99402	 	1590.84	 	0.00556451	 	395.706	 	0.99228	 	8271	 	1.8583	 	0.388792	 	
42000	-1.99409	 	1590.93	 	0.0054356	 	395.792	 	0.992443	 	8433	 	1.81454	 	0.380253	 	
43000	-1.99414	 	1591.02	 	0.00531279	 	395.873	 	0.992598	 	8571	 	1.77279	 	0.372137	 	
44000	-1.99421	 	1591.11	 	0.00519227	 	395.953	 	0.992749	 	8710	 	1.73293	 	0.364305	 	
45000	-1.99428	 	1591.22	 	0.00507933	 	396.031	 	0.992895	 	8849	 	1.69483	 	0.356781	 	
46000	-1.99433	 	1591.29	 	0.00496728	 	396.103	 	0.993031	 	9019	 	1.65836	 	0.349694	 	
47000	-1.9944	 	1591.39	 	0.00485766	 	396.174	 	0.993165	 	9167	 	1.62344	 	0.342819	 	
48000	-1.99446	 	1591.49	 	0.00475677	 	396.244	 	0.993295	 	9291	 	1.58996	 	0.336166	 	
49000	-1.99451	 	1591.56	 	0.00465878	 	396.308	 	0.993416	 	9437	 	1.55782	 	0.329869	 	
50000	-1.99456	 	1591.63	 	0.0045651	 	396.368	 	0.993531	 	9593	 	1.52696	 	0.323794	 	
51000	-1.99461	 	1591.7	 	0.00447598	 	396.428	 	0.993643	 	9735	 	1.4973	 	0.317959	 	
52000	-1.99466	 	1591.78	 	0.00438798	 	396.486	 	0.993752	 	9887	 	1.46878	 	0.312306	 	
53000	-1.99471	 	1591.86	 	0.00430358	 	396.543	 	0.993859	 	10035	 	1.44132	 	0.306816	 	
54000	-1.99474	 	1591.9	 	0.00422352	 	396.593	 	0.993955	 	10195	 	1.41487	 	0.301721	 	
55000	-1.9948	 	1591.98	 	0.00414664	 	396.646	 	0.994053	 	10355	 	1.38938	 	0.296689	 	
56000	-1.99484	 	1592.05	 	0.0040708	 	396.697	 	0.994148	 	10523	 	1.36479	 	0.291793	 	
57000	-1.99488	 	1592.1	 	0.00399526	 	396.744	 	0.994236	 	10683	 	1.34105	 	0.287193	 	
58000	-1.99491	 	1592.15	 	0.00392569	 	396.788	 	0.994322	 	10841	 	1.31813	 	0.282767	 	
59000	-1.99496	 	1592.22	 	0.00385712	 	396.835	 	0.994408	 	10997	 	1.29599	 	0.278348	 	
60000	-1.995	 	1592.28	 	0.00379425	 	396.878	 	0.994489	 	11123	 	1.27457	 	0.274092	 	
61000	-1.99502	 	1592.32	 	0.00373279	 	396.918	 	0.994566	 	11279	 	1.25384	 	0.270071	 	
62000	-1.99506	 	1592.38	 	0.00367282	 	396.96	 	0.994643	 	11406	 	1.23379	 	0.266104	 	
63000	-1.9951	 	1592.43	 	0.0036169	 	397	 	0.994718	 	11551	 	1.21436	 	0.262236	 	
64000	-1.99514	 	1592.49	 	0.00355969	 	397.039	 	0.99479	 	11685	 	1.19554	 	0.258486	 	
65000	-1.99517	 	1592.53	 	0.00350523	 	397.075	 	0.994858	 	11855	 	1.1773	 	0.254909	 	
66000	-1.9952	 	1592.58	 	0.00345174	 	397.11	 	0.994926	 	12010	 	1.1596	 	0.251406	 	
67000	-1.99523	 	1592.62	 	0.0033997	 	397.145	 	0.994991	 	12149	 	1.14242	 	0.248017	 	
68000	-1.99526	 	1592.67	 	0.00334971	 	397.179	 	0.995055	 	12297	 	1.12575	 	0.244681	 	
69000	-1.99529	 	1592.72	 	0.00329957	 	397.213	 	0.995118	 	12439	 	1.10956	 	0.241446	 	
70000	-1.99532	 	1592.76	 	0.00325236	 	397.245	 	0.995178	 	12591	 	1.09383	 	0.238319	 	
71000	-1.99533	 	1592.77	 	0.00320789	 	397.272	 	0.99523	 	12757	 	1.07854	 	0.235508	 	
72000	-1.99536	 	1592.81	 	0.00316194	 	397.302	 	0.995286	 	12900	 	1.06368	 	0.232596	 	
73000	-1.99538	 	1592.84	 	0.00311904	 	397.33	 	0.99534	 	13041	 	1.04922	 	0.229795	 	
74000	-1.99539	 	1592.86	 	0.00307804	 	397.356	 	0.995391	 	13184	 	1.03514	 	0.227087	 	
75000	-1.99541	 	1592.89	 	0.003037	 	397.383	 	0.995441	 	13333	 	1.02143	 	0.224421	 	
76000	-1.99543	 	1592.92	 	0.0029948	 	397.409	 	0.995491	 	13523	 	1.00809	 	0.221814	 	
77000	-1.99546	 	1592.96	 	0.00295571	 	397.436	 	0.995541	 	13681	 	0.995093	 	0.219247	 	
78000	-1.99548	 	1592.99	 	0.0029191	 	397.462	 	0.99559	 	13825	 	0.982428	 	0.216745	 	
79000	-1.9955	 	1593.02	 	0.00288032	 	397.486	 	0.995635	 	14007	 	0.970079	 	0.214357	 	
80000	-1.99552	 	1593.05	 	0.00284244	 	397.51	 	0.995681	 	14163	 	0.958037	 	0.211967	 	
81000	-1.99553	 	1593.06	 	0.00280778	 	397.532	 	0.995723	 	14315	 	0.946289	 	0.209707	 	
82000	-1.99555	 	1593.1	 	0.00277317	 	397.556	 	0.995767	 	14461	 	0.93483	 	0.207423	 	
83000	-1.99557	 	1593.13	 	0.0027397	 	397.578	 	0.99581	 	14601	 	0.923644	 	0.205206	 	
84000	-1.99559	 	1593.16	 	0.00270702	 	397.601	 	0.995851	 	14745	 	0.912724	 	0.203045	 	
85000	-1.99561	 	1593.19	 	0.00267588	 	397.622	 	0.995892	 	14885	 	0.902058	 	0.200921	 	
86000	-1.99564	 	1593.22	 	0.002645	 	397.644	 	0.995932	 	15019	 	0.891641	 	0.198837	 	
87000	-1.99565	 	1593.25	 	0.00261511	 	397.664	 	0.995971	 	15161	 	0.881461	 	0.19684	 	
88000	-1.99568	 	1593.28	 	0.00258744	 	397.686	 	0.99601	 	15261	 	0.871512	 	0.194831	 	
89000	-1.99569	 	1593.31	 	0.00255831	 	397.705	 	0.996046	 	15403	 	0.861784	 	0.192904	 	
90000	-1.9957	 	1593.32	 	0.00253178	 	397.723	 	0.996081	 	15563	 	0.852272	 	0.191059	 	
91000	-1.99572	 	1593.35	 	0.00250418	 	397.742	 	0.996117	 	15693	 	0.842966	 	0.189187	 	
92000	-1.99574	 	1593.38	 	0.00247505	 	397.761	 	0.996151	 	15857	 	0.833863	 	0.187379	 	
93000	-1.99575	 	1593.39	 	0.00244581	 	397.778	 	0.996184	 	16059	 	0.824954	 	0.185642	 	
94000	-1.99577	 	1593.42	 	0.00241995	 	397.797	 	0.996218	 	16193	 	0.816235	 	0.183882	 	
95000	-1.99579	 	1593.45	 	0.00239474	 	397.814	 	0.996251	 	16303	 	0.807699	 	0.182191	 	
96000	-1.9958	 	1593.47	 	0.00236859	 	397.831	 	0.996283	 	16439	 	0.79934	 	0.180531	 	
97000	-1.99582	 	1593.5	 	0.00234412	 	397.849	 	0.996315	 	16583	 	0.791153	 	0.178898	 	
98000	-1.99584	 	1593.52	 	0.00232107	 	397.865	 	0.996346	 	16698	 	0.783131	 	0.17732	 	
99000	-1.99585	 	1593.54	 	0.00229783	 	397.881	 	0.996375	 	16804	 	0.77527	 	0.175763	 	
100000	-1.99586	 	1593.56	 	0.0022755	 	397.896	 	0.996405	 	16961	 	0.767566	 	0.174236	 	
101000	-1.99588	 	1593.58	 	0.00225173	 	397.911	 	0.996432	 	17125	 	0.760015	 	0.172754	 	
102000	-1.99589	 	1593.6	 	0.00222863	 	397.926	 	0.99646	 	17261	 	0.752611	 	0.171293	 	
103000	-1.9959	 	1593.61	 	0.00220675	 	397.94	 	0.996487	 	17409	 	0.74535	 	0.169896	 	
104000	-1.9959	 	1593.62	 	0.00218442	 	397.953	 	0.996512	 	17567	 	0.738228	 	0.16854	 	
105000	-1.99592	 	1593.64	 	0.00216467	 	397.967	 	0.996538	 	17701	 	0.73124	 	0.167151	 	
106000	-1.99593	 	1593.66	 	0.00214481	 	397.981	 	0.996565	 	17835	 	0.724383	 	0.165779	 	
107000	-1.99594	 	1593.68	 	0.0021243	 	397.995	 	0.996591	 	17987	 	0.717654	 	0.164419	 	
108000	-1.99595	 	1593.69	 	0.00210241	 	398.007	 	0.996614	 	18153	 	0.711051	 	0.163177	 	
109000	-1.99597	 	1593.71	 	0.00208193	 	398.021	 	0.99664	 	18293	 	0.704567	 	0.161853	 	
110000	-1.99598	 	1593.73	 	0.00206218	 	398.034	 	0.996664	 	18423	 	0.698201	 	0.160597	 	
111000	-1.99599	 	1593.74	 	0.00204378	 	398.046	 	0.996687	 	18579	 	0.691949	 	0.159374	 	
112000	-1.99599	 	1593.75	 	0.00202638	 	398.058	 	0.996709	 	18727	 	0.685809	 	0.158194	 	
113000	-1.996	 	1593.76	 	0.00200907	 	398.069	 	0.996731	 	18867	 	0.679775	 	0.157018	 	
114000	-1.99601	 	1593.78	 	0.00199175	 	398.081	 	0.996754	 	18999	 	0.673849	 	0.155848	 	
115000	-1.99602	 	1593.8	 	0.001974	 	398.093	 	0.996776	 	19113	 	0.668024	 	0.154684	 	
116000	-1.99604	 	1593.82	 	0.00195733	 	398.105	 	0.996799	 	19241	 	0.662299	 	0.153512	 	
117000	-1.99605	 	1593.83	 	0.00193966	 	398.117	 	0.99682	 	19389	 	0.656672	 	0.152388	 	
118000	-1.99606	 	1593.85	 	0.00192267	 	398.129	 	0.996842	 	19544	 	0.65114	 	0.151279	 	
119000	-1.99607	 	1593.86	 	0.00190605	 	398.139	 	0.996862	 	19707	 	0.6457	 	0.150197	 	
120000	-1.99608	 	1593.88	 	0.00189112	 	398.15	 	0.996883	 	19843	 	0.640352	 	0.149128	 	
121000	-1.99609	 	1593.89	 	0.00187512	 	398.161	 	0.996902	 	20011	 	0.635092	 	0.148108	 	
122000	-1.9961	 	1593.91	 	0.00186004	 	398.172	 	0.996922	 	20145	 	0.629918	 	0.147072	 	
123000	-1.99611	 	1593.93	 	0.0018435	 	398.182	 	0.996942	 	20295	 	0.624826	 	0.146039	 	
124000	-1.99612	 	1593.94	 	0.00182931	 	398.193	 	0.996962	 	20401	 	0.619816	 	0.145028	 	
125000	-1.99613	 	1593.96	 	0.00181408	 	398.203	 	0.996981	 	20541	 	0.614886	 	0.144027	 	
126000	-1.99614	 	1593.97	 	0.00179956	 	398.213	 	0.996999	 	20697	 	0.610034	 	0.143074	 	
127000	-1.99614	 	1593.98	 	0.00178583	 	398.221	 	0.997016	 	20847	 	0.60526	 	0.142159	 	
128000	-1.99615	 	1593.98	 	0.00177277	 	398.23	 	0.997033	 	20978	 	0.60056	 	0.141255	 	
129000	-1.99616	 	1594	 	0.00175965	 	398.24	 	0.99705	 	21107	 	0.595931	 	0.140333	 	
130000	-1.99616	 	1594	 	0.00174646	 	398.248	 	0.997067	 	21245	 	0.591377	 	0.139467	 	
131000	-1.99617	 	1594.02	 	0.00173252	 	398.258	 	0.997084	 	21387	 	0.586889	 	0.13856	 	
132000	-1.99618	 	1594.03	 	0.00172008	 	398.266	 	0.997101	 	21523	 	0.582468	 	0.137685	 	
133000	-1.99619	 	1594.04	 	0.00170605	 	398.275	 	0.997117	 	21674	 	0.578113	 	0.136817	 	
134000	-1.99619	 	1594.05	 	0.00169321	 	398.284	 	0.997133	 	21809	 	0.573824	 	0.13596	 	
135000	-1.9962	 	1594.06	 	0.00168104	 	398.292	 	0.997149	 	21941	 	0.569598	 	0.135129	 	
136000	-1.99621	 	1594.07	 	0.00166989	 	398.3	 	0.997164	 	22087	 	0.565436	 	0.134338	 	
137000	-1.99621	 	1594.08	 	0.00165843	 	398.308	 	0.99718	 	22220	 	0.561333	 	0.133531	 	
138000	-1.99622	 	1594.09	 	0.00164674	 	398.317	 	0.997195	 	22377	 	0.557289	 	0.132724	 	
139000	-1.99623	 	1594.11	 	0.00163457	 	398.326	 	0.997212	 	22497	 	0.553302	 	0.131897	 	
140000	-1.99624	 	1594.11	 	0.00162171	 	398.333	 	0.997225	 	22672	 	0.549374	 	0.131151	 	
141000	-1.99624	 	1594.13	 	0.00161039	 	398.341	 	0.99724	 	22797	 	0.545501	 	0.130373	 	
142000	-1.99625	 	1594.14	 	0.00159919	 	398.349	 	0.997255	 	22949	 	0.541684	 	0.129619	 	
143000	-1.99626	 	1594.15	 	0.00158724	 	398.356	 	0.997268	 	23121	 	0.537924	 	0.128918	 	
144000	-1.99626	 	1594.15	 	0.00157698	 	398.362	 	0.997281	 	23269	 	0.534212	 	0.12823	 	
145000	-1.99627	 	1594.16	 	0.00156638	 	398.37	 	0.997296	 	23387	 	0.530548	 	0.127482	 	
146000	-1.99628	 	1594.18	 	0.00155599	 	398.378	 	0.99731	 	23503	 	0.526935	 	0.126742	 	
147000	-1.99628	 	1594.18	 	0.00154575	 	398.385	 	0.997323	 	23639	 	0.523372	 	0.126053	 	
148000	-1.99629	 	1594.2	 	0.0015352	 	398.392	 	0.997337	 	23779	 	0.519855	 	0.125334	 	
149000	-1.9963	 	1594.2	 	0.00152383	 	398.399	 	0.99735	 	23953	 	0.516389	 	0.124681	 	
150000	-1.9963	 	1594.21	 	0.00151377	 	398.406	 	0.997363	 	24086	 	0.512966	 	0.123988	 	
151000	-1.9963	 	1594.21	 	0.00150414	 	398.412	 	0.997374	 	24247	 	0.509589	 	0.123368	 	
152000	-1.99631	 	1594.23	 	0.00149405	 	398.419	 	0.997388	 	24386	 	0.506255	 	0.122678	 	
153000	-1.99632	 	1594.23	 	0.00148529	 	398.425	 	0.9974	 	24493	 	0.502966	 	0.122037	 	
154000	-1.99632	 	1594.24	 	0.00147523	 	398.432	 	0.997412	 	24643	 	0.49972	 	0.121399	 	
155000	-1.99633	 	1594.25	 	0.00146555	 	398.439	 	0.997424	 	24767	 	0.496514	 	0.120745	 	
156000	-1.99633	 	1594.26	 	0.00145769	 	398.445	 	0.997436	 	24915	 	0.493351	 	0.120152	 	
157000	-1.99634	 	1594.27	 	0.00144889	 	398.451	 	0.997448	 	25031	 	0.490227	 	0.119531	 	
158000	-1.99634	 	1594.27	 	0.00143978	 	398.457	 	0.997459	 	25171	 	0.487142	 	0.118923	 	
159000	-1.99635	 	1594.28	 	0.00143129	 	398.463	 	0.997471	 	25292	 	0.484096	 	0.118315	 	
160000	-1.99636	 	1594.29	 	0.00142191	 	398.47	 	0.997483	 	25437	 	0.481088	 	0.117712	 	
161000	-1.99636	 	1594.3	 	0.00141311	 	398.476	 	0.997494	 	25565	 	0.478117	 	0.11712	 	
162000	-1.99637	 	1594.31	 	0.00140343	 	398.482	 	0.997505	 	25706	 	0.475182	 	0.116522	 	
163000	-1.99638	 	1594.32	 	0.00139405	 	398.488	 	0.997517	 	25821	 	0.472284	 	0.115944	 	
164000	-1.99638	 	1594.33	 	0.0013857	 	398.494	 	0.997528	 	25961	 	0.46942	 	0.115358	 	
165000	-1.99639	 	1594.34	 	0.00137712	 	398.5	 	0.997538	 	26099	 	0.466592	 	0.114808	 	
166000	-1.99639	 	1594.35	 	0.00136925	 	398.506	 	0.997549	 	26239	 	0.463798	 	0.11425	 	
167000	-1.9964	 	1594.36	 	0.00136036	 	398.512	 	0.99756	 	26381	 	0.461037	 	0.113694	 	
168000	-1.9964	 	1594.36	 	0.0013517	 	398.517	 	0.99757	 	26539	 	0.458312	 	0.113181	 	
169000	-1.99641	 	1594.37	 	0.00134355	 	398.522	 	0.99758	 	26683	 	0.455617	 	0.112658	 	
170000	-1.99641	 	1594.37	 	0.00133512	 	398.527	 	0.99759	 	26845	 	0.452952	 	0.112132	 	
171000	-1.99641	 	1594.38	 	0.00132787	 	398.532	 	0.997599	 	26987	 	0.45032	 	0.111628	 	
172000	-1.99642	 	1594.39	 	0.00132035	 	398.538	 	0.99761	 	27105	 	0.447716	 	0.111092	 	
173000	-1.99642	 	1594.39	 	0.00131295	 	398.543	 	0.997619	 	27251	 	0.445144	 	0.110584	 	
174000	-1.99643	 	1594.4	 	0.00130514	 	398.547	 	0.997628	 	27401	 	0.442601	 	0.110099	 	
175000	-1.99643	 	1594.4	 	0.00129757	 	398.552	 	0.997637	 	27555	 	0.440087	 	0.109611	 	
176000	-1.99643	 	1594.41	 	0.00129011	 	398.557	 	0.997646	 	27695	 	0.4376	 	0.109115	 	
177000	-1.99643	 	1594.41	 	0.00128268	 	398.562	 	0.997655	 	27859	 	0.435142	 	0.108633	 	
178000	-1.99644	 	1594.42	 	0.00127525	 	398.567	 	0.997665	 	27964	 	0.432713	 	0.108158	 	
179000	-1.99644	 	1594.42	 	0.00126743	 	398.571	 	0.997674	 	28127	 	0.43031	 	0.107689	 	
180000	-1.99645	 	1594.43	 	0.00126158	 	398.576	 	0.997682	 	28273	 	0.427935	 	0.107245	 	
181000	-1.99645	 	1594.43	 	0.0012537	 	398.58	 	0.99769	 	28459	 	0.425585	 	0.106801	 	
182000	-1.99645	 	1594.44	 	0.00124659	 	398.585	 	0.997699	 	28577	 	0.42326	 	0.106324	 	
183000	-1.99646	 	1594.44	 	0.00123986	 	398.59	 	0.997708	 	28724	 	0.420961	 	0.105869	 	
184000	-1.99646	 	1594.45	 	0.00123299	 	398.594	 	0.997717	 	28883	 	0.418688	 	0.105431	 	
185000	-1.99647	 	1594.46	 	0.00122681	 	398.599	 	0.997725	 	28999	 	0.416437	 	0.104968	 	
186000	-1.99647	 	1594.46	 	0.00121989	 	398.603	 	0.997733	 	29165	 	0.414212	 	0.104549	 	
187000	-1.99647	 	1594.47	 	0.00121318	 	398.608	 	0.997742	 	29311	 	0.41201	 	0.104103	 	
188000	-1.99648	 	1594.47	 	0.0012071	 	398.612	 	0.99775	 	29457	 	0.409833	 	0.103698	 	
189000	-1.99648	 	1594.47	 	0.00119971	 	398.616	 	0.997758	 	29613	 	0.407678	 	0.10328	 	
190000	-1.99648	 	1594.48	 	0.00119408	 	398.62	 	0.997765	 	29745	 	0.405545	 	0.102858	 	
191000	-1.99649	 	1594.49	 	0.00118791	 	398.624	 	0.997774	 	29902	 	0.403434	 	0.102435	 	
192000	-1.99649	 	1594.49	 	0.00118195	 	398.628	 	0.997781	 	30063	 	0.401347	 	0.102048	 	
193000	-1.99649	 	1594.5	 	0.00117674	 	398.633	 	0.997789	 	30177	 	0.399281	 	0.101635	 	
194000	-1.9965	 	1594.5	 	0.00117028	 	398.637	 	0.997797	 	30335	 	0.397235	 	0.101234	 	
195000	-1.9965	 	1594.51	 	0.00116438	 	398.641	 	0.997805	 	30475	 	0.39521	 	0.100835	 	
196000	-1.9965	 	1594.51	 	0.00115783	 	398.645	 	0.997812	 	30644	 	0.393207	 	0.100443	 	
197000	-1.99651	 	1594.51	 	0.0011518	 	398.648	 	0.997819	 	30817	 	0.391224	 	0.100063	 	
198000	-1.99651	 	1594.52	 	0.00114513	 	398.652	 	0.997827	 	30997	 	0.38926	 	0.0996695	 	
199000	-1.99651	 	1594.52	 	0.00113907	 	398.656	 	0.997834	 	31147	 	0.387316	 	0.0992977	 	
200000	-1.99652	 	1594.53	 	0.0011332	 	398.66	 	0.997841	 	31285	 	0.385391	 	0.0989099	 	
201000	-1.99652	 	1594.54	 	0.00112749	 	398.665	 	0.997849	 	31419	 	0.383485	 	0.0985054	 	
202000	-1.99653	 	1594.55	 	0.001122	 	398.669	 	0.997858	 	31529	 	0.381597	 	0.0981001	 	
203000	-1.99653	 	1594.56	 	0.00111623	 	398.673	 	0.997864	 	31677	 	0.37973	 	0.0977513	 	
204000	-1.99654	 	1594.57	 	0.00111069	 	398.677	 	0.997872	 	31794	 	0.377879	 	0.0973649	 	
205000	-1.99654	 	1594.57	 	0.00110549	 	398.681	 	0.997879	 	31911	 	0.376047	 	0.0969882	 	
206000	-1.99655	 	1594.58	 	0.00110049	 	398.685	 	0.997886	 	32049	 	0.374232	 	0.0966366	 	
207000	-1.99655	 	1594.58	 	0.001095	 	398.688	 	0.997892	 	32201	 	0.372438	 	0.096298	 	
208000	-1.99655	 	1594.58	 	0.00108995	 	398.691	 	0.997898	 	32334	 	0.370658	 	0.0959469	 	
209000	-1.99655	 	1594.58	 	0.00108533	 	398.694	 	0.997904	 	32483	 	0.368895	 	0.095615	 	
210000	-1.99655	 	1594.58	 	0.00108029	 	398.697	 	0.997911	 	32614	 	0.36715	 	0.0952774	 	
211000	-1.99655	 	1594.59	 	0.00107457	 	398.701	 	0.997917	 	32765	 	0.365421	 	0.0949344	 	
212000	-1.99656	 	1594.59	 	0.0010696	 	398.704	 	0.997923	 	32903	 	0.363709	 	0.0946088	 	
213000	-1.99656	 	1594.59	 	0.001065	 	398.707	 	0.99793	 	33041	 	0.362012	 	0.0942707	 	
214000	-1.99656	 	1594.6	 	0.00106044	 	398.71	 	0.997936	 	33171	 	0.360332	 	0.0939563	 	
215000	-1.99656	 	1594.6	 	0.00105481	 	398.714	 	0.997942	 	33345	 	0.358668	 	0.0936346	 	
216000	-1.99657	 	1594.6	 	0.00105005	 	398.717	 	0.997947	 	33499	 	0.357019	 	0.0933187	 	
217000	-1.99657	 	1594.61	 	0.00104544	 	398.72	 	0.997954	 	33626	 	0.355384	 	0.0929889	 	
218000	-1.99657	 	1594.61	 	0.00104009	 	398.723	 	0.99796	 	33781	 	0.353764	 	0.0926734	 	
219000	-1.99657	 	1594.62	 	0.00103553	 	398.726	 	0.997966	 	33923	 	0.352159	 	0.092364	 	
220000	-1.99658	 	1594.62	 	0.00103166	 	398.73	 	0.997972	 	34045	 	0.350568	 	0.0920367	 	
221000	-1.99658	 	1594.63	 	0.00102683	 	398.733	 	0.997978	 	34187	 	0.348992	 	0.0917224	 	
222000	-1.99658	 	1594.63	 	0.00102203	 	398.736	 	0.997984	 	34329	 	0.34743	 	0.0914268	 	
223000	-1.99659	 	1594.64	 	0.00101839	 	398.74	 	0.99799	 	34431	 	0.345882	 	0.0911107	 	
224000	-1.99659	 	1594.64	 	0.00101444	 	398.743	 	0.997996	 	34539	 	0.344347	 	0.0907949	 	
225000	-1.99659	 	1594.65	 	0.00100973	 	398.746	 	0.998002	 	34679	 	0.342826	 	0.0904929	 	
226000	-1.9966	 	1594.65	 	0.00100522	 	398.749	 	0.998007	 	34831	 	0.34132	 	0.090215	 	
227000	-1.9966	 	1594.65	 	0.00100064	 	398.751	 	0.998012	 	34989	 	0.339827	 	0.0899319	 	
228000	-1.9966	 	1594.65	 	0.000996009	 	398.754	 	0.998018	 	35163	 	0.338346	 	0.0896463	 	
229000	-1.9966	 	1594.66	 	0.000991921	 	398.757	 	0.998023	 	35305	 	0.336878	 	0.0893512	 	
230000	-1.99661	 	1594.66	 	0.000987152	 	398.76	 	0.998029	 	35465	 	0.335422	 	0.0890464	 	
231000	-1.99661	 	1594.67	 	0.000983009	 	398.764	 	0.998035	 	35610	 	0.333978	 	0.088746	 	
232000	-1.99661	 	1594.67	 	0.000978082	 	398.766	 	0.99804	 	35780	 	0.332549	 	0.0884904	 	
233000	-1.99661	 	1594.67	 	0.000973498	 	398.769	 	0.998045	 	35921	 	0.331131	 	0.0882159	 	
234000	-1.99661	 	1594.68	 	0.000969615	 	398.772	 	0.998051	 	36045	 	0.329725	 	0.0879237	 	
235000	-1.99662	 	1594.68	 	0.000965574	 	398.775	 	0.998056	 	36201	 	0.328331	 	0.0876556	 	
236000	-1.99662	 	1594.68	 	0.000960826	 	398.777	 	0.998061	 	36363	 	0.32695	 	0.0873908	 	
237000	-1.99662	 	1594.69	 	0.000957595	 	398.78	 	0.998066	 	36483	 	0.325579	 	0.0871152	 	
238000	-1.99662	 	1594.69	 	0.000953298	 	398.783	 	0.998071	 	36629	 	0.324219	 	0.0868389	 	
239000	-1.99663	 	1594.7	 	0.00094864	 	398.786	 	0.998077	 	36781	 	0.322871	 	0.0865666	 	
240000	-1.99663	 	1594.7	 	0.000944375	 	398.789	 	0.998082	 	36935	 	0.321535	 	0.0862894	 	
241000	-1.99663	 	1594.71	 	0.000940021	 	398.791	 	0.998087	 	37093	 	0.32021	 	0.0860321	 	
242000	-1.99664	 	1594.71	 	0.000936653	 	398.794	 	0.998092	 	37244	 	0.318896	 	0.085783	 	
243000	-1.99664	 	1594.71	 	0.000932551	 	398.797	 	0.998097	 	37395	 	0.317591	 	0.0855104	 	
244000	-1.99664	 	1594.72	 	0.000928934	 	398.799	 	0.998102	 	37513	 	0.316298	 	0.0852514	 	
245000	-1.99665	 	1594.72	 	0.000925367	 	398.802	 	0.998107	 	37633	 	0.315016	 	0.0849888	 	
246000	-1.99665	 	1594.73	 	0.000921362	 	398.805	 	0.998112	 	37777	 	0.313745	 	0.0847624	 	
247000	-1.99665	 	1594.73	 	0.000917085	 	398.807	 	0.998116	 	37927	 	0.312484	 	0.0845241	 	
248000	-1.99665	 	1594.73	 	0.000913226	 	398.81	 	0.998121	 	38049	 	0.311232	 	0.0842705	 	
249000	-1.99665	 	1594.73	 	0.000909438	 	398.812	 	0.998126	 	38197	 	0.309991	 	0.0840335	 	
250000	-1.99665	 	1594.73	 	0.00090582	 	398.814	 	0.99813	 	38369	 	0.308759	 	0.083802	 	
251000	-1.99666	 	1594.74	 	0.000902151	 	398.817	 	0.998135	 	38516	 	0.307537	 	0.0835429	 	
252000	-1.99666	 	1594.74	 	0.000898929	 	398.819	 	0.998139	 	38663	 	0.306325	 	0.0833211	 	
253000	-1.99666	 	1594.74	 	0.000895237	 	398.821	 	0.998143	 	38825	 	0.305122	 	0.0830814	 	
254000	-1.99666	 	1594.74	 	0.000892126	 	398.823	 	0.998148	 	38979	 	0.30393	 	0.0828614	 	
255000	-1.99666	 	1594.75	 	0.000888667	 	398.826	 	0.998152	 	39133	 	0.302746	 	0.0826232	 	
256000	-1.99666	 	1594.74	 	0.000885762	 	398.828	 	0.998156	 	39285	 	0.301572	 	0.0824106	 	
257000	-1.99666	 	1594.75	 	0.000882004	 	398.83	 	0.99816	 	39436	 	0.300406	 	0.0821666	 	
258000	-1.99667	 	1594.75	 	0.000878333	 	398.832	 	0.998165	 	39585	 	0.299249	 	0.0819334	 	
259000	-1.99667	 	1594.76	 	0.000874402	 	398.835	 	0.998169	 	39745	 	0.298102	 	0.0817042	 	
260000	-1.99667	 	1594.76	 	0.000870692	 	398.837	 	0.998174	 	39891	 	0.296963	 	0.0814773	 	
261000	-1.99667	 	1594.76	 	0.000867146	 	398.839	 	0.998178	 	40034	 	0.295832	 	0.0812525	 	
262000	-1.99667	 	1594.76	 	0.000863969	 	398.841	 	0.998182	 	40159	 	0.294711	 	0.0810305	 	
263000	-1.99668	 	1594.77	 	0.000860913	 	398.844	 	0.998186	 	40325	 	0.293598	 	0.0808126	 	
264000	-1.99668	 	1594.77	 	0.000857898	 	398.846	 	0.99819	 	40443	 	0.292494	 	0.0806038	 	
265000	-1.99668	 	1594.77	 	0.000854491	 	398.848	 	0.998194	 	40607	 	0.291399	 	0.0803947	 	
266000	-1.99668	 	1594.77	 	0.000851767	 	398.85	 	0.998198	 	40731	 	0.29031	 	0.0801739	 	
267000	-1.99668	 	1594.78	 	0.000848933	 	398.852	 	0.998202	 	40857	 	0.28923	 	0.0799494	 	
268000	-1.99668	 	1594.78	 	0.000845504	 	398.854	 	0.998206	 	40999	 	0.288158	 	0.0797388	 	
269000	-1.99668	 	1594.78	 	0.00084197	 	398.856	 	0.99821	 	41165	 	0.287095	 	0.0795441	 	
270000	-1.99669	 	1594.78	 	0.000839037	 	398.858	 	0.998214	 	41323	 	0.286039	 	0.0793265	 	
271000	-1.99669	 	1594.79	 	0.000835959	 	398.861	 	0.998218	 	41481	 	0.284991	 	0.0791131	 	
272000	-1.99669	 	1594.79	 	0.000833125	 	398.862	 	0.998221	 	41645	 	0.283951	 	0.0789219	 	
273000	-1.99669	 	1594.79	 	0.000829762	 	398.865	 	0.998226	 	41807	 	0.282918	 	0.0787094	 	
274000	-1.99669	 	1594.79	 	0.000826533	 	398.867	 	0.99823	 	41943	 	0.281892	 	0.0784965	 	
275000	-1.9967	 	1594.8	 	0.000822255	 	398.869	 	0.998233	 	42134	 	0.280874	 	0.0783028	 	
276000	-1.9967	 	1594.8	 	0.000819094	 	398.87	 	0.998237	 	42289	 	0.279864	 	0.0781035	 	
277000	-1.9967	 	1594.8	 	0.000815993	 	398.872	 	0.99824	 	42443	 	0.27886	 	0.0779058	 	
278000	-1.9967	 	1594.8	 	0.000813489	 	398.874	 	0.998244	 	42601	 	0.277865	 	0.0777175	 	
279000	-1.9967	 	1594.8	 	0.000810341	 	398.876	 	0.998248	 	42751	 	0.276876	 	0.0775233	 	
280000	-1.9967	 	1594.8	 	0.000807179	 	398.878	 	0.998251	 	42900	 	0.275894	 	0.0773294	 	
281000	-1.9967	 	1594.8	 	0.000804804	 	398.88	 	0.998255	 	43039	 	0.27492	 	0.0771462	 	
282000	-1.9967	 	1594.81	 	0.000802287	 	398.882	 	0.998258	 	43199	 	0.273952	 	0.0769523	 	
283000	-1.9967	 	1594.81	 	0.000799452	 	398.883	 	0.998261	 	43384	 	0.272993	 	0.0767857	 	
284000	-1.9967	 	1594.81	 	0.000796743	 	398.885	 	0.998265	 	43503	 	0.272039	 	0.0766048	 	
285000	-1.99671	 	1594.81	 	0.000794298	 	398.887	 	0.998268	 	43649	 	0.271092	 	0.0764139	 	
286000	-1.99671	 	1594.81	 	0.00079201	 	398.889	 	0.998271	 	43775	 	0.27015	 	0.0762262	 	
287000	-1.99671	 	1594.81	 	0.000789042	 	398.89	 	0.998274	 	43944	 	0.269218	 	0.0760721	 	
288000	-1.99671	 	1594.81	 	0.000786354	 	398.892	 	0.998278	 	44075	 	0.26829	 	0.0758965	 	
289000	-1.99671	 	1594.82	 	0.000783218	 	398.894	 	0.998281	 	44215	 	0.267368	 	0.0757089	 	
290000	-1.99671	 	1594.82	 	0.000781017	 	398.896	 	0.998285	 	44353	 	0.266452	 	0.0755194	 	
291000	-1.99671	 	1594.82	 	0.000778522	 	398.897	 	0.998288	 	44504	 	0.265544	 	0.0753541	 	
292000	-1.99672	 	1594.82	 	0.000776062	 	398.899	 	0.998292	 	44633	 	0.264641	 	0.0751642	 	
293000	-1.99672	 	1594.82	 	0.000773686	 	398.901	 	0.998295	 	44777	 	0.263745	 	0.0750026	 	
294000	-1.99672	 	1594.83	 	0.000771088	 	398.903	 	0.998298	 	44903	 	0.262854	 	0.0748203	 	
295000	-1.99672	 	1594.83	 	0.000768814	 	398.905	 	0.998302	 	45017	 	0.261969	 	0.0746311	 	
296000	-1.99672	 	1594.83	 	0.000765811	 	398.907	 	0.998305	 	45181	 	0.26109	 	0.0744548	 	
297000	-1.99673	 	1594.84	 	0.000763468	 	398.909	 	0.998309	 	45293	 	0.260217	 	0.074268	 	
298000	-1.99673	 	1594.84	 	0.000760789	 	398.911	 	0.998313	 	45433	 	0.259349	 	0.0740814	 	
299000	-1.99673	 	1594.84	 	0.000758043	 	398.912	 	0.998315	 	45585	 	0.258489	 	0.0739252	 	
300000	-1.99673	 	1594.84	 	0.000755617	 	398.914	 	0.998319	 	45741	 	0.257634	 	0.0737569	 	
301000	-1.99673	 	1594.85	 	0.00075289	 	398.915	 	0.998322	 	45881	 	0.256784	 	0.0735868	 	
302000	-1.99673	 	1594.85	 	0.000750596	 	398.917	 	0.998325	 	45989	 	0.25594	 	0.0734131	 	
303000	-1.99673	 	1594.85	 	0.000748251	 	398.919	 	0.998329	 	46149	 	0.255102	 	0.0732485	 	
304000	-1.99674	 	1594.85	 	0.000745576	 	398.921	 	0.998331	 	46265	 	0.25427	 	0.0730949	 	
305000	-1.99674	 	1594.86	 	0.000743311	 	398.922	 	0.998334	 	46401	 	0.253443	 	0.0729329	 	
306000	-1.99674	 	1594.86	 	0.000740507	 	398.924	 	0.998338	 	46561	 	0.25262	 	0.0727687	 	
307000	-1.99674	 	1594.86	 	0.000737752	 	398.926	 	0.998341	 	46697	 	0.251804	 	0.072603	 	
308000	-1.99674	 	1594.86	 	0.000735438	 	398.927	 	0.998344	 	46847	 	0.250993	 	0.0724516	 	
309000	-1.99674	 	1594.87	 	0.000732427	 	398.929	 	0.998347	 	47008	 	0.250186	 	0.0722863	 	
310000	-1.99675	 	1594.87	 	0.000730435	 	398.931	 	0.998351	 	47135	 	0.249384	 	0.0721077	 	
311000	-1.99675	 	1594.87	 	0.000728264	 	398.933	 	0.998354	 	47267	 	0.248588	 	0.0719444	 	
312000	-1.99675	 	1594.88	 	0.000725657	 	398.934	 	0.998357	 	47411	 	0.247797	 	0.071783	 	
313000	-1.99675	 	1594.88	 	0.000723259	 	398.936	 	0.99836	 	47541	 	0.247011	 	0.0716229	 	
314000	-1.99675	 	1594.88	 	0.000720876	 	398.937	 	0.998363	 	47687	 	0.24623	 	0.0714677	 	
315000	-1.99676	 	1594.88	 	0.000718873	 	398.939	 	0.998366	 	47815	 	0.245454	 	0.0713045	 	
316000	-1.99676	 	1594.89	 	0.000716392	 	398.941	 	0.998369	 	47947	 	0.244683	 	0.0711529	 	
317000	-1.99676	 	1594.89	 	0.000714196	 	398.943	 	0.998372	 	48065	 	0.243915	 	0.0709794	 	
318000	-1.99676	 	1594.9	 	0.000712233	 	398.945	 	0.998375	 	48195	 	0.243154	 	0.0708238	 	
319000	-1.99676	 	1594.9	 	0.000709671	 	398.946	 	0.998378	 	48355	 	0.242397	 	0.0706692	 	
320000	-1.99677	 	1594.9	 	0.000707719	 	398.948	 	0.998381	 	48493	 	0.241645	 	0.0705124	 	
321000	-1.99677	 	1594.9	 	0.00070567	 	398.949	 	0.998384	 	48640	 	0.240898	 	0.0703606	 	
322000	-1.99677	 	1594.91	 	0.000703851	 	398.951	 	0.998387	 	48769	 	0.240155	 	0.0702092	 	
323000	-1.99677	 	1594.91	 	0.000701409	 	398.953	 	0.99839	 	48904	 	0.239417	 	0.0700508	 	
324000	-1.99677	 	1594.91	 	0.000699537	 	398.954	 	0.998393	 	49019	 	0.238683	 	0.0699038	 	
325000	-1.99678	 	1594.92	 	0.000697723	 	398.956	 	0.998396	 	49127	 	0.237954	 	0.0697518	 	
326000	-1.99678	 	1594.92	 	0.000695966	 	398.957	 	0.998399	 	49267	 	0.23723	 	0.0696124	 	
327000	-1.99678	 	1594.92	 	0.000693792	 	398.959	 	0.998401	 	49413	 	0.23651	 	0.0694663	 	
328000	-1.99678	 	1594.92	 	0.000691463	 	398.96	 	0.998404	 	49549	 	0.235794	 	0.0693231	 	
329000	-1.99678	 	1594.92	 	0.000689073	 	398.961	 	0.998406	 	49716	 	0.235084	 	0.0692066	 	
330000	-1.99678	 	1594.92	 	0.000687152	 	398.963	 	0.998409	 	49865	 	0.234377	 	0.0690563	 	
331000	-1.99678	 	1594.93	 	0.000685166	 	398.964	 	0.998412	 	50021	 	0.233674	 	0.0689124	 	
332000	-1.99678	 	1594.92	 	0.000682831	 	398.965	 	0.998414	 	50215	 	0.232977	 	0.0687896	 	
333000	-1.99678	 	1594.92	 	0.000680826	 	398.966	 	0.998416	 	50355	 	0.232283	 	0.0686619	 	
334000	-1.99678	 	1594.92	 	0.000678623	 	398.967	 	0.998418	 	50527	 	0.231595	 	0.0685494	 	
335000	-1.99678	 	1594.92	 	0.000676672	 	398.969	 	0.998421	 	50683	 	0.230909	 	0.068422	 	
336000	-1.99678	 	1594.93	 	0.000675491	 	398.97	 	0.998423	 	50806	 	0.230227	 	0.0682857	 	
337000	-1.99678	 	1594.93	 	0.00067365	 	398.971	 	0.998426	 	50964	 	0.22955	 	0.0681537	 	
338000	-1.99679	 	1594.93	 	0.000671672	 	398.973	 	0.998429	 	51083	 	0.228876	 	0.0680088	 	
339000	-1.99679	 	1594.93	 	0.00067	 	398.974	 	0.998431	 	51195	 	0.228206	 	0.0678756	 	
340000	-1.99679	 	1594.94	 	0.000668574	 	398.976	 	0.998434	 	51305	 	0.227539	 	0.0677346	 	
341000	-1.99679	 	1594.94	 	0.000667185	 	398.977	 	0.998437	 	51433	 	0.226877	 	0.0676044	 	
342000	-1.99679	 	1594.94	 	0.000665658	 	398.978	 	0.998439	 	51539	 	0.22622	 	0.0674856	 	
343000	-1.99679	 	1594.94	 	0.000663601	 	398.979	 	0.998441	 	51707	 	0.225567	 	0.0673652	 	
344000	-1.99679	 	1594.94	 	0.000661933	 	398.981	 	0.998443	 	51855	 	0.224916	 	0.0672409	 	
345000	-1.99679	 	1594.94	 	0.000660261	 	398.982	 	0.998446	 	51985	 	0.224269	 	0.0671071	 	
346000	-1.99679	 	1594.94	 	0.000657991	 	398.983	 	0.998448	 	52133	 	0.223626	 	0.066982	 	
347000	-1.9968	 	1594.94	 	0.000655965	 	398.984	 	0.998451	 	52271	 	0.222987	 	0.0668555	 	
348000	-1.9968	 	1594.95	 	0.00065375	 	398.986	 	0.998453	 	52395	 	0.222351	 	0.0667185	 	
349000	-1.9968	 	1594.95	 	0.000651862	 	398.987	 	0.998455	 	52537	 	0.221719	 	0.0665969	 	
350000	-1.9968	 	1594.95	 	0.0006503	 	398.988	 	0.998458	 	52673	 	0.22109	 	0.0664673	 	
351000	-1.9968	 	1594.95	 	0.000648675	 	398.99	 	0.99846	 	52797	 	0.220466	 	0.0663484	 	
352000	-1.9968	 	1594.95	 	0.000647102	 	398.991	 	0.998462	 	52925	 	0.219845	 	0.0662329	 	
353000	-1.9968	 	1594.95	 	0.000644958	 	398.992	 	0.998464	 	53063	 	0.219228	 	0.066123	 	
354000	-1.9968	 	1594.95	 	0.000643107	 	398.993	 	0.998466	 	53201	 	0.218615	 	0.0660057	 	
355000	-1.9968	 	1594.95	 	0.000641324	 	398.994	 	0.998469	 	53341	 	0.218004	 	0.0658955	 	
356000	-1.9968	 	1594.95	 	0.000639607	 	398.995	 	0.998471	 	53481	 	0.217397	 	0.0657827	 	
357000	-1.9968	 	1594.95	 	0.000637927	 	398.996	 	0.998473	 	53615	 	0.216793	 	0.0656634	 	
358000	-1.9968	 	1594.96	 	0.00063595	 	398.998	 	0.998476	 	53737	 	0.216192	 	0.0655366	 	
359000	-1.99681	 	1594.96	 	0.000634401	 	398.999	 	0.998478	 	53871	 	0.215596	 	0.0654304	 	
360000	-1.99681	 	1594.96	 	0.00063325	 	399	 	0.99848	 	53987	 	0.215002	 	0.0653093	 	
361000	-1.99681	 	1594.96	 	0.000631108	 	399.001	 	0.998482	 	54141	 	0.214412	 	0.0651946	 	
362000	-1.99681	 	1594.96	 	0.000629572	 	399.002	 	0.998484	 	54272	 	0.213825	 	0.0650791	 	
363000	-1.99681	 	1594.97	 	0.000627741	 	399.004	 	0.998487	 	54421	 	0.213241	 	0.0649635	 	
364000	-1.99681	 	1594.97	 	0.000626058	 	399.005	 	0.998489	 	54559	 	0.212661	 	0.0648528	 	
365000	-1.99681	 	1594.97	 	0.000624247	 	399.006	 	0.998492	 	54709	 	0.212082	 	0.0647296	 	
366000	-1.99681	 	1594.97	 	0.000622555	 	399.007	 	0.998493	 	54891	 	0.211508	 	0.0646274	 	
367000	-1.99681	 	1594.97	 	0.000620886	 	399.008	 	0.998495	 	55039	 	0.210937	 	0.0645214	 	
368000	-1.99682	 	1594.97	 	0.000619538	 	399.009	 	0.998497	 	55177	 	0.210369	 	0.0644129	 	
369000	-1.99681	 	1594.97	 	0.000617371	 	399.01	 	0.998499	 	55357	 	0.209805	 	0.0643162	 	
370000	-1.99682	 	1594.97	 	0.000615716	 	399.011	 	0.998501	 	55485	 	0.209243	 	0.0642045	 	
371000	-1.99682	 	1594.98	 	0.000613706	 	399.012	 	0.998503	 	55663	 	0.208684	 	0.0640939	 	
372000	-1.99682	 	1594.98	 	0.000611949	 	399.014	 	0.998506	 	55809	 	0.208127	 	0.0639763	 	
373000	-1.99682	 	1594.98	 	0.00061063	 	399.015	 	0.998508	 	55937	 	0.207573	 	0.0638577	 	
374000	-1.99682	 	1594.98	 	0.000609265	 	399.016	 	0.99851	 	56039	 	0.207023	 	0.0637451	 	
375000	-1.99682	 	1594.99	 	0.000607893	 	399.017	 	0.998512	 	56163	 	0.206476	 	0.0636406	 	
376000	-1.99682	 	1594.99	 	0.000606104	 	399.018	 	0.998514	 	56331	 	0.205932	 	0.0635446	 	
377000	-1.99682	 	1594.99	 	0.000604151	 	399.019	 	0.998516	 	56480	 	0.205391	 	0.0634423	 	
378000	-1.99683	 	1594.99	 	0.000602659	 	399.02	 	0.998518	 	56587	 	0.204852	 	0.0633243	 	
379000	-1.99683	 	1594.99	 	0.000601082	 	399.021	 	0.99852	 	56729	 	0.204317	 	0.0632281	 	
380000	-1.99683	 	1594.99	 	0.000599618	 	399.023	 	0.998522	 	56877	 	0.203784	 	0.0631242	 	
381000	-1.99683	 	1595	 	0.000597966	 	399.024	 	0.998525	 	56993	 	0.203253	 	0.0630026	 	
382000	-1.99683	 	1595	 	0.000596531	 	399.025	 	0.998527	 	57143	 	0.202726	 	0.0629002	 	
383000	-1.99683	 	1595	 	0.000595157	 	399.026	 	0.998528	 	57303	 	0.202202	 	0.0628085	 	
384000	-1.99683	 	1595	 	0.000593555	 	399.027	 	0.99853	 	57442	 	0.20168	 	0.0627066	 	
385000	-1.99683	 	1595	 	0.000592234	 	399.028	 	0.998533	 	57569	 	0.20116	 	0.0625915	 	
386000	-1.99684	 	1595	 	0.000590674	 	399.029	 	0.998535	 	57718	 	0.200643	 	0.062493	 	
387000	-1.99684	 	1595.01	 	0.000589031	 	399.03	 	0.998537	 	57845	 	0.200129	 	0.0623835	 	
388000	-1.99684	 	1595.01	 	0.000587461	 	399.032	 	0.998539	 	57965	 	0.199618	 	0.0622799	 	
389000	-1.99684	 	1595.01	 	0.000585964	 	399.032	 	0.998541	 	58100	 	0.199109	 	0.0621817	 	
390000	-1.99684	 	1595.01	 	0.000584115	 	399.033	 	0.998542	 	58245	 	0.198604	 	0.0620915	 	
391000	-1.99684	 	1595.01	 	0.000583171	 	399.034	 	0.998544	 	58371	 	0.198101	 	0.0620028	 	
392000	-1.99684	 	1595.01	 	0.000581173	 	399.035	 	0.998546	 	58525	 	0.1976	 	0.061908	 	
393000	-1.99684	 	1595.01	 	0.000579911	 	399.036	 	0.998547	 	58681	 	0.197102	 	0.0618178	 	
394000	-1.99684	 	1595.01	 	0.000578566	 	399.037	 	0.998549	 	58831	 	0.196607	 	0.0617235	 	
395000	-1.99684	 	1595.01	 	0.000577215	 	399.038	 	0.998551	 	58959	 	0.196114	 	0.061627	 	
396000	-1.99684	 	1595.01	 	0.000576351	 	399.038	 	0.998552	 	59093	 	0.195624	 	0.0615509	 	
397000	-1.99684	 	1595.01	 	0.000575038	 	399.04	 	0.998554	 	59225	 	0.195135	 	0.0614396	 	
398000	-1.99684	 	1595.01	 	0.000573291	 	399.04	 	0.998556	 	59401	 	0.194649	 	0.0613406	 	
399000	-1.99684	 	1595.01	 	0.000572356	 	399.041	 	0.998558	 	59533	 	0.194166	 	0.0612498	 	
400000	-1.99684	 	1595.02	 	0.000570512	 	399.042	 	0.99856	 	59695	 	0.193685	 	0.0611542	 	
401000	-1.99685	 	1595.02	 	0.000569015	 	399.043	 	0.998562	 	59838	 	0.193206	 	0.0610531	 	
402000	-1.99685	 	1595.02	 	0.000567799	 	399.044	 	0.998564	 	59951	 	0.19273	 	0.0609625	 	
403000	-1.99685	 	1595.02	 	0.000566402	 	399.045	 	0.998565	 	60099	 	0.192255	 	0.0608637	 	
404000	-1.99685	 	1595.02	 	0.000565037	 	399.046	 	0.998567	 	60253	 	0.191785	 	0.0607923	 	
405000	-1.99685	 	1595.02	 	0.000563864	 	399.047	 	0.998568	 	60385	 	0.191316	 	0.0606972	 	
406000	-1.99685	 	1595.02	 	0.000562463	 	399.048	 	0.99857	 	60537	 	0.190849	 	0.0606034	 	
407000	-1.99685	 	1595.02	 	0.000561253	 	399.049	 	0.998572	 	60663	 	0.190384	 	0.0605135	 	
408000	-1.99685	 	1595.02	 	0.00055962	 	399.05	 	0.998574	 	60843	 	0.189923	 	0.0604306	 	
409000	-1.99685	 	1595.02	 	0.00055791	 	399.05	 	0.998575	 	60995	 	0.189463	 	0.0603408	 	
410000	-1.99685	 	1595.03	 	0.000556695	 	399.052	 	0.998577	 	61109	 	0.189005	 	0.0602467	 	
411000	-1.99685	 	1595.03	 	0.00055545	 	399.053	 	0.998579	 	61237	 	0.188548	 	0.0601459	 	
412000	-1.99685	 	1595.03	 	0.000554114	 	399.053	 	0.998581	 	61365	 	0.188095	 	0.0600634	 	
413000	-1.99685	 	1595.03	 	0.000553111	 	399.054	 	0.998582	 	61501	 	0.187644	 	0.0599766	 	
414000	-1.99685	 	1595.03	 	0.000551679	 	399.055	 	0.998584	 	61673	 	0.187196	 	0.0598925	 	
415000	-1.99686	 	1595.03	 	0.00055041	 	399.056	 	0.998586	 	61807	 	0.186749	 	0.0598082	 	
416000	-1.99686	 	1595.03	 	0.000549279	 	399.057	 	0.998587	 	61927	 	0.186304	 	0.059718	 	
417000	-1.99686	 	1595.03	 	0.000547854	 	399.058	 	0.998589	 	62093	 	0.185862	 	0.0596358	 	
418000	-1.99686	 	1595.03	 	0.000546316	 	399.059	 	0.99859	 	62241	 	0.185422	 	0.0595549	 	
419000	-1.99686	 	1595.03	 	0.000545143	 	399.059	 	0.998592	 	62353	 	0.184983	 	0.0594742	 	
420000	-1.99686	 	1595.04	 	0.000543476	 	399.06	 	0.998594	 	62517	 	0.184547	 	0.0593772	 	
421000	-1.99686	 	1595.04	 	0.000542423	 	399.061	 	0.998595	 	62641	 	0.184112	 	0.0592898	 	
422000	-1.99686	 	1595.04	 	0.000540924	 	399.062	 	0.998597	 	62791	 	0.18368	 	0.0592044	 	
423000	-1.99686	 	1595.04	 	0.000539527	 	399.063	 	0.998599	 	62927	 	0.18325	 	0.0591091	 	
424000	-1.99686	 	1595.04	 	0.000538526	 	399.064	 	0.9986	 	63083	 	0.182822	 	0.0590327	 	
425000	-1.99686	 	1595.04	 	0.000537318	 	399.064	 	0.998602	 	63236	 	0.182396	 	0.0589597	 	
426000	-1.99686	 	1595.04	 	0.000536068	 	399.066	 	0.998604	 	63358	 	0.181971	 	0.0588623	 	
427000	-1.99687	 	1595.05	 	0.000534906	 	399.067	 	0.998605	 	63470	 	0.181549	 	0.0587704	 	
428000	-1.99687	 	1595.05	 	0.000533633	 	399.068	 	0.998607	 	63623	 	0.181128	 	0.0586831	 	
429000	-1.99687	 	1595.05	 	0.000532191	 	399.069	 	0.998609	 	63787	 	0.18071	 	0.0586038	 	
430000	-1.99687	 	1595.05	 	0.000530826	 	399.069	 	0.99861	 	63973	 	0.180294	 	0.0585295	 	
431000	-1.99687	 	1595.05	 	0.000529582	 	399.07	 	0.998611	 	64119	 	0.179881	 	0.0584564	 	
432000	-1.99687	 	1595.05	 	0.000528299	 	399.071	 	0.998613	 	64257	 	0.179468	 	0.0583599	 	
433000	-1.99687	 	1595.05	 	0.000526871	 	399.072	 	0.998615	 	64397	 	0.179058	 	0.0582808	 	
434000	-1.99687	 	1595.06	 	0.000525599	 	399.073	 	0.998616	 	64591	 	0.178649	 	0.0581981	 	
435000	-1.99687	 	1595.06	 	0.000524483	 	399.073	 	0.998618	 	64743	 	0.178243	 	0.0581305	 	
436000	-1.99687	 	1595.06	 	0.000523177	 	399.074	 	0.99862	 	64887	 	0.177838	 	0.0580406	 	
437000	-1.99687	 	1595.06	 	0.000522231	 	399.075	 	0.998621	 	65041	 	0.177436	 	0.0579779	 	
438000	-1.99687	 	1595.06	 	0.000521267	 	399.076	 	0.998622	 	65169	 	0.177035	 	0.0578978	 	
439000	-1.99687	 	1595.06	 	0.000519989	 	399.076	 	0.998624	 	65307	 	0.176636	 	0.0578301	 	
440000	-1.99687	 	1595.06	 	0.000518886	 	399.077	 	0.998625	 	65453	 	0.176239	 	0.0577486	 	
441000	-1.99688	 	1595.06	 	0.00051763	 	399.078	 	0.998627	 	65600	 	0.175842	 	0.0576595	 	
442000	-1.99688	 	1595.06	 	0.000516165	 	399.079	 	0.998628	 	65763	 	0.175449	 	0.0575909	 	
443000	-1.99688	 	1595.06	 	0.000514966	 	399.08	 	0.99863	 	65911	 	0.175056	 	0.0575079	 	
444000	-1.99688	 	1595.07	 	0.00051375	 	399.081	 	0.998631	 	66052	 	0.174666	 	0.0574273	 	
445000	-1.99688	 	1595.06	 	0.000512618	 	399.081	 	0.998633	 	66216	 	0.174278	 	0.0573631	 	
446000	-1.99688	 	1595.07	 	0.000511525	 	399.082	 	0.998634	 	66360	 	0.173891	 	0.0572881	 	
447000	-1.99688	 	1595.07	 	0.00051028	 	399.082	 	0.998635	 	66514	 	0.173506	 	0.05722	 	
448000	-1.99688	 	1595.07	 	0.000509487	 	399.083	 	0.998637	 	66653	 	0.173124	 	0.0571532	 	
449000	-1.99688	 	1595.07	 	0.000507851	 	399.084	 	0.998638	 	66821	 	0.172742	 	0.0570802	 	
450000	-1.99688	 	1595.07	 	0.000506778	 	399.085	 	0.99864	 	66963	 	0.172361	 	0.0569969	 	
451000	-1.99688	 	1595.07	 	0.000505532	 	399.085	 	0.998641	 	67135	 	0.171983	 	0.0569237	 	
452000	-1.99688	 	1595.07	 	0.000504513	 	399.086	 	0.998642	 	67263	 	0.171606	 	0.0568434	 	
453000	-1.99688	 	1595.07	 	0.000503543	 	399.087	 	0.998644	 	67403	 	0.171231	 	0.0567668	 	
454000	-1.99688	 	1595.08	 	0.000502423	 	399.088	 	0.998646	 	67529	 	0.170857	 	0.0566836	 	
455000	-1.99688	 	1595.08	 	0.000501077	 	399.089	 	0.998647	 	67683	 	0.170485	 	0.0566104	 	
456000	-1.99688	 	1595.08	 	0.000500154	 	399.089	 	0.998648	 	67820	 	0.170116	 	0.0565445	 	
457000	-1.99689	 	1595.08	 	0.000499245	 	399.09	 	0.99865	 	67951	 	0.169747	 	0.0564664	 	
458000	-1.99688	 	1595.08	 	0.000498046	 	399.091	 	0.998651	 	68107	 	0.169381	 	0.0564073	 	
459000	-1.99688	 	1595.08	 	0.000497026	 	399.091	 	0.998652	 	68260	 	0.169015	 	0.0563364	 	
460000	-1.99689	 	1595.08	 	0.000495946	 	399.092	 	0.998653	 	68387	 	0.168651	 	0.0562627	 	
461000	-1.99689	 	1595.08	 	0.000494588	 	399.093	 	0.998655	 	68541	 	0.168289	 	0.0561923	 	
462000	-1.99689	 	1595.08	 	0.000493777	 	399.093	 	0.998656	 	68673	 	0.167929	 	0.0561203	 	
463000	-1.99689	 	1595.08	 	0.000492711	 	399.094	 	0.998658	 	68819	 	0.16757	 	0.0560471	 	
464000	-1.99689	 	1595.08	 	0.000491584	 	399.095	 	0.998659	 	68963	 	0.167212	 	0.0559677	 	
465000	-1.99689	 	1595.09	 	0.000490462	 	399.096	 	0.998661	 	69109	 	0.166855	 	0.0558885	 	
466000	-1.99689	 	1595.09	 	0.000489571	 	399.097	 	0.998662	 	69223	 	0.166501	 	0.0558162	 	
467000	-1.99689	 	1595.09	 	0.000488887	 	399.098	 	0.998664	 	69341	 	0.166148	 	0.0557401	 	
468000	-1.9969	 	1595.09	 	0.000488077	 	399.099	 	0.998665	 	69450	 	0.165796	 	0.0556653	 	
469000	-1.9969	 	1595.1	 	0.000486919	 	399.1	 	0.998667	 	69575	 	0.165445	 	0.0555801	 	
470000	-1.9969	 	1595.1	 	0.000485755	 	399.101	 	0.998668	 	69759	 	0.165097	 	0.0555218	 	
471000	-1.9969	 	1595.1	 	0.000485	 	399.101	 	0.99867	 	69907	 	0.164751	 	0.0554546	 	
472000	-1.9969	 	1595.1	 	0.000484057	 	399.102	 	0.998671	 	70037	 	0.164405	 	0.0553891	 	
473000	-1.9969	 	1595.1	 	0.000482896	 	399.102	 	0.998672	 	70203	 	0.164062	 	0.0553307	 	
474000	-1.9969	 	1595.1	 	0.000481635	 	399.103	 	0.998673	 	70349	 	0.163719	 	0.0552615	 	
475000	-1.9969	 	1595.1	 	0.000480242	 	399.104	 	0.998675	 	70537	 	0.163378	 	0.0551869	 	
476000	-1.9969	 	1595.1	 	0.000479559	 	399.104	 	0.998676	 	70661	 	0.163038	 	0.0551194	 	
477000	-1.9969	 	1595.1	 	0.000479057	 	399.105	 	0.998677	 	70767	 	0.162699	 	0.0550411	 	
478000	-1.9969	 	1595.11	 	0.000478023	 	399.106	 	0.998679	 	70905	 	0.162362	 	0.054969	 	
479000	-1.99691	 	1595.11	 	0.000477056	 	399.107	 	0.998681	 	71019	 	0.162026	 	0.0548926	 	
480000	-1.99691	 	1595.11	 	0.000475958	 	399.107	 	0.998681	 	71189	 	0.161692	 	0.0548383	 	
481000	-1.99691	 	1595.11	 	0.000475187	 	399.108	 	0.998682	 	71328	 	0.16136	 	0.0547782	 	
482000	-1.99691	 	1595.11	 	0.000474326	 	399.109	 	0.998684	 	71457	 	0.161028	 	0.0547055	 	
483000	-1.99691	 	1595.11	 	0.000473478	 	399.11	 	0.998685	 	71591	 	0.160698	 	0.054639	 	
484000	-1.99691	 	1595.11	 	0.0004722	 	399.11	 	0.998687	 	71755	 	0.16037	 	0.0545727	 	
485000	-1.99691	 	1595.11	 	0.000471423	 	399.111	 	0.998688	 	71863	 	0.160043	 	0.054501	 	
486000	-1.99691	 	1595.11	 	0.000470514	 	399.112	 	0.998689	 	72017	 	0.159717	 	0.0544372	 	
487000	-1.99691	 	1595.12	 	0.000469733	 	399.112	 	0.99869	 	72159	 	0.159392	 	0.0543727	 	
488000	-1.99691	 	1595.12	 	0.00046874	 	399.113	 	0.998692	 	72311	 	0.15907	 	0.0543111	 	
489000	-1.99691	 	1595.12	 	0.00046773	 	399.114	 	0.998693	 	72445	 	0.158748	 	0.0542486	 	
490000	-1.99691	 	1595.12	 	0.000466714	 	399.114	 	0.998694	 	72565	 	0.158427	 	0.0541786	 	
491000	-1.99691	 	1595.12	 	0.000465703	 	399.115	 	0.998695	 	72713	 	0.158108	 	0.0541279	 	
492000	-1.99691	 	1595.12	 	0.000464675	 	399.115	 	0.998696	 	72863	 	0.15779	 	0.0540679	 	
493000	-1.99691	 	1595.12	 	0.000463783	 	399.116	 	0.998697	 	73019	 	0.157474	 	0.0540071	 	
494000	-1.99691	 	1595.12	 	0.000462915	 	399.116	 	0.998698	 	73160	 	0.157159	 	0.0539485	 	
495000	-1.99691	 	1595.12	 	0.000461727	 	399.117	 	0.998699	 	73325	 	0.156845	 	0.0538873	 	
496000	-1.99691	 	1595.12	 	0.000461109	 	399.117	 	0.9987	 	73459	 	0.156532	 	0.0538337	 	
497000	-1.99691	 	1595.12	 	0.000460191	 	399.118	 	0.998702	 	73567	 	0.156221	 	0.0537722	 	
498000	-1.99691	 	1595.12	 	0.000459046	 	399.119	 	0.998703	 	73706	 	0.15591	 	0.0537067	 	
499000	-1.99692	 	1595.12	 	0.000457946	 	399.119	 	0.998704	 	73851	 	0.155601	 	0.0536402	 	
500000	-1.99692	 	1595.12	 	0.00045708	 	399.12	 	0.998705	 	73987	 	0.155292	 	0.0535755	 	
501000	-1.99692	 	1595.12	 	0.000456267	 	399.121	 	0.998707	 	74113	 	0.154986	 	0.0535117	 	
502000	-1.99692	 	1595.12	 	0.000455219	 	399.121	 	0.998708	 	74303	 	0.154681	 	0.0534597	 	
503000	-1.99692	 	1595.13	 	0.000454304	 	399.122	 	0.998709	 	74433	 	0.154376	 	0.0533974	 	
504000	-1.99692	 	1595.13	 	0.000453611	 	399.123	 	0.99871	 	74584	 	0.154073	 	0.053337	 	
505000	-1.99692	 	1595.13	 	0.000452752	 	399.123	 	0.998711	 	74715	 	0.153771	 	0.0532702	 	
506000	-1.99692	 	1595.13	 	0.00045167	 	399.124	 	0.998712	 	74855	 	0.15347	 	0.0532113	 	
507000	-1.99692	 	1595.13	 	0.000450483	 	399.125	 	0.998714	 	75013	 	0.15317	 	0.0531459	 	
508000	-1.99692	 	1595.13	 	0.000449783	 	399.125	 	0.998715	 	75127	 	0.152872	 	0.053081	 	
509000	-1.99692	 	1595.13	 	0.000448723	 	399.126	 	0.998716	 	75304	 	0.152575	 	0.0530275	 	
510000	-1.99692	 	1595.13	 	0.000447951	 	399.127	 	0.998717	 	75421	 	0.152279	 	0.0529607	 	
511000	-1.99692	 	1595.13	 	0.000447123	 	399.127	 	0.998718	 	75541	 	0.151984	 	0.0529002	 	
512000	-1.99692	 	1595.13	 	0.000446211	 	399.128	 	0.998719	 	75699	 	0.15169	 	0.0528414	 	
513000	-1.99692	 	1595.14	 	0.000444981	 	399.128	 	0.99872	 	75873	 	0.151398	 	0.0527836	 	
514000	-1.99693	 	1595.14	 	0.000444339	 	399.129	 	0.998722	 	76007	 	0.151107	 	0.0527261	 	
515000	-1.99693	 	1595.14	 	0.000443524	 	399.13	 	0.998723	 	76123	 	0.150816	 	0.0526543	 	
516000	-1.99693	 	1595.14	 	0.000442616	 	399.131	 	0.998724	 	76255	 	0.150526	 	0.0525923	 	
517000	-1.99693	 	1595.14	 	0.000441818	 	399.131	 	0.998725	 	76389	 	0.150238	 	0.0525363	 	
518000	-1.99693	 	1595.14	 	0.000440772	 	399.132	 	0.998726	 	76539	 	0.149951	 	0.0524765	 	
519000	-1.99693	 	1595.14	 	0.000439913	 	399.132	 	0.998728	 	76701	 	0.149666	 	0.052418	 	
520000	-1.99693	 	1595.14	 	0.000439519	 	399.133	 	0.998728	 	76845	 	0.149382	 	0.0523792	 	
521000	-1.99693	 	1595.14	 	0.000438762	 	399.133	 	0.998729	 	76979	 	0.149099	 	0.0523298	 	
522000	-1.99693	 	1595.14	 	0.000437682	 	399.134	 	0.99873	 	77115	 	0.148817	 	0.0522765	 	
523000	-1.99693	 	1595.14	 	0.000437199	 	399.134	 	0.998731	 	77255	 	0.148535	 	0.0522138	 	
524000	-1.99693	 	1595.15	 	0.000436307	 	399.135	 	0.998733	 	77407	 	0.148255	 	0.0521605	 	
525000	-1.99693	 	1595.15	 	0.000435114	 	399.135	 	0.998733	 	77573	 	0.147976	 	0.0521114	 	
526000	-1.99693	 	1595.15	 	0.000434202	 	399.136	 	0.998734	 	77719	 	0.147698	 	0.052055	 	
527000	-1.99693	 	1595.15	 	0.000433435	 	399.137	 	0.998736	 	77839	 	0.14742	 	0.0519931	 	
528000	-1.99693	 	1595.15	 	0.000432746	 	399.137	 	0.998737	 	77957	 	0.147145	 	0.0519427	 	
529000	-1.99693	 	1595.15	 	0.000432108	 	399.137	 	0.998737	 	78115	 	0.14687	 	0.051892	 	
530000	-1.99693	 	1595.15	 	0.000431443	 	399.138	 	0.998738	 	78277	 	0.146596	 	0.0518434	 	
531000	-1.99693	 	1595.15	 	0.00043064	 	399.138	 	0.998739	 	78437	 	0.146324	 	0.0518034	 	
532000	-1.99693	 	1595.15	 	0.000429718	 	399.139	 	0.99874	 	78587	 	0.146052	 	0.0517488	 	
533000	-1.99693	 	1595.15	 	0.000429034	 	399.139	 	0.998741	 	78715	 	0.145781	 	0.0516954	 	
534000	-1.99693	 	1595.15	 	0.000428127	 	399.14	 	0.998742	 	78869	 	0.145512	 	0.0516418	 	
535000	-1.99693	 	1595.15	 	0.000427514	 	399.14	 	0.998743	 	79041	 	0.145243	 	0.0515993	 	
536000	-1.99693	 	1595.15	 	0.000426362	 	399.141	 	0.998744	 	79211	 	0.144975	 	0.0515424	 	
537000	-1.99693	 	1595.15	 	0.000425689	 	399.141	 	0.998745	 	79333	 	0.144708	 	0.0514832	 	
538000	-1.99694	 	1595.15	 	0.000425139	 	399.142	 	0.998746	 	79447	 	0.144442	 	0.0514273	 	
539000	-1.99694	 	1595.15	 	0.000424592	 	399.143	 	0.998747	 	79569	 	0.144177	 	0.0513727	 	
540000	-1.99694	 	1595.15	 	0.000423935	 	399.143	 	0.998748	 	79693	 	0.143913	 	0.0513185	 	
541000	-1.99694	 	1595.15	 	0.000422957	 	399.144	 	0.998749	 	79877	 	0.14365	 	0.0512667	 	
542000	-1.99694	 	1595.15	 	0.000422445	 	399.144	 	0.99875	 	80021	 	0.143388	 	0.0512221	 	
543000	-1.99694	 	1595.15	 	0.000421639	 	399.144	 	0.998751	 	80183	 	0.143127	 	0.0511717	 	
544000	-1.99694	 	1595.15	 	0.000420772	 	399.145	 	0.998752	 	80323	 	0.142868	 	0.0511233	 	
545000	-1.99694	 	1595.15	 	0.000420119	 	399.145	 	0.998753	 	80469	 	0.142609	 	0.0510765	 	
546000	-1.99694	 	1595.15	 	0.00041946	 	399.146	 	0.998754	 	80613	 	0.142351	 	0.0510293	 	
547000	-1.99694	 	1595.15	 	0.000418739	 	399.146	 	0.998755	 	80775	 	0.142093	 	0.0509743	 	
548000	-1.99694	 	1595.15	 	0.000418084	 	399.147	 	0.998755	 	80939	 	0.141837	 	0.0509271	 	
549000	-1.99694	 	1595.16	 	0.00041704	 	399.147	 	0.998756	 	81097	 	0.141581	 	0.0508674	 	
550000	-1.99694	 	1595.16	 	0.0004156	 	399.148	 	0.998757	 	81296	 	0.141327	 	0.0508269	 	
551000	-1.99694	 	1595.16	 	0.000414701	 	399.148	 	0.998758	 	81443	 	0.141074	 	0.0507688	 	
552000	-1.99694	 	1595.16	 	0.00041385	 	399.149	 	0.998759	 	81585	 	0.140821	 	0.0507169	 	
553000	-1.99694	 	1595.16	 	0.000413183	 	399.15	 	0.99876	 	81715	 	0.140569	 	0.0506651	 	
554000	-1.99694	 	1595.16	 	0.000412518	 	399.15	 	0.998761	 	81849	 	0.140318	 	0.0506129	 	
555000	-1.99694	 	1595.16	 	0.000411514	 	399.15	 	0.998762	 	82027	 	0.140069	 	0.0505651	 	
556000	-1.99694	 	1595.16	 	0.000410935	 	399.151	 	0.998763	 	82181	 	0.139819	 	0.0505155	 	
557000	-1.99694	 	1595.16	 	0.000409964	 	399.151	 	0.998764	 	82303	 	0.139571	 	0.0504608	 	
558000	-1.99694	 	1595.16	 	0.000409301	 	399.152	 	0.998765	 	82436	 	0.139324	 	0.0504021	 	
559000	-1.99694	 	1595.17	 	0.000408497	 	399.153	 	0.998766	 	82571	 	0.139077	 	0.0503527	 	
560000	-1.99695	 	1595.17	 	0.000407741	 	399.153	 	0.998768	 	82700	 	0.138831	 	0.0502946	 	
561000	-1.99695	 	1595.17	 	0.000407121	 	399.154	 	0.998768	 	82879	 	0.138588	 	0.0502592	 	
562000	-1.99695	 	1595.17	 	0.000406415	 	399.154	 	0.998769	 	83013	 	0.138344	 	0.0502134	 	
563000	-1.99695	 	1595.17	 	0.00040571	 	399.155	 	0.99877	 	83141	 	0.138101	 	0.0501685	 	
564000	-1.99695	 	1595.17	 	0.000405177	 	399.155	 	0.998771	 	83280	 	0.137859	 	0.0501173	 	
565000	-1.99695	 	1595.17	 	0.000404788	 	399.155	 	0.998771	 	83419	 	0.137618	 	0.0500757	 	
566000	-1.99695	 	1595.17	 	0.000404072	 	399.156	 	0.998772	 	83575	 	0.137379	 	0.0500339	 	
567000	-1.99695	 	1595.17	 	0.000403333	 	399.156	 	0.998773	 	83725	 	0.137139	 	0.0499838	 	
568000	-1.99695	 	1595.17	 	0.000402799	 	399.157	 	0.998774	 	83853	 	0.1369	 	0.0499271	 	
569000	-1.99695	 	1595.17	 	0.000402223	 	399.157	 	0.998775	 	83995	 	0.136663	 	0.0498898	 	
570000	-1.99695	 	1595.17	 	0.000401702	 	399.157	 	0.998775	 	84151	 	0.136426	 	0.0498527	 	
571000	-1.99695	 	1595.17	 	0.000400911	 	399.158	 	0.998776	 	84303	 	0.136191	 	0.049809	 	
572000	-1.99695	 	1595.17	 	0.000400227	 	399.158	 	0.998777	 	84440	 	0.135955	 	0.0497574	 	
573000	-1.99695	 	1595.17	 	0.000399712	 	399.159	 	0.998778	 	84563	 	0.13572	 	0.0497024	 	
574000	-1.99695	 	1595.17	 	0.000399094	 	399.159	 	0.998779	 	84733	 	0.135487	 	0.0496613	 	
575000	-1.99695	 	1595.17	 	0.000398504	 	399.16	 	0.99878	 	84873	 	0.135254	 	0.0496085	 	
576000	-1.99695	 	1595.17	 	0.00039803	 	399.16	 	0.998781	 	85027	 	0.135022	 	0.0495689	 	
577000	-1.99695	 	1595.17	 	0.000397366	 	399.161	 	0.998782	 	85173	 	0.134791	 	0.049531	 	
578000	-1.99695	 	1595.17	 	0.000396497	 	399.161	 	0.998782	 	85353	 	0.134561	 	0.0494854	 	
579000	-1.99695	 	1595.17	 	0.000395501	 	399.161	 	0.998783	 	85511	 	0.134332	 	0.049454	 	
580000	-1.99695	 	1595.17	 	0.00039494	 	399.162	 	0.998784	 	85655	 	0.134104	 	0.0494122	 	
581000	-1.99695	 	1595.17	 	0.000394062	 	399.162	 	0.998785	 	85803	 	0.133876	 	0.0493682	 	
582000	-1.99695	 	1595.17	 	0.000393204	 	399.163	 	0.998785	 	85989	 	0.133649	 	0.0493282	 	
583000	-1.99695	 	1595.17	 	0.000392367	 	399.163	 	0.998786	 	86135	 	0.133422	 	0.0492792	 	
584000	-1.99695	 	1595.17	 	0.000391618	 	399.164	 	0.998787	 	86259	 	0.133196	 	0.0492287	 	
585000	-1.99695	 	1595.17	 	0.000390974	 	399.164	 	0.998788	 	86400	 	0.132971	 	0.0491837	 	
586000	-1.99695	 	1595.17	 	0.000390094	 	399.164	 	0.998789	 	86549	 	0.132747	 	0.0491462	 	
587000	-1.99695	 	1595.18	 	0.000389463	 	399.165	 	0.99879	 	86679	 	0.132524	 	0.0490967	 	
588000	-1.99695	 	1595.18	 	0.000388878	 	399.166	 	0.998791	 	86819	 	0.132301	 	0.0490498	 	
589000	-1.99695	 	1595.18	 	0.00038848	 	399.166	 	0.998792	 	86926	 	0.13208	 	0.0490178	 	
590000	-1.99695	 	1595.18	 	0.000387686	 	399.166	 	0.998792	 	87065	 	0.131859	 	0.0489701	 	
591000	-1.99695	 	1595.18	 	0.000387166	 	399.167	 	0.998793	 	87226	 	0.131639	 	0.0489318	 	
592000	-1.99695	 	1595.18	 	0.000386368	 	399.167	 	0.998794	 	87377	 	0.131419	 	0.0488878	 	
593000	-1.99695	 	1595.18	 	0.000385708	 	399.168	 	0.998795	 	87499	 	0.1312	 	0.0488373	 	
594000	-1.99695	 	1595.18	 	0.000384815	 	399.168	 	0.998796	 	87678	 	0.130982	 	0.0487996	 	
595000	-1.99695	 	1595.18	 	0.000383899	 	399.168	 	0.998796	 	87837	 	0.130765	 	0.0487565	 	
596000	-1.99696	 	1595.18	 	0.000383171	 	399.169	 	0.998797	 	87989	 	0.130548	 	0.0487133	 	
597000	-1.99695	 	1595.18	 	0.000382588	 	399.169	 	0.998798	 	88122	 	0.130332	 	0.0486742	 	
598000	-1.99696	 	1595.18	 	0.000381865	 	399.17	 	0.998799	 	88277	 	0.130117	 	0.0486325	 	
599000	-1.99696	 	1595.18	 	0.000381177	 	399.17	 	0.9988	 	88429	 	0.129903	 	0.0485917	 	
600000	-1.99696	 	1595.18	 	0.000380333	 	399.171	 	0.9988	 	88581	 	0.129689	 	0.0485472	 	
601000	-1.99696	 	1595.18	 	0.000379659	 	399.171	 	0.998801	 	88724	 	0.129476	 	0.0485058	 	
602000	-1.99696	 	1595.19	 	0.000379095	 	399.172	 	0.998802	 	88836	 	0.129263	 	0.0484537	 	
603000	-1.99696	 	1595.19	 	0.000378516	 	399.172	 	0.998803	 	88969	 	0.129051	 	0.0484104	 	
604000	-1.99696	 	1595.19	 	0.000377823	 	399.173	 	0.998804	 	89085	 	0.12884	 	0.0483634	 	
605000	-1.99696	 	1595.19	 	0.000377438	 	399.173	 	0.998805	 	89205	 	0.12863	 	0.0483199	 	
606000	-1.99696	 	1595.19	 	0.000376724	 	399.174	 	0.998806	 	89329	 	0.12842	 	0.0482758	 	
607000	-1.99696	 	1595.19	 	0.00037612	 	399.174	 	0.998807	 	89463	 	0.128211	 	0.0482316	 	
608000	-1.99696	 	1595.19	 	0.000375378	 	399.174	 	0.998807	 	89649	 	0.128003	 	0.0482015	 	
609000	-1.99696	 	1595.19	 	0.000374573	 	399.175	 	0.998808	 	89809	 	0.127796	 	0.0481556	 	
610000	-1.99696	 	1595.19	 	0.000373951	 	399.175	 	0.998809	 	89971	 	0.127589	 	0.0481201	 	
611000	-1.99696	 	1595.19	 	0.000373388	 	399.176	 	0.998809	 	90125	 	0.127383	 	0.0480802	 	
612000	-1.99696	 	1595.19	 	0.000372761	 	399.176	 	0.99881	 	90279	 	0.127178	 	0.0480406	 	
613000	-1.99696	 	1595.19	 	0.000371998	 	399.176	 	0.998811	 	90441	 	0.126973	 	0.0479985	 	
614000	-1.99696	 	1595.19	 	0.000371417	 	399.177	 	0.998812	 	90587	 	0.126769	 	0.0479586	 	
615000	-1.99696	 	1595.19	 	0.000370707	 	399.177	 	0.998813	 	90725	 	0.126565	 	0.0479144	 	
616000	-1.99696	 	1595.19	 	0.000370065	 	399.178	 	0.998813	 	90873	 	0.126362	 	0.0478699	 	
617000	-1.99696	 	1595.2	 	0.000369425	 	399.178	 	0.998814	 	91009	 	0.12616	 	0.0478301	 	
618000	-1.99697	 	1595.2	 	0.000368867	 	399.179	 	0.998815	 	91165	 	0.125958	 	0.0477873	 	
619000	-1.99697	 	1595.2	 	0.000368465	 	399.179	 	0.998816	 	91293	 	0.125757	 	0.0477452	 	
620000	-1.99697	 	1595.2	 	0.000367895	 	399.179	 	0.998817	 	91447	 	0.125557	 	0.0477048	 	
621000	-1.99697	 	1595.2	 	0.00036719	 	399.18	 	0.998817	 	91615	 	0.125358	 	0.0476751	 	
622000	-1.99697	 	1595.2	 	0.000366576	 	399.18	 	0.998818	 	91753	 	0.125159	 	0.0476293	 	
623000	-1.99697	 	1595.2	 	0.000365762	 	399.18	 	0.998819	 	91919	 	0.124961	 	0.0475924	 	
624000	-1.99697	 	1595.2	 	0.000365016	 	399.181	 	0.998819	 	92055	 	0.124763	 	0.0475506	 	
625000	-1.99697	 	1595.2	 	0.000364544	 	399.181	 	0.99882	 	92162	 	0.124566	 	0.0475105	 	
626000	-1.99697	 	1595.2	 	0.000363994	 	399.182	 	0.998821	 	92315	 	0.12437	 	0.0474747	 	
627000	-1.99697	 	1595.2	 	0.000363349	 	399.182	 	0.998822	 	92472	 	0.124174	 	0.047447	 	
628000	-1.99697	 	1595.2	 	0.000362962	 	399.183	 	0.998823	 	92599	 	0.123979	 	0.0473995	 	
629000	-1.99697	 	1595.2	 	0.000362385	 	399.183	 	0.998823	 	92715	 	0.123784	 	0.0473582	 	
630000	-1.99697	 	1595.2	 	0.000361984	 	399.183	 	0.998824	 	92840	 	0.12359	 	0.0473184	 	
631000	-1.99697	 	1595.2	 	0.000361616	 	399.184	 	0.998825	 	92951	 	0.123397	 	0.047283	 	
632000	-1.99697	 	1595.21	 	0.000361155	 	399.184	 	0.998826	 	93065	 	0.123204	 	0.0472397	 	
633000	-1.99697	 	1595.21	 	0.000360482	 	399.185	 	0.998827	 	93215	 	0.123012	 	0.0471974	 	
634000	-1.99697	 	1595.21	 	0.000359929	 	399.185	 	0.998827	 	93387	 	0.122821	 	0.0471672	 	
635000	-1.99697	 	1595.21	 	0.000359126	 	399.185	 	0.998828	 	93569	 	0.12263	 	0.0471312	 	
636000	-1.99697	 	1595.2	 	0.000358569	 	399.185	 	0.998828	 	93709	 	0.122441	 	0.0471053	 	
637000	-1.99697	 	1595.2	 	0.000358195	 	399.186	 	0.998829	 	93843	 	0.122251	 	0.0470691	 	
638000	-1.99697	 	1595.21	 	0.000357931	 	399.186	 	0.99883	 	93953	 	0.122062	 	0.0470282	 	
639000	-1.99697	 	1595.21	 	0.000357567	 	399.187	 	0.99883	 	94083	 	0.121874	 	0.0469892	 	
640000	-1.99697	 	1595.21	 	0.000356867	 	399.187	 	0.998831	 	94243	 	0.121686	 	0.0469618	 	
641000	-1.99697	 	1595.21	 	0.000356162	 	399.187	 	0.998831	 	94391	 	0.121499	 	0.0469243	 	
642000	-1.99697	 	1595.21	 	0.000355631	 	399.188	 	0.998832	 	94549	 	0.121312	 	0.0468789	 	
643000	-1.99697	 	1595.21	 	0.000355187	 	399.188	 	0.998833	 	94679	 	0.121126	 	0.0468404	 	
644000	-1.99697	 	1595.21	 	0.000354519	 	399.188	 	0.998834	 	94829	 	0.12094	 	0.046809	 	
645000	-1.99697	 	1595.21	 	0.000353876	 	399.189	 	0.998834	 	94984	 	0.120755	 	0.0467719	 	
646000	-1.99697	 	1595.21	 	0.000353282	 	399.189	 	0.998835	 	95127	 	0.120571	 	0.0467336	 	
647000	-1.99697	 	1595.21	 	0.000352658	 	399.19	 	0.998836	 	95255	 	0.120386	 	0.0466885	 	
648000	-1.99698	 	1595.21	 	0.000352207	 	399.19	 	0.998836	 	95399	 	0.120203	 	0.0466545	 	
649000	-1.99697	 	1595.21	 	0.000351957	 	399.19	 	0.998837	 	95524	 	0.120021	 	0.0466237	 	
650000	-1.99698	 	1595.21	 	0.000351369	 	399.191	 	0.998838	 	95666	 	0.119838	 	0.0465814	 	
651000	-1.99698	 	1595.21	 	0.000350722	 	399.191	 	0.998839	 	95790	 	0.119657	 	0.0465449	 	
652000	-1.99698	 	1595.21	 	0.000349954	 	399.191	 	0.998839	 	95973	 	0.119476	 	0.0465078	 	
653000	-1.99698	 	1595.21	 	0.000349296	 	399.192	 	0.99884	 	96144	 	0.119295	 	0.0464741	 	
654000	-1.99698	 	1595.21	 	0.000348746	 	399.192	 	0.998841	 	96290	 	0.119115	 	0.0464364	 	
655000	-1.99698	 	1595.21	 	0.000348252	 	399.193	 	0.998841	 	96417	 	0.118936	 	0.0463956	 	
656000	-1.99698	 	1595.21	 	0.000348072	 	399.193	 	0.998842	 	96576	 	0.118757	 	0.0463705	 	
657000	-1.99698	 	1595.21	 	0.000347565	 	399.193	 	0.998843	 	96708	 	0.118579	 	0.0463317	 	
658000	-1.99698	 	1595.21	 	0.000347158	 	399.193	 	0.998843	 	96859	 	0.118401	 	0.046298	 	
659000	-1.99698	 	1595.22	 	0.000346563	 	399.194	 	0.998844	 	96985	 	0.118224	 	0.0462599	 	
660000	-1.99698	 	1595.22	 	0.000346023	 	399.194	 	0.998845	 	97137	 	0.118047	 	0.0462239	 	
661000	-1.99698	 	1595.22	 	0.000345469	 	399.195	 	0.998845	 	97285	 	0.117871	 	0.0461883	 	
662000	-1.99698	 	1595.22	 	0.000345023	 	399.195	 	0.998846	 	97411	 	0.117695	 	0.0461457	 	
663000	-1.99698	 	1595.22	 	0.00034457	 	399.195	 	0.998847	 	97571	 	0.11752	 	0.0461168	 	
664000	-1.99698	 	1595.22	 	0.000343976	 	399.196	 	0.998847	 	97727	 	0.117346	 	0.0460807	 	
665000	-1.99698	 	1595.22	 	0.000343308	 	399.196	 	0.998848	 	97883	 	0.117172	 	0.0460474	 	
666000	-1.99698	 	1595.22	 	0.000342793	 	399.196	 	0.998848	 	98021	 	0.116998	 	0.0460162	 	
667000	-1.99698	 	1595.22	 	0.000342391	 	399.197	 	0.998849	 	98147	 	0.116825	 	0.0459745	 	
668000	-1.99698	 	1595.22	 	0.000342043	 	399.197	 	0.99885	 	98289	 	0.116652	 	0.0459371	 	
669000	-1.99698	 	1595.22	 	0.000341413	 	399.197	 	0.99885	 	98453	 	0.116481	 	0.0459085	 	
670000	-1.99698	 	1595.22	 	0.000340813	 	399.198	 	0.998851	 	98630	 	0.116309	 	0.0458708	 	
671000	-1.99698	 	1595.22	 	0.000340127	 	399.198	 	0.998852	 	98768	 	0.116138	 	0.0458325	 	
672000	-1.99698	 	1595.22	 	0.000339635	 	399.199	 	0.998853	 	98910	 	0.115967	 	0.0457977	 	
673000	-1.99698	 	1595.22	 	0.000339413	 	399.199	 	0.998853	 	99057	 	0.115798	 	0.0457774	 	
674000	-1.99698	 	1595.22	 	0.000338924	 	399.199	 	0.998854	 	99191	 	0.115628	 	0.0457381	 	
675000	-1.99698	 	1595.22	 	0.000338526	 	399.2	 	0.998855	 	99317	 	0.115459	 	0.0456999	 	
676000	-1.99698	 	1595.22	 	0.000338195	 	399.2	 	0.998855	 	99482	 	0.115291	 	0.0456698	 	
677000	-1.99698	 	1595.22	 	0.000337408	 	399.2	 	0.998855	 	99667	 	0.115124	 	0.0456443	 	
678000	-1.99698	 	1595.22	 	0.000336976	 	399.2	 	0.998856	 	99831	 	0.114957	 	0.0456168	 	
679000	-1.99698	 	1595.22	 	0.00033651	 	399.201	 	0.998857	 	99969	 	0.11479	 	0.0455832	 	
680000	-1.99698	 	1595.22	 	0.000336169	 	399.201	 	0.998857	 	100089	 	0.114623	 	0.0455504	 	
681000	-1.99698	 	1595.22	 	0.000335793	 	399.201	 	0.998858	 	100259	 	0.114458	 	0.0455289	 	
682000	-1.99698	 	1595.22	 	0.000335396	 	399.201	 	0.998858	 	100397	 	0.114293	 	0.0454972	 	
683000	-1.99698	 	1595.22	 	0.000334912	 	399.202	 	0.998859	 	100563	 	0.114129	 	0.0454685	 	
684000	-1.99698	 	1595.22	 	0.000334671	 	399.202	 	0.998859	 	100709	 	0.113965	 	0.0454454	 	
685000	-1.99698	 	1595.22	 	0.000334102	 	399.202	 	0.99886	 	100857	 	0.113801	 	0.0454088	 	
686000	-1.99698	 	1595.22	 	0.000333878	 	399.202	 	0.99886	 	100988	 	0.113637	 	0.0453814	 	
687000	-1.99698	 	1595.22	 	0.000333355	 	399.203	 	0.998861	 	101156	 	0.113475	 	0.0453535	 	
688000	-1.99698	 	1595.22	 	0.000332631	 	399.203	 	0.998861	 	101321	 	0.113312	 	0.0453248	 	
689000	-1.99698	 	1595.22	 	0.000332271	 	399.203	 	0.998862	 	101453	 	0.11315	 	0.0452858	 	
690000	-1.99699	 	1595.23	 	0.000331855	 	399.204	 	0.998863	 	101585	 	0.112988	 	0.0452449	 	
691000	-1.99699	 	1595.23	 	0.000331425	 	399.204	 	0.998864	 	101729	 	0.112827	 	0.045218	 	
692000	-1.99699	 	1595.23	 	0.00033099	 	399.204	 	0.998864	 	101897	 	0.112666	 	0.0451912	 	
693000	-1.99699	 	1595.23	 	0.000330325	 	399.205	 	0.998864	 	102048	 	0.112506	 	0.0451612	 	
694000	-1.99699	 	1595.23	 	0.000329733	 	399.205	 	0.998865	 	102205	 	0.112347	 	0.0451292	 	
695000	-1.99699	 	1595.23	 	0.000329309	 	399.205	 	0.998866	 	102331	 	0.112187	 	0.0451013	 	
696000	-1.99699	 	1595.23	 	0.000328908	 	399.205	 	0.998866	 	102477	 	0.112029	 	0.0450717	 	
697000	-1.99699	 	1595.23	 	0.000328515	 	399.206	 	0.998867	 	102631	 	0.111871	 	0.0450455	 	
698000	-1.99699	 	1595.23	 	0.000327901	 	399.206	 	0.998867	 	102765	 	0.111713	 	0.0450135	 	
699000	-1.99699	 	1595.23	 	0.000327575	 	399.206	 	0.998868	 	102867	 	0.111555	 	0.0449765	 	
700000	-1.99699	 	1595.23	 	0.000326986	 	399.207	 	0.998869	 	103004	 	0.111398	 	0.0449478	 	
701000	-1.99699	 	1595.23	 	0.000326484	 	399.207	 	0.998869	 	103155	 	0.111242	 	0.0449212	 	
702000	-1.99699	 	1595.23	 	0.000325926	 	399.207	 	0.99887	 	103297	 	0.111085	 	0.0448834	 	
703000	-1.99699	 	1595.23	 	0.000325405	 	399.208	 	0.99887	 	103453	 	0.110929	 	0.0448515	 	
704000	-1.99699	 	1595.23	 	0.000324794	 	399.208	 	0.998871	 	103605	 	0.110774	 	0.0448174	 	
705000	-1.99699	 	1595.23	 	0.000324504	 	399.208	 	0.998872	 	103727	 	0.110619	 	0.0447873	 	
706000	-1.99699	 	1595.23	 	0.000324221	 	399.209	 	0.998872	 	103845	 	0.110465	 	0.0447568	 	
707000	-1.99699	 	1595.23	 	0.000323628	 	399.209	 	0.998873	 	103993	 	0.11031	 	0.0447206	 	
708000	-1.99699	 	1595.23	 	0.000323355	 	399.21	 	0.998874	 	104117	 	0.110156	 	0.0446832	 	
709000	-1.99699	 	1595.23	 	0.000323124	 	399.21	 	0.998874	 	104269	 	0.110004	 	0.0446563	 	
710000	-1.99699	 	1595.23	 	0.000322662	 	399.21	 	0.998875	 	104413	 	0.109851	 	0.0446252	 	
711000	-1.99699	 	1595.23	 	0.000322187	 	399.21	 	0.998875	 	104569	 	0.109699	 	0.0445956	 	
712000	-1.99699	 	1595.24	 	0.000321671	 	399.211	 	0.998876	 	104743	 	0.109547	 	0.0445656	 	
713000	-1.99699	 	1595.24	 	0.000321171	 	399.211	 	0.998877	 	104888	 	0.109396	 	0.0445354	 	
714000	-1.99699	 	1595.24	 	0.000320623	 	399.211	 	0.998877	 	105031	 	0.109245	 	0.0445068	 	
715000	-1.99699	 	1595.24	 	0.000320133	 	399.212	 	0.998878	 	105195	 	0.109094	 	0.0444807	 	
716000	-1.99699	 	1595.24	 	0.00031993	 	399.212	 	0.998878	 	105339	 	0.108945	 	0.0444586	 	
717000	-1.99699	 	1595.24	 	0.000319477	 	399.212	 	0.998879	 	105479	 	0.108795	 	0.044428	 	
718000	-1.99699	 	1595.24	 	0.000319039	 	399.212	 	0.998879	 	105643	 	0.108646	 	0.0444041	 	
719000	-1.99699	 	1595.24	 	0.000318595	 	399.213	 	0.99888	 	105791	 	0.108497	 	0.0443751	 	
720000	-1.99699	 	1595.24	 	0.000317868	 	399.213	 	0.99888	 	105991	 	0.108349	 	0.0443463	 	
721000	-1.99699	 	1595.24	 	0.000317386	 	399.213	 	0.998881	 	106139	 	0.1082	 	0.0443116	 	
722000	-1.99699	 	1595.24	 	0.000317057	 	399.214	 	0.998881	 	106283	 	0.108053	 	0.0442845	 	
723000	-1.99699	 	1595.24	 	0.000316494	 	399.214	 	0.998882	 	106465	 	0.107906	 	0.0442593	 	
724000	-1.99699	 	1595.24	 	0.000316112	 	399.214	 	0.998882	 	106631	 	0.10776	 	0.0442401	 	
725000	-1.99699	 	1595.23	 	0.000315793	 	399.214	 	0.998882	 	106793	 	0.107613	 	0.0442133	 	
726000	-1.99699	 	1595.24	 	0.000315434	 	399.214	 	0.998883	 	106939	 	0.107467	 	0.0441778	 	
727000	-1.99699	 	1595.24	 	0.000315193	 	399.215	 	0.998884	 	107077	 	0.107321	 	0.0441475	 	
728000	-1.99699	 	1595.24	 	0.000314554	 	399.215	 	0.998884	 	107241	 	0.107176	 	0.0441126	 	
729000	-1.99699	 	1595.24	 	0.00031428	 	399.215	 	0.998885	 	107401	 	0.107031	 	0.0440864	 	
730000	-1.99699	 	1595.24	 	0.00031387	 	399.216	 	0.998885	 	107547	 	0.106887	 	0.0440573	 	
731000	-1.99699	 	1595.24	 	0.000313386	 	399.216	 	0.998886	 	107697	 	0.106743	 	0.0440309	 	
732000	-1.99699	 	1595.24	 	0.000312876	 	399.216	 	0.998886	 	107857	 	0.1066	 	0.0440071	 	
733000	-1.99699	 	1595.24	 	0.000312387	 	399.216	 	0.998887	 	108009	 	0.106456	 	0.0439758	 	
734000	-1.997	 	1595.24	 	0.000311785	 	399.217	 	0.998888	 	108139	 	0.106313	 	0.0439391	 	
735000	-1.997	 	1595.24	 	0.000311231	 	399.217	 	0.998888	 	108283	 	0.106171	 	0.0439144	 	
736000	-1.997	 	1595.24	 	0.000310856	 	399.217	 	0.998889	 	108411	 	0.106029	 	0.0438907	 	
737000	-1.997	 	1595.24	 	0.000310617	 	399.217	 	0.998889	 	108551	 	0.105887	 	0.0438658	 	
738000	-1.997	 	1595.24	 	0.000310068	 	399.218	 	0.998889	 	108707	 	0.105746	 	0.0438357	 	
739000	-1.997	 	1595.24	 	0.000309364	 	399.218	 	0.99889	 	108879	 	0.105605	 	0.0438122	 	
740000	-1.997	 	1595.24	 	0.000309108	 	399.218	 	0.99889	 	109025	 	0.105465	 	0.0437821	 	
741000	-1.997	 	1595.24	 	0.000308455	 	399.219	 	0.998891	 	109193	 	0.105324	 	0.0437539	 	
742000	-1.997	 	1595.24	 	0.000308026	 	399.219	 	0.998891	 	109359	 	0.105185	 	0.0437268	 	
743000	-1.997	 	1595.24	 	0.000307685	 	399.219	 	0.998892	 	109501	 	0.105045	 	0.0436973	 	
744000	-1.997	 	1595.24	 	0.000307379	 	399.219	 	0.998893	 	109641	 	0.104907	 	0.0436708	 	
745000	-1.997	 	1595.24	 	0.000306913	 	399.22	 	0.998893	 	109779	 	0.104768	 	0.0436431	 	
746000	-1.997	 	1595.24	 	0.000306535	 	399.22	 	0.998893	 	109925	 	0.10463	 	0.043624	 	
747000	-1.997	 	1595.24	 	0.000306058	 	399.22	 	0.998894	 	110081	 	0.104492	 	0.0435947	 	
748000	-1.997	 	1595.24	 	0.000305421	 	399.22	 	0.998894	 	110259	 	0.104355	 	0.0435723	 	
749000	-1.997	 	1595.24	 	0.000304993	 	399.221	 	0.998895	 	110395	 	0.104218	 	0.0435498	 	
750000	-1.997	 	1595.24	 	0.000304493	 	399.221	 	0.998895	 	110571	 	0.104082	 	0.0435312	 	
751000	-1.997	 	1595.24	 	0.000304101	 	399.221	 	0.998895	 	110709	 	0.103946	 	0.0435102	 	
752000	-1.997	 	1595.24	 	0.000303863	 	399.221	 	0.998896	 	110831	 	0.10381	 	0.043487	 	
753000	-1.997	 	1595.24	 	0.000303373	 	399.221	 	0.998897	 	110953	 	0.103674	 	0.0434534	 	
754000	-1.997	 	1595.24	 	0.000302944	 	399.222	 	0.998897	 	111097	 	0.103538	 	0.043424	 	
755000	-1.997	 	1595.24	 	0.000302523	 	399.222	 	0.998897	 	111277	 	0.103404	 	0.0434109	 	
756000	-1.997	 	1595.24	 	0.000302209	 	399.222	 	0.998898	 	111403	 	0.103269	 	0.0433811	 	
757000	-1.997	 	1595.24	 	0.000302034	 	399.222	 	0.998899	 	111519	 	0.103135	 	0.0433512	 	
758000	-1.997	 	1595.24	 	0.000301867	 	399.223	 	0.998899	 	111607	 	0.103001	 	0.0433216	 	
759000	-1.997	 	1595.24	 	0.00030141	 	399.223	 	0.998899	 	111785	 	0.102867	 	0.0433019	 	
760000	-1.997	 	1595.24	 	0.000300822	 	399.223	 	0.9989	 	111939	 	0.102734	 	0.0432734	 	
761000	-1.997	 	1595.24	 	0.000300361	 	399.223	 	0.9989	 	112081	 	0.102601	 	0.0432474	 	
762000	-1.997	 	1595.24	 	0.000299967	 	399.224	 	0.998901	 	112226	 	0.102469	 	0.0432284	 	
763000	-1.997	 	1595.24	 	0.000299469	 	399.224	 	0.998901	 	112367	 	0.102337	 	0.0431962	 	
764000	-1.997	 	1595.25	 	0.000299025	 	399.224	 	0.998902	 	112483	 	0.102205	 	0.043166	 	
765000	-1.997	 	1595.25	 	0.00029851	 	399.225	 	0.998903	 	112627	 	0.102073	 	0.0431407	 	
766000	-1.997	 	1595.25	 	0.000298081	 	399.225	 	0.998903	 	112762	 	0.101942	 	0.0431121	 	
767000	-1.997	 	1595.25	 	0.000297686	 	399.225	 	0.998904	 	112917	 	0.101811	 	0.043083	 	
768000	-1.997	 	1595.25	 	0.000297415	 	399.225	 	0.998904	 	113093	 	0.101681	 	0.0430641	 	
769000	-1.997	 	1595.25	 	0.000296977	 	399.225	 	0.998904	 	113233	 	0.101551	 	0.0430436	 	
770000	-1.997	 	1595.25	 	0.000296532	 	399.226	 	0.998905	 	113391	 	0.101422	 	0.0430184	 	
771000	-1.997	 	1595.24	 	0.000296271	 	399.226	 	0.998905	 	113559	 	0.101293	 	0.0430041	 	
772000	-1.997	 	1595.24	 	0.000295803	 	399.226	 	0.998905	 	113731	 	0.101164	 	0.0429831	 	
773000	-1.997	 	1595.24	 	0.000295201	 	399.226	 	0.998905	 	113909	 	0.101036	 	0.0429667	 	
774000	-1.997	 	1595.24	 	0.00029449	 	399.226	 	0.998906	 	114099	 	0.100907	 	0.042942	 	
775000	-1.997	 	1595.24	 	0.000294135	 	399.227	 	0.998907	 	114232	 	0.100779	 	0.0429097	 	
776000	-1.997	 	1595.25	 	0.000293718	 	399.227	 	0.998907	 	114385	 	0.100651	 	0.0428792	 	
777000	-1.997	 	1595.25	 	0.000293314	 	399.227	 	0.998908	 	114525	 	0.100523	 	0.0428515	 	
778000	-1.997	 	1595.25	 	0.000292956	 	399.227	 	0.998908	 	114671	 	0.100396	 	0.0428275	 	
779000	-1.997	 	1595.25	 	0.000292606	 	399.228	 	0.998909	 	114791	 	0.100269	 	0.0428003	 	
780000	-1.997	 	1595.25	 	0.000292224	 	399.228	 	0.998909	 	114957	 	0.100143	 	0.0427798	 	
781000	-1.997	 	1595.25	 	0.000291741	 	399.228	 	0.99891	 	115094	 	0.100016	 	0.0427553	 	
782000	-1.997	 	1595.25	 	0.0002914	 	399.228	 	0.99891	 	115224	 	0.0998903	 	0.0427277	 	
783000	-1.997	 	1595.25	 	0.00029099	 	399.229	 	0.99891	 	115379	 	0.0997649	 	0.042705	 	
784000	-1.997	 	1595.25	 	0.000290242	 	399.229	 	0.998911	 	115599	 	0.09964	 	0.0426857	 	
785000	-1.997	 	1595.25	 	0.000290038	 	399.229	 	0.998911	 	115715	 	0.0995148	 	0.042655	 	
786000	-1.997	 	1595.25	 	0.000289478	 	399.229	 	0.998912	 	115885	 	0.0993906	 	0.0426352	 	
787000	-1.997	 	1595.25	 	0.000288914	 	399.229	 	0.998912	 	116031	 	0.0992663	 	0.0426093	 	
788000	-1.997	 	1595.25	 	0.000288401	 	399.23	 	0.998913	 	116171	 	0.0991422	 	0.0425825	 	
789000	-1.997	 	1595.25	 	0.000288124	 	399.23	 	0.998913	 	116281	 	0.0990182	 	0.0425519	 	
790000	-1.997	 	1595.25	 	0.000288006	 	399.23	 	0.998914	 	116423	 	0.0988948	 	0.0425277	 	
791000	-1.997	 	1595.25	 	0.000287503	 	399.231	 	0.998914	 	116585	 	0.0987719	 	0.0425045	 	
792000	-1.997	 	1595.25	 	0.000287146	 	399.231	 	0.998915	 	116725	 	0.0986487	 	0.0424732	 	
793000	-1.997	 	1595.25	 	0.000286791	 	399.231	 	0.998915	 	116851	 	0.0985262	 	0.042447	 	
794000	-1.997	 	1595.25	 	0.000286429	 	399.232	 	0.998916	 	116991	 	0.0984038	 	0.0424168	 	
795000	-1.99701	 	1595.25	 	0.000286101	 	399.232	 	0.998917	 	117140	 	0.0982822	 	0.0423936	 	
796000	-1.99701	 	1595.25	 	0.000285785	 	399.232	 	0.998917	 	117283	 	0.0981608	 	0.042371	 	
797000	-1.99701	 	1595.25	 	0.000285301	 	399.232	 	0.998917	 	117455	 	0.0980397	 	0.0423487	 	
798000	-1.99701	 	1595.26	 	0.000284856	 	399.233	 	0.998918	 	117567	 	0.0979186	 	0.0423202	 	
799000	-1.99701	 	1595.26	 	0.000284531	 	399.233	 	0.998918	 	117711	 	0.097798	 	0.0422952	 	
800000	-1.99701	 	1595.26	 	0.000284281	 	399.233	 	0.998919	 	117856	 	0.0976779	 	0.0422737	 	
801000	-1.99701	 	1595.26	 	0.000283864	 	399.234	 	0.998919	 	118003	 	0.0975577	 	0.0422454	 	
802000	-1.99701	 	1595.26	 	0.000283292	 	399.234	 	0.99892	 	118180	 	0.0974387	 	0.0422304	 	
803000	-1.99701	 	1595.25	 	0.00028297	 	399.234	 	0.99892	 	118347	 	0.0973196	 	0.0422122	 	
804000	-1.99701	 	1595.26	 	0.000282438	 	399.234	 	0.99892	 	118501	 	0.0972003	 	0.0421841	 	
805000	-1.99701	 	1595.26	 	0.000282112	 	399.234	 	0.998921	 	118640	 	0.0970816	 	0.0421623	 	
806000	-1.99701	 	1595.26	 	0.000281873	 	399.235	 	0.998921	 	118769	 	0.0969629	 	0.0421361	 	
807000	-1.99701	 	1595.26	 	0.000281611	 	399.235	 	0.998922	 	118921	 	0.0968447	 	0.0421118	 	
808000	-1.99701	 	1595.26	 	0.00028125	 	399.235	 	0.998922	 	119077	 	0.0967271	 	0.0420929	 	
809000	-1.99701	 	1595.26	 	0.000280834	 	399.235	 	0.998923	 	119209	 	0.0966092	 	0.0420636	 	
810000	-1.99701	 	1595.26	 	0.000280284	 	399.235	 	0.998923	 	119389	 	0.0964923	 	0.042045	 	
811000	-1.99701	 	1595.26	 	0.000279846	 	399.236	 	0.998924	 	119544	 	0.0963752	 	0.0420205	 	
812000	-1.99701	 	1595.26	 	0.000279477	 	399.236	 	0.998924	 	119711	 	0.096259	 	0.0420055	 	
813000	-1.99701	 	1595.26	 	0.000279213	 	399.236	 	0.998924	 	119839	 	0.0961426	 	0.0419809	 	
814000	-1.99701	 	1595.26	 	0.000278894	 	399.236	 	0.998925	 	119988	 	0.0960263	 	0.0419548	 	
815000	-1.99701	 	1595.26	 	0.000278521	 	399.237	 	0.998925	 	120112	 	0.0959104	 	0.0419311	 	
816000	-1.99701	 	1595.26	 	0.00027807	 	399.237	 	0.998926	 	120257	 	0.0957948	 	0.0419067	 	
817000	-1.99701	 	1595.26	 	0.000277503	 	399.237	 	0.998926	 	120413	 	0.0956793	 	0.0418817	 	
818000	-1.99701	 	1595.26	 	0.000277078	 	399.237	 	0.998927	 	120561	 	0.0955642	 	0.0418588	 	
819000	-1.99701	 	1595.26	 	0.0002766	 	399.238	 	0.998927	 	120693	 	0.0954491	 	0.041831	 	
820000	-1.99701	 	1595.26	 	0.00027603	 	399.238	 	0.998928	 	120842	 	0.0953343	 	0.0418038	 	
821000	-1.99701	 	1595.26	 	0.00027581	 	399.238	 	0.998928	 	120983	 	0.09522	 	0.0417796	 	
822000	-1.99701	 	1595.26	 	0.00027542	 	399.239	 	0.998929	 	121111	 	0.0951059	 	0.0417547	 	
823000	-1.99701	 	1595.27	 	0.000275091	 	399.239	 	0.99893	 	121237	 	0.0949918	 	0.0417238	 	
824000	-1.99701	 	1595.27	 	0.000274885	 	399.239	 	0.99893	 	121389	 	0.0948786	 	0.0417029	 	
825000	-1.99701	 	1595.27	 	0.000274558	 	399.239	 	0.99893	 	121543	 	0.0947658	 	0.0416833	 	
826000	-1.99701	 	1595.27	 	0.000274328	 	399.24	 	0.998931	 	121685	 	0.0946533	 	0.041665	 	
827000	-1.99701	 	1595.27	 	0.000274027	 	399.24	 	0.998931	 	121807	 	0.0945407	 	0.0416431	 	
828000	-1.99701	 	1595.27	 	0.000273762	 	399.24	 	0.998932	 	121955	 	0.0944289	 	0.0416258	 	
829000	-1.99701	 	1595.27	 	0.000273444	 	399.24	 	0.998932	 	122071	 	0.0943169	 	0.0416025	 	
830000	-1.99702	 	1595.27	 	0.000273145	 	399.241	 	0.998933	 	122183	 	0.0942047	 	0.0415726	 	
831000	-1.99702	 	1595.27	 	0.00027275	 	399.241	 	0.998933	 	122311	 	0.0940931	 	0.0415462	 	
832000	-1.99702	 	1595.27	 	0.0002725	 	399.241	 	0.998934	 	122427	 	0.0939817	 	0.0415207	 	
833000	-1.99702	 	1595.27	 	0.000272335	 	399.242	 	0.998934	 	122531	 	0.0938704	 	0.0414928	 	
834000	-1.99702	 	1595.27	 	0.000272026	 	399.242	 	0.998935	 	122682	 	0.0937597	 	0.0414691	 	
835000	-1.99702	 	1595.27	 	0.000271743	 	399.242	 	0.998935	 	122815	 	0.0936492	 	0.0414465	 	
836000	-1.99702	 	1595.28	 	0.000271394	 	399.243	 	0.998936	 	122969	 	0.0935388	 	0.0414206	 	
837000	-1.99702	 	1595.28	 	0.000271045	 	399.243	 	0.998936	 	123122	 	0.093429	 	0.0414007	 	
838000	-1.99702	 	1595.28	 	0.000270943	 	399.243	 	0.998937	 	123255	 	0.0933193	 	0.0413784	 	
839000	-1.99702	 	1595.27	 	0.000270465	 	399.243	 	0.998937	 	123428	 	0.0932102	 	0.0413617	 	
840000	-1.99702	 	1595.27	 	0.000270149	 	399.243	 	0.998937	 	123585	 	0.0931013	 	0.0413411	 	
841000	-1.99702	 	1595.27	 	0.000269875	 	399.243	 	0.998938	 	123735	 	0.0929926	 	0.0413219	 	
842000	-1.99702	 	1595.27	 	0.000269578	 	399.244	 	0.998938	 	123877	 	0.0928841	 	0.0413031	 	
843000	-1.99702	 	1595.27	 	0.000269371	 	399.244	 	0.998938	 	124005	 	0.0927758	 	0.0412809	 	
844000	-1.99702	 	1595.28	 	0.000269123	 	399.244	 	0.998939	 	124137	 	0.0926677	 	0.0412579	 	
845000	-1.99702	 	1595.28	 	0.000268917	 	399.244	 	0.998939	 	124269	 	0.0925597	 	0.0412337	 	
846000	-1.99702	 	1595.28	 	0.0002688	 	399.245	 	0.99894	 	124374	 	0.0924519	 	0.0412079	 	
847000	-1.99702	 	1595.28	 	0.000268235	 	399.245	 	0.99894	 	124533	 	0.0923444	 	0.0411849	 	
848000	-1.99702	 	1595.28	 	0.000267936	 	399.245	 	0.998941	 	124661	 	0.0922372	 	0.0411603	 	
849000	-1.99702	 	1595.28	 	0.000267633	 	399.245	 	0.998941	 	124817	 	0.0921307	 	0.041137	 	
850000	-1.99702	 	1595.28	 	0.000267376	 	399.246	 	0.998942	 	124937	 	0.0920237	 	0.0411092	 	
851000	-1.99702	 	1595.28	 	0.000266898	 	399.246	 	0.998942	 	125067	 	0.0919172	 	0.0410854	 	
852000	-1.99702	 	1595.28	 	0.000266813	 	399.246	 	0.998943	 	125199	 	0.0918111	 	0.0410621	 	
853000	-1.99702	 	1595.28	 	0.000266565	 	399.246	 	0.998943	 	125357	 	0.0917054	 	0.0410446	 	
854000	-1.99702	 	1595.28	 	0.000266124	 	399.247	 	0.998943	 	125499	 	0.0916001	 	0.0410254	 	
855000	-1.99702	 	1595.28	 	0.000265766	 	399.247	 	0.998944	 	125645	 	0.0914947	 	0.0410035	 	
856000	-1.99702	 	1595.28	 	0.000265485	 	399.247	 	0.998944	 	125795	 	0.0913904	 	0.0409907	 	
857000	-1.99702	 	1595.28	 	0.000265152	 	399.247	 	0.998944	 	125933	 	0.0912853	 	0.0409642	 	
858000	-1.99702	 	1595.28	 	0.000264988	 	399.247	 	0.998945	 	126068	 	0.0911809	 	0.0409459	 	
859000	-1.99702	 	1595.28	 	0.00026475	 	399.247	 	0.998945	 	126209	 	0.0910768	 	0.0409294	 	
860000	-1.99702	 	1595.28	 	0.000264477	 	399.248	 	0.998945	 	126391	 	0.0909731	 	0.0409127	 	
861000	-1.99702	 	1595.28	 	0.000264135	 	399.248	 	0.998946	 	126541	 	0.0908694	 	0.0408948	 	
862000	-1.99702	 	1595.28	 	0.000263997	 	399.248	 	0.998946	 	126655	 	0.0907659	 	0.0408739	 	
863000	-1.99702	 	1595.28	 	0.000263812	 	399.248	 	0.998947	 	126795	 	0.0906622	 	0.0408475	 	
864000	-1.99702	 	1595.28	 	0.000263449	 	399.248	 	0.998947	 	126961	 	0.0905593	 	0.0408308	 	
865000	-1.99702	 	1595.28	 	0.000263179	 	399.249	 	0.998947	 	127111	 	0.0904563	 	0.0408085	 	
866000	-1.99702	 	1595.28	 	0.000262841	 	399.249	 	0.998948	 	127268	 	0.0903538	 	0.0407905	 	
867000	-1.99702	 	1595.28	 	0.000262486	 	399.249	 	0.998948	 	127417	 	0.0902514	 	0.0407689	 	
868000	-1.99702	 	1595.28	 	0.000262224	 	399.249	 	0.998948	 	127557	 	0.0901495	 	0.0407474	 	
869000	-1.99703	 	1595.28	 	0.000261916	 	399.25	 	0.998949	 	127669	 	0.0900475	 	0.0407254	 	
870000	-1.99703	 	1595.29	 	0.000261672	 	399.25	 	0.998949	 	127784	 	0.0899455	 	0.0406986	 	
871000	-1.99703	 	1595.29	 	0.000261338	 	399.25	 	0.99895	 	127939	 	0.089844	 	0.0406793	 	
872000	-1.99703	 	1595.29	 	0.000261175	 	399.25	 	0.99895	 	128069	 	0.0897429	 	0.0406621	 	
873000	-1.99703	 	1595.29	 	0.000260836	 	399.25	 	0.99895	 	128223	 	0.0896421	 	0.0406462	 	
874000	-1.99703	 	1595.29	 	0.000260532	 	399.251	 	0.998951	 	128377	 	0.0895413	 	0.0406257	 	
875000	-1.99703	 	1595.28	 	0.000260371	 	399.251	 	0.998951	 	128541	 	0.0894414	 	0.0406127	 	
876000	-1.99703	 	1595.28	 	0.000259932	 	399.251	 	0.998951	 	128711	 	0.0893412	 	0.0405938	 	
877000	-1.99703	 	1595.29	 	0.00025955	 	399.251	 	0.998952	 	128855	 	0.0892408	 	0.0405697	 	
878000	-1.99703	 	1595.29	 	0.0002591	 	399.251	 	0.998952	 	129019	 	0.0891412	 	0.0405534	 	
879000	-1.99703	 	1595.29	 	0.000258732	 	399.251	 	0.998953	 	129197	 	0.0890417	 	0.0405343	 	
880000	-1.99703	 	1595.28	 	0.000258477	 	399.252	 	0.998953	 	129344	 	0.0889429	 	0.0405246	 	
881000	-1.99703	 	1595.29	 	0.000258218	 	399.252	 	0.998953	 	129465	 	0.0888436	 	0.0405021	 	
882000	-1.99703	 	1595.28	 	0.000258129	 	399.252	 	0.998953	 	129627	 	0.0887451	 	0.0404914	 	
883000	-1.99702	 	1595.28	 	0.000258143	 	399.252	 	0.998953	 	129749	 	0.0886466	 	0.0404742	 	
884000	-1.99702	 	1595.28	 	0.000257969	 	399.252	 	0.998954	 	129865	 	0.0885481	 	0.0404538	 	
885000	-1.99703	 	1595.28	 	0.000257774	 	399.252	 	0.998954	 	130003	 	0.0884498	 	0.0404332	 	
886000	-1.99703	 	1595.29	 	0.000257517	 	399.253	 	0.998955	 	130115	 	0.0883515	 	0.0404101	 	
887000	-1.99703	 	1595.29	 	0.000257029	 	399.253	 	0.998955	 	130285	 	0.0882537	 	0.0403908	 	
888000	-1.99703	 	1595.29	 	0.000256717	 	399.253	 	0.998955	 	130427	 	0.0881561	 	0.0403718	 	
889000	-1.99703	 	1595.29	 	0.000256226	 	399.253	 	0.998956	 	130607	 	0.0880588	 	0.0403539	 	
890000	-1.99703	 	1595.29	 	0.000255978	 	399.253	 	0.998956	 	130763	 	0.0879618	 	0.0403373	 	
891000	-1.99703	 	1595.29	 	0.000255746	 	399.253	 	0.998956	 	130881	 	0.087865	 	0.0403203	 	
892000	-1.99703	 	1595.29	 	0.000255645	 	399.254	 	0.998957	 	131004	 	0.0877682	 	0.0402999	 	
893000	-1.99703	 	1595.29	 	0.000255498	 	399.254	 	0.998957	 	131139	 	0.0876714	 	0.0402766	 	
894000	-1.99703	 	1595.29	 	0.000255173	 	399.254	 	0.998958	 	131271	 	0.0875748	 	0.0402537	 	
895000	-1.99703	 	1595.29	 	0.000254916	 	399.254	 	0.998958	 	131411	 	0.0874788	 	0.0402369	 	
896000	-1.99703	 	1595.29	 	0.000254598	 	399.255	 	0.998959	 	131553	 	0.0873827	 	0.0402151	 	
897000	-1.99703	 	1595.29	 	0.000254253	 	399.255	 	0.998959	 	131679	 	0.0872874	 	0.0401956	 	
898000	-1.99703	 	1595.29	 	0.000254159	 	399.255	 	0.998959	 	131803	 	0.0871921	 	0.0401762	 	
899000	-1.99703	 	1595.29	 	0.000253737	 	399.255	 	0.99896	 	131965	 	0.0870973	 	0.0401632	 	
900000	-1.99703	 	1595.29	 	0.000253433	 	399.255	 	0.99896	 	132093	 	0.0870023	 	0.0401456	 	
901000	-1.99703	 	1595.29	 	0.000253285	 	399.256	 	0.99896	 	132201	 	0.0869073	 	0.0401232	 	
902000	-1.99703	 	1595.29	 	0.000252971	 	399.256	 	0.998961	 	132311	 	0.0868125	 	0.0401015	 	
903000	-1.99703	 	1595.29	 	0.000252663	 	399.256	 	0.998961	 	132462	 	0.0867182	 	0.0400837	 	
904000	-1.99703	 	1595.29	 	0.000252351	 	399.256	 	0.998962	 	132609	 	0.0866244	 	0.0400659	 	
905000	-1.99703	 	1595.29	 	0.000252077	 	399.256	 	0.998962	 	132773	 	0.0865307	 	0.04005	 	
906000	-1.99703	 	1595.29	 	0.000251799	 	399.257	 	0.998962	 	132913	 	0.0864369	 	0.04003	 	
907000	-1.99703	 	1595.29	 	0.000251577	 	399.257	 	0.998963	 	133039	 	0.0863431	 	0.0400085	 	
908000	-1.99703	 	1595.29	 	0.000251316	 	399.257	 	0.998963	 	133209	 	0.0862504	 	0.0399981	 	
909000	-1.99703	 	1595.29	 	0.000250941	 	399.257	 	0.998963	 	133339	 	0.0861572	 	0.0399793	 	
910000	-1.99703	 	1595.29	 	0.000250901	 	399.257	 	0.998964	 	133471	 	0.0860643	 	0.0399603	 	
911000	-1.99703	 	1595.29	 	0.000250565	 	399.257	 	0.998964	 	133623	 	0.0859716	 	0.0399427	 	
912000	-1.99703	 	1595.29	 	0.000250115	 	399.258	 	0.998964	 	133787	 	0.085879	 	0.0399246	 	
913000	-1.99703	 	1595.29	 	0.000249775	 	399.258	 	0.998965	 	133907	 	0.0857861	 	0.0398975	 	
914000	-1.99703	 	1595.29	 	0.00024942	 	399.258	 	0.998965	 	134061	 	0.0856943	 	0.039884	 	
915000	-1.99703	 	1595.29	 	0.000249137	 	399.258	 	0.998965	 	134207	 	0.0856023	 	0.0398641	 	
916000	-1.99703	 	1595.29	 	0.000248641	 	399.258	 	0.998965	 	134412	 	0.0855108	 	0.0398487	 	
917000	-1.99703	 	1595.29	 	0.000248348	 	399.259	 	0.998966	 	134535	 	0.0854189	 	0.0398246	 	
918000	-1.99703	 	1595.29	 	0.00024793	 	399.259	 	0.998966	 	134661	 	0.0853277	 	0.039807	 	
919000	-1.99703	 	1595.29	 	0.000247606	 	399.259	 	0.998966	 	134835	 	0.0852369	 	0.0397947	 	
920000	-1.99703	 	1595.29	 	0.000247304	 	399.259	 	0.998967	 	134997	 	0.0851465	 	0.0397844	 	
921000	-1.99703	 	1595.29	 	0.000246933	 	399.259	 	0.998967	 	135160	 	0.0850555	 	0.0397636	 	
922000	-1.99703	 	1595.29	 	0.000246643	 	399.259	 	0.998967	 	135301	 	0.0849649	 	0.0397452	 	
923000	-1.99703	 	1595.29	 	0.000246419	 	399.259	 	0.998968	 	135433	 	0.0848746	 	0.0397269	 	
924000	-1.99703	 	1595.29	 	0.000246142	 	399.26	 	0.998968	 	135569	 	0.0847845	 	0.0397107	 	
925000	-1.99703	 	1595.29	 	0.000245859	 	399.26	 	0.998968	 	135719	 	0.084695	 	0.039699	 	
926000	-1.99703	 	1595.29	 	0.000245832	 	399.26	 	0.998969	 	135831	 	0.0846049	 	0.0396744	 	
927000	-1.99703	 	1595.29	 	0.000245545	 	399.26	 	0.998969	 	135997	 	0.0845154	 	0.0396588	 	
928000	-1.99703	 	1595.3	 	0.000245178	 	399.26	 	0.998969	 	136135	 	0.0844257	 	0.0396355	 	
929000	-1.99703	 	1595.3	 	0.00024493	 	399.261	 	0.99897	 	136259	 	0.0843363	 	0.0396153	 	
930000	-1.99703	 	1595.3	 	0.000244672	 	399.261	 	0.99897	 	136415	 	0.0842475	 	0.0396016	 	
931000	-1.99703	 	1595.3	 	0.000244452	 	399.261	 	0.99897	 	136543	 	0.0841584	 	0.0395801	 	
932000	-1.99703	 	1595.3	 	0.000244099	 	399.261	 	0.998971	 	136687	 	0.0840697	 	0.0395606	 	
933000	-1.99703	 	1595.3	 	0.000243778	 	399.261	 	0.998971	 	136871	 	0.0839818	 	0.0395483	 	
934000	-1.99703	 	1595.3	 	0.000243485	 	399.261	 	0.998971	 	137045	 	0.0838945	 	0.0395396	 	
935000	-1.99703	 	1595.3	 	0.000243075	 	399.261	 	0.998971	 	137217	 	0.0838066	 	0.0395249	 	
936000	-1.99703	 	1595.3	 	0.000242874	 	399.262	 	0.998972	 	137353	 	0.0837187	 	0.0395054	 	
937000	-1.99703	 	1595.3	 	0.000242812	 	399.262	 	0.998972	 	137455	 	0.083631	 	0.0394878	 	
938000	-1.99703	 	1595.3	 	0.000242623	 	399.262	 	0.998973	 	137579	 	0.0835435	 	0.0394701	 	
939000	-1.99703	 	1595.3	 	0.000242268	 	399.262	 	0.998973	 	137751	 	0.0834561	 	0.0394518	 	
940000	-1.99703	 	1595.3	 	0.000241835	 	399.262	 	0.998973	 	137909	 	0.0833692	 	0.0394392	 	
941000	-1.99703	 	1595.3	 	0.000241711	 	399.263	 	0.998974	 	138021	 	0.0832824	 	0.0394199	 	
942000	-1.99703	 	1595.3	 	0.000241523	 	399.263	 	0.998974	 	138137	 	0.0831955	 	0.0394003	 	
943000	-1.99703	 	1595.3	 	0.000241331	 	399.263	 	0.998974	 	138259	 	0.0831092	 	0.0393858	 	
944000	-1.99703	 	1595.3	 	0.000241022	 	399.263	 	0.998974	 	138389	 	0.0830233	 	0.039374	 	
945000	-1.99703	 	1595.3	 	0.000240825	 	399.263	 	0.998975	 	138537	 	0.0829372	 	0.0393571	 	
946000	-1.99703	 	1595.3	 	0.000240761	 	399.263	 	0.998975	 	138669	 	0.0828511	 	0.0393377	 	
947000	-1.99703	 	1595.3	 	0.000240681	 	399.263	 	0.998975	 	138815	 	0.0827655	 	0.039325	 	
948000	-1.99703	 	1595.3	 	0.000240396	 	399.263	 	0.998975	 	138977	 	0.0826801	 	0.0393111	 	
949000	-1.99703	 	1595.3	 	0.000239995	 	399.264	 	0.998976	 	139137	 	0.0825944	 	0.0392885	 	
950000	-1.99704	 	1595.3	 	0.000239711	 	399.264	 	0.998976	 	139287	 	0.082509	 	0.0392682	 	
951000	-1.99704	 	1595.3	 	0.000239522	 	399.264	 	0.998977	 	139419	 	0.0824236	 	0.0392474	 	
952000	-1.99704	 	1595.3	 	0.000239359	 	399.264	 	0.998977	 	139563	 	0.0823391	 	0.0392367	 	
953000	-1.99704	 	1595.3	 	0.000239134	 	399.265	 	0.998977	 	139665	 	0.0822544	 	0.0392203	 	
954000	-1.99703	 	1595.3	 	0.000239104	 	399.265	 	0.998977	 	139810	 	0.0821703	 	0.0392104	 	
955000	-1.99704	 	1595.3	 	0.000238969	 	399.265	 	0.998978	 	139921	 	0.0820856	 	0.0391903	 	
956000	-1.99704	 	1595.3	 	0.000238771	 	399.265	 	0.998978	 	140085	 	0.0820015	 	0.0391746	 	
957000	-1.99704	 	1595.3	 	0.000238365	 	399.265	 	0.998978	 	140239	 	0.0819178	 	0.0391634	 	
958000	-1.99703	 	1595.3	 	0.000237996	 	399.265	 	0.998978	 	140415	 	0.0818343	 	0.0391499	 	
959000	-1.99704	 	1595.3	 	0.000237706	 	399.265	 	0.998979	 	140553	 	0.0817505	 	0.039131	 	
960000	-1.99704	 	1595.3	 	0.000237375	 	399.265	 	0.998979	 	140702	 	0.0816668	 	0.0391118	 	
961000	-1.99704	 	1595.3	 	0.000237138	 	399.265	 	0.998979	 	140885	 	0.0815839	 	0.0391012	 	
962000	-1.99704	 	1595.3	 	0.000236856	 	399.266	 	0.99898	 	141025	 	0.0815005	 	0.0390806	 	
963000	-1.99704	 	1595.3	 	0.000236698	 	399.266	 	0.99898	 	141148	 	0.0814175	 	0.0390646	 	
964000	-1.99704	 	1595.3	 	0.000236442	 	399.266	 	0.99898	 	141289	 	0.0813346	 	0.0390468	 	
965000	-1.99704	 	1595.3	 	0.000236316	 	399.266	 	0.998981	 	141445	 	0.0812519	 	0.0390305	 	
966000	-1.99704	 	1595.3	 	0.000236154	 	399.266	 	0.998981	 	141579	 	0.0811693	 	0.0390128	 	
967000	-1.99704	 	1595.3	 	0.000235905	 	399.267	 	0.998981	 	141709	 	0.0810869	 	0.0389951	 	
968000	-1.99704	 	1595.3	 	0.000235589	 	399.267	 	0.998982	 	141865	 	0.0810048	 	0.0389797	 	
969000	-1.99704	 	1595.3	 	0.00023549	 	399.267	 	0.998982	 	141991	 	0.0809232	 	0.0389696	 	
970000	-1.99704	 	1595.3	 	0.000235284	 	399.267	 	0.998982	 	142121	 	0.0808412	 	0.0389499	 	
971000	-1.99704	 	1595.3	 	0.000234907	 	399.267	 	0.998983	 	142267	 	0.0807595	 	0.0389313	 	
972000	-1.99704	 	1595.3	 	0.000234537	 	399.267	 	0.998983	 	142457	 	0.0806787	 	0.0389235	 	
973000	-1.99704	 	1595.3	 	0.000234203	 	399.268	 	0.998983	 	142585	 	0.0805971	 	0.0389038	 	
974000	-1.99704	 	1595.3	 	0.000233896	 	399.268	 	0.998983	 	142735	 	0.0805161	 	0.0388894	 	
975000	-1.99704	 	1595.3	 	0.000233667	 	399.268	 	0.998983	 	142893	 	0.0804357	 	0.0388822	 	
976000	-1.99704	 	1595.3	 	0.000233478	 	399.268	 	0.998984	 	143043	 	0.080355	 	0.0388668	 	
977000	-1.99704	 	1595.3	 	0.000233183	 	399.268	 	0.998984	 	143199	 	0.0802746	 	0.0388547	 	
978000	-1.99704	 	1595.3	 	0.000232919	 	399.268	 	0.998984	 	143369	 	0.0801947	 	0.0388453	 	
979000	-1.99704	 	1595.3	 	0.000232845	 	399.268	 	0.998984	 	143517	 	0.0801144	 	0.0388304	 	
980000	-1.99704	 	1595.3	 	0.000232653	 	399.268	 	0.998985	 	143633	 	0.0800341	 	0.0388115	 	
981000	-1.99704	 	1595.3	 	0.000232467	 	399.268	 	0.998985	 	143773	 	0.0799541	 	0.0387959	 	
982000	-1.99704	 	1595.3	 	0.00023221	 	399.269	 	0.998985	 	143921	 	0.0798741	 	0.0387773	 	
983000	-1.99704	 	1595.3	 	0.000231821	 	399.269	 	0.998986	 	144090	 	0.0797944	 	0.0387606	 	
984000	-1.99704	 	1595.3	 	0.000231509	 	399.269	 	0.998986	 	144229	 	0.0797148	 	0.0387436	 	
985000	-1.99704	 	1595.3	 	0.000231152	 	399.269	 	0.998986	 	144365	 	0.0796354	 	0.0387263	 	
986000	-1.99704	 	1595.3	 	0.000230923	 	399.269	 	0.998987	 	144507	 	0.0795561	 	0.0387079	 	
987000	-1.99704	 	1595.3	 	0.000230522	 	399.269	 	0.998987	 	144655	 	0.0794773	 	0.0386956	 	
988000	-1.99704	 	1595.3	 	0.000230364	 	399.269	 	0.998987	 	144811	 	0.0793986	 	0.038682	 	
989000	-1.99704	 	1595.3	 	0.000230192	 	399.27	 	0.998987	 	144953	 	0.0793199	 	0.038667	 	
990000	-1.99704	 	1595.3	 	0.000229838	 	399.27	 	0.998988	 	145095	 	0.0792415	 	0.0386514	 	
991000	-1.99704	 	1595.3	 	0.000229541	 	399.27	 	0.998988	 	145229	 	0.0791628	 	0.0386321	 	
992000	-1.99704	 	1595.3	 	0.000229355	 	399.27	 	0.998988	 	145360	 	0.0790846	 	0.038615	 	
993000	-1.99704	 	1595.3	 	0.00022927	 	399.27	 	0.998989	 	145510	 	0.0790066	 	0.0386014	 	
994000	-1.99704	 	1595.3	 	0.000229034	 	399.27	 	0.998989	 	145645	 	0.0789288	 	0.038585	 	
995000	-1.99704	 	1595.3	 	0.00022891	 	399.271	 	0.998989	 	145785	 	0.078851	 	0.0385687	 	
996000	-1.99704	 	1595.3	 	0.000228745	 	399.271	 	0.99899	 	145941	 	0.0787733	 	0.0385517	 	
997000	-1.99704	 	1595.3	 	0.000228475	 	399.271	 	0.99899	 	146097	 	0.0786957	 	0.0385337	 	
998000	-1.99704	 	1595.3	 	0.000228302	 	399.271	 	0.99899	 	146241	 	0.0786185	 	0.0385179	 	
999000	-1.99704	 	1595.3	 	0.000228038	 	399.271	 	0.998991	 	146395	 	0.0785412	 	0.0384992	 	
