MCcycles: 1000000	 L = 2	 T = 1	 Randomstart = 1
MCcycles 	 E 		 E2 		 M 		 M2 		 Mabs 		 accepted		 X 		 Cv
2	-2	 	16	 	0	 	4	 	1	 	0.75	 	0	 	0	 	
2000	-1.991	 	15.944	 	-0.50925	 	3.9865	 	0.99725	 	0	 	0.00846975	 	0.087676	 	
4000	-1.995	 	15.968	 	-0.315	 	3.9925	 	0.9985	 	0	 	0.004491	 	0.0479	 	
6000	-1.99633	 	15.976	 	-0.209917	 	3.9945	 	0.998917	 	0	 	0.00316197	 	0.0346129	 	
8000	-1.996	 	15.972	 	-0.144625	 	3.994	 	0.998875	 	0	 	0.00299494	 	0.035936	 	
10000	-1.9948	 	15.9616	 	0.0674	 	3.992	 	0.9985	 	0	 	0.003991	 	0.0446918	 	
12000	-1.99533	 	15.9653	 	-0.06225	 	3.99283	 	0.998667	 	0	 	0.00349289	 	0.0399129	 	
14000	-1.996	 	15.9703	 	-0.0533571	 	3.99386	 	0.998857	 	0	 	0.00299478	 	0.0342217	 	
16000	-1.99412	 	15.955	 	-0.0946875	 	3.99063	 	0.998188	 	0	 	0.00511186	 	0.0488619	 	
18000	-1.99444	 	15.9573	 	-0.0947778	 	3.991	 	0.998222	 	0	 	0.00520958	 	0.0460988	 	
20000	-1.9944	 	15.9568	 	-0.11515	 	3.9909	 	0.9982	 	0	 	0.00528704	 	0.0462746	 	
22000	-1.99409	 	15.9542	 	-0.0875227	 	3.99032	 	0.998068	 	0	 	0.0057578	 	0.0485876	 	
24000	-1.99383	 	15.952	 	-0.107313	 	3.98971	 	0.997896	 	0	 	0.00652396	 	0.0505146	 	
26000	-1.99415	 	15.9545	 	-0.175942	 	3.99027	 	0.998019	 	0	 	0.00609969	 	0.0478633	 	
28000	-1.99379	 	15.9514	 	-0.188304	 	3.98968	 	0.997911	 	0	 	0.0063754	 	0.0507027	 	
30000	-1.994	 	15.9531	 	-0.242333	 	3.99007	 	0.998	 	0	 	0.00605067	 	0.0489227	 	
32000	-1.99362	 	15.95	 	-0.289375	 	3.98937	 	0.997844	 	0	 	0.0066064	 	0.0518374	 	
34000	-1.99382	 	15.9515	 	-0.2765	 	3.98971	 	0.997912	 	0	 	0.00639432	 	0.0502003	 	
36000	-1.994	 	15.9529	 	-0.268292	 	3.99003	 	0.997986	 	0	 	0.00612267	 	0.0487449	 	
38000	-1.994	 	15.9528	 	-0.306684	 	3.99005	 	0.998	 	0	 	0.00603663	 	0.0486981	 	
40000	-1.99415	 	15.954	 	-0.341275	 	3.9903	 	0.99805	 	0	 	0.00588479	 	0.0474631	 	
42000	-1.99419	 	15.9543	 	-0.342274	 	3.9904	 	0.998083	 	0	 	0.0057234	 	0.0471031	 	
44000	-1.99445	 	15.9564	 	-0.326716	 	3.99084	 	0.99817	 	0	 	0.00546388	 	0.0449679	 	
46000	-1.99461	 	15.9576	 	-0.312533	 	3.99111	 	0.998228	 	0	 	0.00527005	 	0.0437098	 	
48000	-1.99475	 	15.9587	 	-0.28451	 	3.99135	 	0.998281	 	0	 	0.00509235	 	0.0425564	 	
50000	-1.99488	 	15.9597	 	-0.27455	 	3.99158	 	0.99833	 	0	 	0.00492884	 	0.0414951	 	
52000	-1.99477	 	15.9588	 	-0.272298	 	3.9914	 	0.998298	 	0	 	0.00500764	 	0.0423521	 	
54000	-1.99485	 	15.9594	 	-0.275306	 	3.99154	 	0.998324	 	0	 	0.00493321	 	0.0416718	 	
56000	-1.99489	 	15.9597	 	-0.284804	 	3.99161	 	0.998339	 	0	 	0.00488183	 	0.0413242	 	
58000	-1.99503	 	15.9608	 	-0.274991	 	3.99184	 	0.998388	 	0	 	0.00473098	 	0.0401772	 	
60000	-1.995	 	15.9605	 	-0.288425	 	3.99182	 	0.998392	 	0	 	0.00467299	 	0.0404333	 	
62000	-1.99503	 	15.9608	 	-0.253758	 	3.99187	 	0.998403	 	0	 	0.00463496	 	0.0401594	 	
64000	-1.99506	 	15.961	 	-0.22057	 	3.99189	 	0.998398	 	0	 	0.00469286	 	0.0399025	 	
66000	-1.99506	 	15.961	 	-0.227985	 	3.99188	 	0.998394	 	0	 	0.00471696	 	0.0399024	 	
68000	-1.99494	 	15.96	 	-0.200603	 	3.99171	 	0.998368	 	0	 	0.00475405	 	0.0408388	 	
70000	-1.99503	 	15.9607	 	-0.166336	 	3.99184	 	0.998393	 	0	 	0.00468967	 	0.0401297	 	
72000	-1.99514	 	15.9616	 	-0.133944	 	3.99203	 	0.998431	 	0	 	0.00457348	 	0.0392388	 	
74000	-1.99505	 	15.9609	 	-0.118209	 	3.99188	 	0.998399	 	0	 	0.00467893	 	0.0399022	 	
76000	-1.99518	 	15.9619	 	-0.111809	 	3.99209	 	0.998441	 	0	 	0.00455606	 	0.0388546	 	
78000	-1.99531	 	15.9629	 	-0.108942	 	3.99229	 	0.998481	 	0	 	0.00443949	 	0.0378606	 	
80000	-1.99533	 	15.963	 	-0.100775	 	3.99233	 	0.998487	 	0	 	0.00441585	 	0.0377126	 	
82000	-1.99541	 	15.9637	 	-0.0983049	 	3.99246	 	0.998512	 	0	 	0.004357	 	0.0369891	 	
84000	-1.99552	 	15.9646	 	-0.0959643	 	3.99264	 	0.998548	 	0	 	0.00425347	 	0.0361103	 	
86000	-1.99542	 	15.9637	 	-0.088436	 	3.99243	 	0.998494	 	0	 	0.00446767	 	0.0369393	 	
88000	-1.99539	 	15.9635	 	-0.0637443	 	3.9924	 	0.998494	 	0	 	0.00443411	 	0.0371876	 	
90000	-1.9954	 	15.9636	 	-0.0493	 	3.99242	 	0.9985	 	0	 	0.00441322	 	0.0370709	 	
92000	-1.9955	 	15.9643	 	-0.0482283	 	3.99259	 	0.998533	 	0	 	0.00431747	 	0.0362668	 	
94000	-1.9956	 	15.9651	 	-0.0472021	 	3.99274	 	0.998564	 	0	 	0.00422579	 	0.0354969	 	
96000	-1.99556	 	15.9648	 	-0.0464271	 	3.99271	 	0.998563	 	0	 	0.00420007	 	0.0357546	 	
98000	-1.99563	 	15.9654	 	-0.0485255	 	3.99283	 	0.998587	 	0	 	0.00412466	 	0.035189	 	
100000	-1.9956	 	15.9651	 	-0.04749	 	3.99278	 	0.99858	 	0	 	0.00413193	 	0.0354426	 	
102000	-1.99549	 	15.9642	 	-0.0465	 	3.99259	 	0.998539	 	0	 	0.00426597	 	0.0363108	 	
104000	-1.99546	 	15.964	 	-0.052226	 	3.99255	 	0.998534	 	0	 	0.00427025	 	0.036533	 	
106000	-1.99551	 	15.9644	 	-0.0700991	 	3.99263	 	0.998552	 	0	 	0.00420859	 	0.0361458	 	
108000	-1.99557	 	15.9649	 	-0.0800093	 	3.99274	 	0.998574	 	0	 	0.00414002	 	0.0356253	 	
110000	-1.99555	 	15.9647	 	-0.0618273	 	3.99265	 	0.998545	 	0	 	0.00428245	 	0.0358479	 	
112000	-1.99539	 	15.9634	 	-0.0446875	 	3.99239	 	0.998491	 	0	 	0.00445518	 	0.037058	 	
114000	-1.99533	 	15.9629	 	-0.0342412	 	3.99229	 	0.998469	 	0	 	0.00452572	 	0.0375269	 	
116000	-1.9954	 	15.9634	 	-0.0508793	 	3.9924	 	0.998491	 	0	 	0.00445641	 	0.0370187	 	
118000	-1.99547	 	15.9641	 	-0.0669661	 	3.99253	 	0.998517	 	0	 	0.00438103	 	0.0363927	 	
120000	-1.99548	 	15.9641	 	-0.0699625	 	3.99254	 	0.998521	 	0	 	0.00436625	 	0.0363184	 	
122000	-1.99548	 	15.9641	 	-0.0759139	 	3.99253	 	0.99852	 	0	 	0.0043601	 	0.0363771	 	
124000	-1.99552	 	15.9644	 	-0.0908105	 	3.9926	 	0.998536	 	0	 	0.00430595	 	0.0360486	 	
126000	-1.99554	 	15.9646	 	-0.104996	 	3.99264	 	0.998544	 	0	 	0.00428517	 	0.0358569	 	
128000	-1.99553	 	15.9645	 	-0.112598	 	3.99263	 	0.998543	 	0	 	0.00428057	 	0.0359201	 	
130000	-1.99555	 	15.9647	 	-0.112185	 	3.99266	 	0.998546	 	0	 	0.00428385	 	0.0357363	 	
132000	-1.99559	 	15.965	 	-0.110462	 	3.99273	 	0.998561	 	0	 	0.00423414	 	0.0354374	 	
134000	-1.99564	 	15.9654	 	-0.108817	 	3.99281	 	0.998578	 	0	 	0.00417848	 	0.0350285	 	
136000	-1.99571	 	15.9659	 	-0.107217	 	3.99292	 	0.998599	 	0	 	0.00411715	 	0.0345145	 	
138000	-1.99567	 	15.9656	 	-0.101471	 	3.99286	 	0.998587	 	0	 	0.00415143	 	0.0348234	 	
140000	-1.99571	 	15.9659	 	-0.0857393	 	3.99294	 	0.998604	 	0	 	0.00409934	 	0.0344408	 	
142000	-1.99577	 	15.9664	 	-0.0704472	 	3.99304	 	0.998623	 	0	 	0.00404171	 	0.0339568	 	
144000	-1.99583	 	15.9669	 	-0.0555799	 	3.99313	 	0.998642	 	0	 	0.00398568	 	0.0334861	 	
146000	-1.99579	 	15.9666	 	-0.0411541	 	3.99308	 	0.998634	 	0	 	0.00399938	 	0.0337923	 	
148000	-1.9958	 	15.9666	 	-0.0309223	 	3.99309	 	0.998639	 	0	 	0.00397232	 	0.0337672	 	
150000	-1.99584	 	15.9669	 	-0.04384	 	3.99316	 	0.998653	 	0	 	0.00392608	 	0.0334241	 	
152000	-1.9958	 	15.9666	 	-0.0559572	 	3.99309	 	0.998635	 	0	 	0.00399912	 	0.033719	 	
154000	-1.99583	 	15.9669	 	-0.0671299	 	3.99313	 	0.998643	 	0	 	0.00397965	 	0.0334889	 	
156000	-1.99585	 	15.967	 	-0.0782949	 	3.99315	 	0.998647	 	0	 	0.00396704	 	0.0333669	 	
158000	-1.99587	 	15.9672	 	-0.073769	 	3.9932	 	0.998655	 	0	 	0.00394846	 	0.0331471	 	
160000	-1.9958	 	15.9666	 	-0.0613312	 	3.99308	 	0.998631	 	0	 	0.00401751	 	0.0337294	 	
162000	-1.9958	 	15.9666	 	-0.056608	 	3.99308	 	0.998633	 	0	 	0.00401104	 	0.0337073	 	
164000	-1.99573	 	15.966	 	-0.0490793	 	3.99296	 	0.99861	 	0	 	0.00407763	 	0.0342686	 	
166000	-1.99578	 	15.9665	 	-0.0364398	 	3.99305	 	0.998627	 	0	 	0.0040286	 	0.0338566	 	
168000	-1.99579	 	15.9665	 	-0.0337768	 	3.99305	 	0.998628	 	0	 	0.00402223	 	0.0338337	 	
170000	-1.99584	 	15.9669	 	-0.0451441	 	3.99314	 	0.998644	 	0	 	0.003975	 	0.0334365	 	
172000	-1.9958	 	15.9666	 	-0.0473227	 	3.99309	 	0.998637	 	0	 	0.00398675	 	0.033697	 	
174000	-1.99585	 	15.967	 	-0.0352845	 	3.99317	 	0.998652	 	0	 	0.00394101	 	0.0333104	 	
176000	-1.99589	 	15.9673	 	-0.0235227	 	3.99323	 	0.998665	 	0	 	0.00390196	 	0.0330232	 	
178000	-1.9958	 	15.9666	 	-0.0161742	 	3.99308	 	0.998635	 	0	 	0.00399255	 	0.0337271	 	
180000	-1.99574	 	15.9661	 	-0.0113778	 	3.99298	 	0.998611	 	0	 	0.00408117	 	0.0341498	 	
182000	-1.99574	 	15.9661	 	-0.000994505	 	3.99297	 	0.99861	 	0	 	0.00408018	 	0.034213	 	
184000	-1.99576	 	15.9663	 	0.00987772	 	3.99301	 	0.998617	 	0	 	0.004063	 	0.0340151	 	
186000	-1.99576	 	15.9663	 	0.0163683	 	3.99302	 	0.998621	 	0	 	0.00404078	 	0.0339927	 	
188000	-1.99571	 	15.9659	 	0.0105665	 	3.99292	 	0.998598	 	0	 	0.00412512	 	0.0343946	 	
190000	-1.99573	 	15.966	 	0.00527368	 	3.99295	 	0.998605	 	0	 	0.00409748	 	0.0342848	 	
192000	-1.99573	 	15.966	 	0.015625	 	3.99296	 	0.998609	 	0	 	0.0040756	 	0.0342604	 	
194000	-1.9957	 	15.9658	 	0.0257371	 	3.99291	 	0.998598	 	0	 	0.00411585	 	0.0344828	 	
196000	-1.99566	 	15.9655	 	0.0269464	 	3.99284	 	0.998584	 	0	 	0.00416035	 	0.0347819	 	
198000	-1.99557	 	15.9647	 	0.0243056	 	3.99268	 	0.998553	 	0	 	0.0042492	 	0.0355577	 	
200000	-1.99555	 	15.9646	 	0.019355	 	3.99264	 	0.99854	 	0	 	0.00431147	 	0.0356808	 	
202000	-1.99556	 	15.9647	 	0.0105371	 	3.99267	 	0.998547	 	0	 	0.00428363	 	0.0355649	 	
204000	-1.9956	 	15.9649	 	0.00601471	 	3.99273	 	0.998559	 	0	 	0.00424659	 	0.035295	 	
206000	-1.99563	 	15.9652	 	0.00595388	 	3.99278	 	0.99857	 	0	 	0.00421027	 	0.0350304	 	
208000	-1.99564	 	15.9653	 	-0.0024351	 	3.9928	 	0.998575	 	0	 	0.0041986	 	0.0349241	 	
210000	-1.99563	 	15.9652	 	-0.00397857	 	3.99278	 	0.998569	 	0	 	0.00421562	 	0.0350474	 	
212000	-1.99558	 	15.9648	 	-0.00124528	 	3.99269	 	0.998547	 	0	 	0.00430288	 	0.0353937	 	
214000	-1.99556	 	15.9646	 	0.00309579	 	3.99266	 	0.998544	 	0	 	0.00429526	 	0.0355847	 	
216000	-1.99559	 	15.9649	 	0.00805324	 	3.99271	 	0.998553	 	0	 	0.00427403	 	0.0353297	 	
218000	-1.99563	 	15.9652	 	0.00797936	 	3.99278	 	0.998567	 	0	 	0.0042349	 	0.0350063	 	
220000	-1.99565	 	15.9653	 	0.00789318	 	3.9928	 	0.99857	 	0	 	0.00422364	 	0.034906	 	
222000	-1.99559	 	15.9649	 	0.00790766	 	3.99271	 	0.998552	 	0	 	0.0042844	 	0.0353098	 	
224000	-1.99559	 	15.9649	 	0.00996429	 	3.9927	 	0.998549	 	0	 	0.00429515	 	0.0353508	 	
226000	-1.99562	 	15.9651	 	0.00542035	 	3.99274	 	0.998558	 	0	 	0.00427486	 	0.0351091	 	
228000	-1.99558	 	15.9648	 	-0.00336842	 	3.99268	 	0.998548	 	0	 	0.00428982	 	0.0354306	 	
230000	-1.99561	 	15.965	 	-0.00907174	 	3.99273	 	0.998559	 	0	 	0.00425691	 	0.0351924	 	
232000	-1.99562	 	15.9651	 	-0.0089806	 	3.99275	 	0.998558	 	0	 	0.00427186	 	0.0350957	 	
234000	-1.99563	 	15.9652	 	-0.0169679	 	3.99276	 	0.998562	 	0	 	0.00426096	 	0.0350006	 	
236000	-1.99561	 	15.965	 	-0.0239576	 	3.99273	 	0.998555	 	0	 	0.00427978	 	0.0351772	 	
238000	-1.99564	 	15.9652	 	-0.0198109	 	3.99277	 	0.998563	 	0	 	0.00426065	 	0.0349491	 	
240000	-1.9956	 	15.9649	 	-0.0131021	 	3.9927	 	0.998548	 	0	 	0.0043124	 	0.0352559	 	
242000	-1.99559	 	15.9648	 	-0.0125496	 	3.99268	 	0.998541	 	0	 	0.0043386	 	0.0353601	 	
244000	-1.99561	 	15.965	 	-0.00610246	 	3.99271	 	0.998549	 	0	 	0.00431125	 	0.0352015	 	
246000	-1.99562	 	15.9651	 	-0.00318902	 	3.99273	 	0.998551	 	0	 	0.00431274	 	0.0351102	 	
248000	-1.99565	 	15.9653	 	-0.000715726	 	3.99277	 	0.998558	 	0	 	0.00429411	 	0.0348919	 	
250000	-1.99564	 	15.9652	 	-0.007706	 	3.99276	 	0.998558	 	0	 	0.00429168	 	0.034932	 	
252000	-1.99565	 	15.9653	 	-0.0155675	 	3.99279	 	0.998563	 	0	 	0.00426952	 	0.034845	 	
254000	-1.99565	 	15.9653	 	-0.0215098	 	3.99278	 	0.998561	 	0	 	0.00427912	 	0.0348848	 	
256000	-1.99564	 	15.9652	 	-0.0251563	 	3.99277	 	0.998563	 	0	 	0.00426517	 	0.034924	 	
258000	-1.99566	 	15.9654	 	-0.0297112	 	3.9928	 	0.998568	 	0	 	0.00425149	 	0.0347773	 	
260000	-1.99567	 	15.9655	 	-0.0371654	 	3.99282	 	0.998569	 	0	 	0.00425335	 	0.0346942	 	
262000	-1.99569	 	15.9656	 	-0.0438511	 	3.99285	 	0.998576	 	0	 	0.00422853	 	0.0345515	 	
264000	-1.99572	 	15.9659	 	-0.0435189	 	3.9929	 	0.998587	 	0	 	0.00419656	 	0.0342904	 	
266000	-1.99575	 	15.9661	 	-0.0431917	 	3.99295	 	0.998598	 	0	 	0.00416507	 	0.0340331	 	
268000	-1.99577	 	15.9663	 	-0.0425354	 	3.99298	 	0.998603	 	0	 	0.00415264	 	0.0338985	 	
270000	-1.99573	 	15.966	 	-0.0394037	 	3.99292	 	0.998589	 	0	 	0.00419944	 	0.034179	 	
272000	-1.99574	 	15.9661	 	-0.0391066	 	3.99293	 	0.998592	 	0	 	0.0041906	 	0.034104	 	
274000	-1.99574	 	15.9661	 	-0.0427208	 	3.99294	 	0.998593	 	0	 	0.00418551	 	0.0340881	 	
276000	-1.99572	 	15.9659	 	-0.0437373	 	3.99289	 	0.998582	 	0	 	0.00422746	 	0.0343034	 	
278000	-1.99573	 	15.9659	 	-0.0492716	 	3.9929	 	0.998585	 	0	 	0.0042186	 	0.0342291	 	
280000	-1.99575	 	15.9661	 	-0.0535804	 	3.99294	 	0.998591	 	0	 	0.00420277	 	0.034042	 	
282000	-1.99578	 	15.9664	 	-0.0532004	 	3.99299	 	0.998601	 	0	 	0.00417302	 	0.0338011	 	
284000	-1.99577	 	15.9663	 	-0.0461144	 	3.99298	 	0.998597	 	0	 	0.00419283	 	0.0338441	 	
286000	-1.99579	 	15.9664	 	-0.0388024	 	3.993	 	0.998603	 	0	 	0.00417052	 	0.0337193	 	
288000	-1.99578	 	15.9663	 	-0.0406806	 	3.99299	 	0.998601	 	0	 	0.00417272	 	0.0338176	 	
290000	-1.99577	 	15.9663	 	-0.0472862	 	3.99298	 	0.9986	 	0	 	0.00417147	 	0.0338595	 	
292000	-1.99571	 	15.9658	 	-0.0522671	 	3.99288	 	0.998579	 	0	 	0.0042385	 	0.0343374	 	
294000	-1.99573	 	15.966	 	-0.0494031	 	3.99291	 	0.998587	 	0	 	0.0042131	 	0.0341585	 	
296000	-1.99576	 	15.9662	 	-0.0490693	 	3.99296	 	0.998596	 	0	 	0.00418469	 	0.0339282	 	
298000	-1.99576	 	15.9662	 	-0.0464698	 	3.99295	 	0.998594	 	0	 	0.00419343	 	0.0339683	 	
300000	-1.99577	 	15.9663	 	-0.0396567	 	3.99298	 	0.9986	 	0	 	0.00417216	 	0.0338485	 	
302000	-1.99577	 	15.9663	 	-0.0384073	 	3.99298	 	0.998599	 	0	 	0.00417758	 	0.0338359	 	
304000	-1.99574	 	15.966	 	-0.0316069	 	3.99291	 	0.998584	 	0	 	0.00423211	 	0.0341378	 	
306000	-1.99573	 	15.966	 	-0.0296242	 	3.9929	 	0.998582	 	0	 	0.00424032	 	0.0341755	 	
308000	-1.99573	 	15.9659	 	-0.0254578	 	3.9929	 	0.998581	 	0	 	0.0042387	 	0.0342127	 	
310000	-1.99575	 	15.9661	 	-0.0252952	 	3.99293	 	0.998589	 	0	 	0.00421461	 	0.0340438	 	
312000	-1.99576	 	15.9662	 	-0.0312212	 	3.99295	 	0.998593	 	0	 	0.00419721	 	0.0339792	 	
314000	-1.99576	 	15.9662	 	-0.0336752	 	3.99296	 	0.998596	 	0	 	0.00418956	 	0.0339155	 	
316000	-1.99578	 	15.9664	 	-0.0397896	 	3.993	 	0.998603	 	0	 	0.00416624	 	0.0337517	 	
318000	-1.9958	 	15.9665	 	-0.0450708	 	3.99302	 	0.998608	 	0	 	0.00414634	 	0.0336401	 	
320000	-1.99582	 	15.9667	 	-0.0447891	 	3.99307	 	0.998617	 	0	 	0.00412048	 	0.0334303	 	
322000	-1.99584	 	15.9668	 	-0.0443137	 	3.99309	 	0.998621	 	0	 	0.00411041	 	0.033322	 	
324000	-1.99586	 	15.967	 	-0.0440401	 	3.99313	 	0.99863	 	0	 	0.00408508	 	0.0331168	 	
326000	-1.99587	 	15.9671	 	-0.0437669	 	3.99314	 	0.998632	 	0	 	0.0040784	 	0.0330606	 	
328000	-1.99585	 	15.9669	 	-0.0484055	 	3.99311	 	0.998625	 	0	 	0.00410219	 	0.0331995	 	
330000	-1.99588	 	15.9671	 	-0.0541727	 	3.99315	 	0.998633	 	0	 	0.00407738	 	0.0329987	 	
332000	-1.99586	 	15.967	 	-0.0545301	 	3.99311	 	0.998623	 	0	 	0.00411893	 	0.0331363	 	
334000	-1.99587	 	15.9671	 	-0.0542036	 	3.99314	 	0.998629	 	0	 	0.00410026	 	0.0330337	 	
336000	-1.99589	 	15.9672	 	-0.0585283	 	3.99316	 	0.998632	 	0	 	0.00409073	 	0.0329323	 	
338000	-1.99586	 	15.967	 	-0.0608284	 	3.99312	 	0.998627	 	0	 	0.00409897	 	0.033115	 	
340000	-1.99588	 	15.9672	 	-0.0604691	 	3.99316	 	0.998634	 	0	 	0.00407783	 	0.0329675	 	
342000	-1.99588	 	15.9671	 	-0.0625848	 	3.99315	 	0.998632	 	0	 	0.00408608	 	0.033008	 	
344000	-1.9959	 	15.9673	 	-0.0680349	 	3.99319	 	0.99864	 	0	 	0.00406236	 	0.0328165	 	
346000	-1.9959	 	15.9673	 	-0.0728714	 	3.99319	 	0.99864	 	0	 	0.00405908	 	0.0328114	 	
348000	-1.99587	 	15.9671	 	-0.0692399	 	3.99315	 	0.998634	 	0.5	 	0.00407012	 	0.0330353	 	
350000	-1.99586	 	15.967	 	-0.0674686	 	3.99313	 	0.998631	 	0	 	0.00407251	 	0.0331201	 	
352000	-1.99587	 	15.967	 	-0.0659957	 	3.99314	 	0.998632	 	0	 	0.0040749	 	0.0330681	 	
354000	-1.99588	 	15.9671	 	-0.0607218	 	3.99316	 	0.998637	 	0	 	0.00405754	 	0.0329717	 	
356000	-1.99589	 	15.9672	 	-0.0547654	 	3.99318	 	0.998642	 	0	 	0.00404037	 	0.0328764	 	
358000	-1.99588	 	15.9671	 	-0.0491201	 	3.99315	 	0.998634	 	0	 	0.00407075	 	0.0330046	 	
360000	-1.99588	 	15.9672	 	-0.0488542	 	3.99316	 	0.998635	 	0	 	0.0040731	 	0.0329544	 	
362000	-1.9959	 	15.9672	 	-0.0485815	 	3.99318	 	0.99864	 	0	 	0.00405613	 	0.0328608	 	
364000	-1.99588	 	15.9672	 	-0.0515027	 	3.99316	 	0.998637	 	0	 	0.00405851	 	0.0329432	 	
366000	-1.9959	 	15.9673	 	-0.0566844	 	3.99319	 	0.998643	 	0	 	0.00403909	 	0.0328071	 	
368000	-1.99588	 	15.9671	 	-0.054928	 	3.99315	 	0.998635	 	0	 	0.00406591	 	0.0330189	 	
370000	-1.99588	 	15.9671	 	-0.0492297	 	3.99316	 	0.998638	 	0	 	0.00405204	 	0.03297	 	
372000	-1.9959	 	15.9673	 	-0.0435887	 	3.9932	 	0.998645	 	0	 	0.00403029	 	0.0327931	 	
374000	-1.9959	 	15.9673	 	-0.0425281	 	3.9932	 	0.998643	 	0	 	0.00404344	 	0.0327885	 	
376000	-1.99591	 	15.9674	 	-0.0476157	 	3.9932	 	0.998645	 	0	 	0.00403787	 	0.0327416	 	
378000	-1.99593	 	15.9675	 	-0.0526534	 	3.99323	 	0.998651	 	0	 	0.00401917	 	0.0326109	 	
380000	-1.99595	 	15.9677	 	-0.0576395	 	3.99327	 	0.998658	 	0	 	0.00399806	 	0.0324396	 	
382000	-1.99593	 	15.9675	 	-0.0619319	 	3.99325	 	0.998654	 	0	 	0.00400323	 	0.0325621	 	
384000	-1.99592	 	15.9674	 	-0.0626289	 	3.99323	 	0.998652	 	0	 	0.00400055	 	0.0326833	 	
386000	-1.9959	 	15.9673	 	-0.0617668	 	3.99319	 	0.998642	 	0	 	0.00403926	 	0.0328446	 	
388000	-1.99589	 	15.9672	 	-0.0598054	 	3.99317	 	0.998638	 	0	 	0.00405701	 	0.032922	 	
390000	-1.99588	 	15.9671	 	-0.0593679	 	3.99316	 	0.998637	 	0	 	0.00405667	 	0.0329578	 	
392000	-1.99587	 	15.9671	 	-0.062875	 	3.99314	 	0.998633	 	0	 	0.00407415	 	0.0330339	 	
394000	-1.99589	 	15.9672	 	-0.067632	 	3.99318	 	0.99864	 	0	 	0.00405351	 	0.0328666	 	
396000	-1.99587	 	15.9671	 	-0.0691869	 	3.99314	 	0.998631	 	0	 	0.00408342	 	0.0330228	 	
398000	-1.99589	 	15.9672	 	-0.0688392	 	3.99318	 	0.998638	 	0	 	0.00406293	 	0.0328572	 	
400000	-1.9959	 	15.9673	 	-0.0658413	 	3.99319	 	0.998641	 	0	 	0.00405012	 	0.0328128	 	
402000	-1.9959	 	15.9673	 	-0.0605498	 	3.99318	 	0.998639	 	0	 	0.00406225	 	0.0328084	 	
404000	-1.9959	 	15.9673	 	-0.0598985	 	3.99318	 	0.998636	 	0	 	0.00408167	 	0.0328041	 	
406000	-1.99588	 	15.9671	 	-0.0629643	 	3.99315	 	0.998632	 	0	 	0.00408857	 	0.0329568	 	
408000	-1.99584	 	15.9668	 	-0.065337	 	3.99309	 	0.998619	 	0	 	0.00412717	 	0.0332642	 	
410000	-1.99585	 	15.9669	 	-0.0650232	 	3.9931	 	0.998621	 	0	 	0.00412654	 	0.03318	 	
412000	-1.99587	 	15.967	 	-0.0639478	 	3.99312	 	0.998625	 	0	 	0.00411622	 	0.033058	 	
414000	-1.99581	 	15.9666	 	-0.0616244	 	3.99302	 	0.998603	 	0	 	0.00419267	 	0.0335144	 	
416000	-1.99581	 	15.9665	 	-0.0649399	 	3.99301	 	0.998601	 	0	 	0.0041989	 	0.0335451	 	
418000	-1.99582	 	15.9667	 	-0.0646256	 	3.99304	 	0.998606	 	0	 	0.00418123	 	0.033423	 	
420000	-1.99582	 	15.9666	 	-0.0636714	 	3.99304	 	0.998607	 	0	 	0.00417319	 	0.0334539	 	
422000	-1.99577	 	15.9662	 	-0.0617133	 	3.99295	 	0.99859	 	0	 	0.00422428	 	0.033862	 	
424000	-1.99573	 	15.9659	 	-0.0606934	 	3.99289	 	0.998578	 	0	 	0.00426078	 	0.0341535	 	
426000	-1.99574	 	15.966	 	-0.0569354	 	3.9929	 	0.998581	 	0	 	0.00424781	 	0.0341057	 	
428000	-1.99575	 	15.9661	 	-0.0566717	 	3.99292	 	0.998585	 	0	 	0.00423265	 	0.0340211	 	
430000	-1.99575	 	15.9661	 	-0.0579186	 	3.99293	 	0.998586	 	0	 	0.00422921	 	0.0340114	 	
432000	-1.99576	 	15.9661	 	-0.0622778	 	3.99294	 	0.99859	 	0	 	0.00421427	 	0.0339281	 	
434000	-1.99577	 	15.9662	 	-0.0665956	 	3.99296	 	0.998593	 	0	 	0.00420637	 	0.0338455	 	
436000	-1.99578	 	15.9663	 	-0.0677305	 	3.99298	 	0.998597	 	0	 	0.00419167	 	0.0337636	 	
438000	-1.99577	 	15.9662	 	-0.0663014	 	3.99296	 	0.998594	 	0	 	0.00420213	 	0.0338644	 	
440000	-1.99575	 	15.966	 	-0.0648125	 	3.99293	 	0.99859	 	0	 	0.00420341	 	0.0340367	 	
442000	-1.99576	 	15.9661	 	-0.060293	 	3.99295	 	0.998594	 	0	 	0.00418892	 	0.0339551	 	
444000	-1.99577	 	15.9662	 	-0.0637973	 	3.99296	 	0.998597	 	0	 	0.00418131	 	0.0338742	 	
446000	-1.99578	 	15.9663	 	-0.0679955	 	3.993	 	0.998603	 	0	 	0.0041626	 	0.0337226	 	
448000	-1.9958	 	15.9665	 	-0.0721551	 	3.99302	 	0.998608	 	0	 	0.00414627	 	0.033608	 	
450000	-1.99581	 	15.9666	 	-0.0762778	 	3.99304	 	0.998613	 	0	 	0.00413009	 	0.0334943	 	
452000	-1.99581	 	15.9665	 	-0.0783086	 	3.99304	 	0.998612	 	0	 	0.0041361	 	0.0335227	 	
454000	-1.99581	 	15.9666	 	-0.0814031	 	3.99305	 	0.998615	 	0	 	0.00412448	 	0.0334806	 	
456000	-1.99583	 	15.9667	 	-0.0810461	 	3.99308	 	0.998621	 	0	 	0.00410642	 	0.0333341	 	
458000	-1.99585	 	15.9669	 	-0.0806921	 	3.99311	 	0.998627	 	0	 	0.00408853	 	0.0331888	 	
460000	-1.99587	 	15.967	 	-0.0803413	 	3.99314	 	0.998633	 	0	 	0.00407078	 	0.0330448	 	
462000	-1.99585	 	15.9669	 	-0.0809361	 	3.99311	 	0.998627	 	0	 	0.00408553	 	0.0332124	 	
464000	-1.99581	 	15.9665	 	-0.0805948	 	3.99303	 	0.99861	 	0	 	0.00414313	 	0.0335503	 	
466000	-1.99582	 	15.9666	 	-0.0843938	 	3.99305	 	0.998613	 	0	 	0.00413608	 	0.033475	 	
468000	-1.99583	 	15.9667	 	-0.0883066	 	3.99307	 	0.998619	 	0	 	0.00411844	 	0.0333323	 	
470000	-1.99583	 	15.9667	 	-0.0921777	 	3.99307	 	0.998618	 	0	 	0.00412215	 	0.0333263	 	
472000	-1.99582	 	15.9666	 	-0.0959703	 	3.99305	 	0.998612	 	0	 	0.0041406	 	0.0334555	 	
474000	-1.99583	 	15.9667	 	-0.0970053	 	3.99307	 	0.998617	 	0	 	0.00412526	 	0.0333482	 	
476000	-1.99584	 	15.9668	 	-0.0950693	 	3.99309	 	0.998622	 	0	 	0.00411005	 	0.0332419	 	
478000	-1.99585	 	15.9669	 	-0.0904927	 	3.99311	 	0.998624	 	0	 	0.00410331	 	0.0331697	 	
480000	-1.99584	 	15.9668	 	-0.0868344	 	3.99308	 	0.99862	 	0	 	0.0041153	 	0.0332974	 	
482000	-1.99584	 	15.9668	 	-0.0865197	 	3.99308	 	0.998619	 	0	 	0.00411893	 	0.0332917	 	
484000	-1.99586	 	15.9669	 	-0.0902944	 	3.99311	 	0.998625	 	0	 	0.00410194	 	0.0331544	 	
486000	-1.99587	 	15.967	 	-0.0927274	 	3.99313	 	0.998629	 	0	 	0.0040933	 	0.0330511	 	
488000	-1.99587	 	15.967	 	-0.0946977	 	3.99314	 	0.99863	 	0	 	0.00408881	 	0.0330138	 	
490000	-1.99587	 	15.967	 	-0.0947714	 	3.99313	 	0.998629	 	0	 	0.00409044	 	0.0330745	 	
492000	-1.99588	 	15.9671	 	-0.097876	 	3.99315	 	0.998632	 	0	 	0.00408195	 	0.0329727	 	
494000	-1.99586	 	15.967	 	-0.0954464	 	3.99312	 	0.998627	 	0	 	0.00409974	 	0.0330975	 	
496000	-1.99587	 	15.967	 	-0.0948831	 	3.99313	 	0.998629	 	0	 	0.00409329	 	0.0330286	 	
498000	-1.99588	 	15.9671	 	-0.094504	 	3.99315	 	0.998633	 	0	 	0.00408087	 	0.0329602	 	
500000	-1.99589	 	15.9672	 	-0.094127	 	3.99317	 	0.998637	 	0	 	0.00406657	 	0.0328605	 	
502000	-1.9959	 	15.9673	 	-0.0913725	 	3.99319	 	0.998641	 	0	 	0.00405238	 	0.0327616	 	
504000	-1.99589	 	15.9672	 	-0.0908165	 	3.99317	 	0.998638	 	0	 	0.00405805	 	0.0328848	 	
506000	-1.99589	 	15.9672	 	-0.088413	 	3.99317	 	0.998636	 	0	 	0.00406766	 	0.032881	 	
508000	-1.99588	 	15.9671	 	-0.0905719	 	3.99315	 	0.998635	 	0	 	0.00406538	 	0.0329714	 	
510000	-1.99587	 	15.9671	 	-0.0905078	 	3.99315	 	0.998635	 	0	 	0.00405922	 	0.0329986	 	
512000	-1.99589	 	15.9672	 	-0.086248	 	3.99318	 	0.998641	 	0	 	0.00404339	 	0.03287	 	
514000	-1.9959	 	15.9673	 	-0.0820233	 	3.99319	 	0.998644	 	0	 	0.00403156	 	0.0328043	 	
516000	-1.99586	 	15.9669	 	-0.0778547	 	3.99313	 	0.998634	 	0	 	0.00405455	 	0.0331098	 	
518000	-1.99587	 	15.967	 	-0.073695	 	3.99315	 	0.998637	 	0	 	0.00404276	 	0.0330437	 	
520000	-1.99588	 	15.9671	 	-0.0720529	 	3.99316	 	0.998639	 	0	 	0.00403683	 	0.0329782	 	
522000	-1.99588	 	15.9671	 	-0.0754042	 	3.99316	 	0.99864	 	0	 	0.00403475	 	0.0329742	 	
524000	-1.99589	 	15.9672	 	-0.0771326	 	3.99318	 	0.998644	 	0	 	0.00402127	 	0.032879	 	
526000	-1.99587	 	15.967	 	-0.0803489	 	3.99314	 	0.998636	 	0	 	0.00404769	 	0.0330571	 	
528000	-1.99587	 	15.967	 	-0.0822235	 	3.99315	 	0.998638	 	0	 	0.00403804	 	0.0330227	 	
530000	-1.99589	 	15.9672	 	-0.0819132	 	3.99318	 	0.998643	 	0	 	0.00402283	 	0.0328984	 	
532000	-1.9959	 	15.9673	 	-0.0816053	 	3.9932	 	0.998648	 	0	 	0.00400773	 	0.0327749	 	
534000	-1.99592	 	15.9674	 	-0.0812996	 	3.99323	 	0.998654	 	0	 	0.00399275	 	0.0326524	 	
536000	-1.99591	 	15.9673	 	-0.0797453	 	3.99322	 	0.998652	 	0	 	0.0039946	 	0.0327092	 	
538000	-1.9959	 	15.9673	 	-0.0775437	 	3.9932	 	0.998648	 	0	 	0.00401313	 	0.0327656	 	
540000	-1.99592	 	15.9674	 	-0.0772565	 	3.99323	 	0.998653	 	0	 	0.0039983	 	0.0326445	 	
542000	-1.99593	 	15.9675	 	-0.0776467	 	3.99324	 	0.998654	 	0	 	0.00399829	 	0.0325831	 	
544000	-1.99594	 	15.9676	 	-0.0810368	 	3.99326	 	0.998658	 	0	 	0.00398544	 	0.0324928	 	
546000	-1.99593	 	15.9675	 	-0.082826	 	3.99325	 	0.998658	 	0	 	0.00398546	 	0.03252	 	
548000	-1.99593	 	15.9675	 	-0.0788814	 	3.99324	 	0.998655	 	0	 	0.00399641	 	0.0325469	 	
550000	-1.99593	 	15.9675	 	-0.0789255	 	3.99325	 	0.998656	 	0	 	0.00399278	 	0.0325157	 	
552000	-1.99593	 	15.9675	 	-0.080183	 	3.99325	 	0.998656	 	0	 	0.00399277	 	0.0325425	 	
554000	-1.99594	 	15.9676	 	-0.0798944	 	3.99327	 	0.99866	 	0	 	0.00398018	 	0.032454	 	
556000	-1.99595	 	15.9677	 	-0.0781987	 	3.99328	 	0.998663	 	0	 	0.00397306	 	0.0323661	 	
558000	-1.99596	 	15.9677	 	-0.0743378	 	3.9933	 	0.998666	 	0	 	0.00396241	 	0.0323075	 	
560000	-1.99594	 	15.9676	 	-0.0705152	 	3.99326	 	0.998658	 	0	 	0.00398744	 	0.0324769	 	
562000	-1.99595	 	15.9677	 	-0.0667055	 	3.99328	 	0.998663	 	0	 	0.00397327	 	0.0323616	 	
564000	-1.99597	 	15.9678	 	-0.0629229	 	3.99331	 	0.998668	 	0	 	0.00395921	 	0.032247	 	
566000	-1.99598	 	15.9679	 	-0.0591687	 	3.99332	 	0.99867	 	0	 	0.00394876	 	0.0321896	 	
568000	-1.99599	 	15.9679	 	-0.0558732	 	3.99334	 	0.998674	 	0	 	0.00393663	 	0.0321046	 	
570000	-1.99597	 	15.9678	 	-0.0550781	 	3.99331	 	0.998669	 	0	 	0.00394906	 	0.0322438	 	
572000	-1.99597	 	15.9678	 	-0.0548855	 	3.99331	 	0.99867	 	0	 	0.00394223	 	0.0322427	 	
574000	-1.99595	 	15.9677	 	-0.0570967	 	3.99329	 	0.998666	 	0	 	0.00395282	 	0.0323527	 	
576000	-1.99594	 	15.9676	 	-0.0569002	 	3.99327	 	0.998661	 	0	 	0.00397373	 	0.0324619	 	
578000	-1.99595	 	15.9677	 	-0.0567024	 	3.99328	 	0.998664	 	0	 	0.00396172	 	0.0323773	 	
580000	-1.99593	 	15.9675	 	-0.0558207	 	3.99326	 	0.998659	 	0	 	0.00397901	 	0.0325132	 	
582000	-1.99594	 	15.9676	 	-0.0563067	 	3.99326	 	0.998659	 	0	 	0.00398078	 	0.0324838	 	
584000	-1.9959	 	15.9673	 	-0.0592038	 	3.99321	 	0.998649	 	0	 	0.0040064	 	0.0327548	 	
586000	-1.99591	 	15.9673	 	-0.0624104	 	3.99322	 	0.998651	 	0	 	0.00400125	 	0.0326976	 	
588000	-1.99591	 	15.9673	 	-0.0620782	 	3.99322	 	0.998651	 	0	 	0.00399953	 	0.032695	 	
590000	-1.99591	 	15.9673	 	-0.0604712	 	3.99321	 	0.998651	 	0	 	0.0039995	 	0.0327195	 	
592000	-1.99591	 	15.9673	 	-0.0590507	 	3.99321	 	0.99865	 	0	 	0.00399947	 	0.0327437	 	
594000	-1.99592	 	15.9674	 	-0.0554848	 	3.99323	 	0.998655	 	0	 	0.00398603	 	0.0326337	 	
596000	-1.99593	 	15.9675	 	-0.051943	 	3.99326	 	0.998659	 	0	 	0.00397268	 	0.0325244	 	
598000	-1.99595	 	15.9676	 	-0.0484247	 	3.99328	 	0.998664	 	0	 	0.00395941	 	0.0324159	 	
600000	-1.99596	 	15.9677	 	-0.0464708	 	3.99329	 	0.998668	 	0	 	0.0039479	 	0.0323346	 	
602000	-1.99593	 	15.9675	 	-0.0455623	 	3.99325	 	0.998659	 	0	 	0.00397453	 	0.032545	 	
604000	-1.99591	 	15.9674	 	-0.0466084	 	3.99322	 	0.998651	 	0	 	0.004001	 	0.0326749	 	
606000	-1.99591	 	15.9673	 	-0.0466972	 	3.99322	 	0.998651	 	0	 	0.00400097	 	0.0326988	 	
608000	-1.99592	 	15.9674	 	-0.0476266	 	3.99323	 	0.998655	 	0	 	0.00398947	 	0.0326177	 	
610000	-1.99593	 	15.9675	 	-0.0474705	 	3.99326	 	0.998659	 	0	 	0.00397641	 	0.0325109	 	
612000	-1.99594	 	15.9676	 	-0.0473995	 	3.99327	 	0.998661	 	0	 	0.00397159	 	0.032457	 	
614000	-1.99595	 	15.9676	 	-0.0475236	 	3.99328	 	0.998664	 	0	 	0.00396191	 	0.0324034	 	
616000	-1.99594	 	15.9676	 	-0.0471128	 	3.99326	 	0.998662	 	0	 	0.00396524	 	0.0324795	 	
618000	-1.99593	 	15.9675	 	-0.047373	 	3.99325	 	0.998659	 	0	 	0.00397178	 	0.0325293	 	
620000	-1.99594	 	15.9675	 	-0.0501016	 	3.99326	 	0.99866	 	0	 	0.00397346	 	0.0325017	 	
622000	-1.99592	 	15.9674	 	-0.0531431	 	3.99323	 	0.998654	 	0	 	0.00398954	 	0.0326279	 	
624000	-1.9959	 	15.9673	 	-0.0552131	 	3.9932	 	0.998647	 	0	 	0.00401512	 	0.0327534	 	
626000	-1.99592	 	15.9674	 	-0.0550367	 	3.99322	 	0.998652	 	0	 	0.00400231	 	0.032649	 	
628000	-1.99593	 	15.9675	 	-0.0577269	 	3.99324	 	0.998655	 	0	 	0.00399117	 	0.0325706	 	
630000	-1.9959	 	15.9672	 	-0.058296	 	3.99318	 	0.998642	 	0	 	0.00403866	 	0.0328215	 	
632000	-1.9959	 	15.9672	 	-0.0576899	 	3.99318	 	0.998642	 	0	 	0.00403693	 	0.0328187	 	
634000	-1.99591	 	15.9673	 	-0.0575079	 	3.99321	 	0.998647	 	0	 	0.00402422	 	0.0327154	 	
636000	-1.99591	 	15.9673	 	-0.0593223	 	3.99321	 	0.998648	 	0	 	0.00401784	 	0.0327129	 	
638000	-1.9959	 	15.9672	 	-0.05946	 	3.99319	 	0.998643	 	0	 	0.00403182	 	0.0328104	 	
640000	-1.99586	 	15.9669	 	-0.0610148	 	3.99311	 	0.998627	 	0	 	0.00408778	 	0.0331313	 	
642000	-1.99585	 	15.9669	 	-0.0627259	 	3.99311	 	0.998626	 	0	 	0.00409214	 	0.0331524	 	
644000	-1.99585	 	15.9669	 	-0.0654286	 	3.99311	 	0.998626	 	0	 	0.00409493	 	0.0331486	 	
646000	-1.99587	 	15.967	 	-0.065226	 	3.99313	 	0.99863	 	0	 	0.00408228	 	0.0330462	 	
648000	-1.99587	 	15.967	 	-0.0652168	 	3.99313	 	0.99863	 	0	 	0.00408046	 	0.0330428	 	
650000	-1.99587	 	15.967	 	-0.0680908	 	3.99314	 	0.998632	 	0	 	0.00407559	 	0.0329904	 	
652000	-1.99588	 	15.9671	 	-0.068737	 	3.99315	 	0.998634	 	0	 	0.00407076	 	0.0329382	 	
654000	-1.99589	 	15.9671	 	-0.0659717	 	3.99316	 	0.998637	 	0	 	0.00406137	 	0.0328865	 	
656000	-1.99589	 	15.9672	 	-0.0648918	 	3.99317	 	0.998639	 	0	 	0.00405661	 	0.032835	 	
658000	-1.9959	 	15.9673	 	-0.0646953	 	3.99319	 	0.998642	 	0	 	0.00404582	 	0.0327596	 	
660000	-1.9959	 	15.9672	 	-0.0644947	 	3.99318	 	0.998642	 	0	 	0.00404262	 	0.0328054	 	
662000	-1.99589	 	15.9672	 	-0.0657273	 	3.99317	 	0.998638	 	0	 	0.00405452	 	0.032875	 	
664000	-1.9959	 	15.9672	 	-0.067247	 	3.99318	 	0.998642	 	0	 	0.00404382	 	0.0328002	 	
666000	-1.99591	 	15.9673	 	-0.069798	 	3.9932	 	0.998645	 	0	 	0.0040332	 	0.0327258	 	
668000	-1.99588	 	15.9671	 	-0.0720337	 	3.99316	 	0.998638	 	0	 	0.00404498	 	0.0329381	 	
670000	-1.99588	 	15.9671	 	-0.0741493	 	3.99316	 	0.998639	 	0	 	0.00404632	 	0.0329113	 	
672000	-1.99589	 	15.9671	 	-0.0752232	 	3.99317	 	0.99864	 	0	 	0.0040432	 	0.0328847	 	
674000	-1.99589	 	15.9672	 	-0.0779651	 	3.99318	 	0.998642	 	0	 	0.00403861	 	0.0328346	 	
676000	-1.99589	 	15.9672	 	-0.0797685	 	3.99317	 	0.99864	 	0	 	0.00404733	 	0.0328555	 	
678000	-1.9959	 	15.9672	 	-0.0795339	 	3.99319	 	0.998643	 	0	 	0.00403688	 	0.0327823	 	
680000	-1.9959	 	15.9673	 	-0.0792963	 	3.9932	 	0.998645	 	0	 	0.00402942	 	0.0327564	 	
682000	-1.9959	 	15.9672	 	-0.0782412	 	3.99319	 	0.998644	 	0	 	0.00402931	 	0.0327773	 	
684000	-1.9959	 	15.9673	 	-0.0750921	 	3.9932	 	0.998646	 	0	 	0.00402191	 	0.0327516	 	
686000	-1.99591	 	15.9673	 	-0.073637	 	3.9932	 	0.998647	 	0	 	0.00401892	 	0.032726	 	
688000	-1.99592	 	15.9674	 	-0.073423	 	3.99322	 	0.998651	 	0	 	0.00400726	 	0.032631	 	
690000	-1.99593	 	15.9675	 	-0.0711652	 	3.99324	 	0.998654	 	0	 	0.00400144	 	0.0325597	 	
692000	-1.99593	 	15.9675	 	-0.070448	 	3.99324	 	0.998653	 	0	 	0.0040043	 	0.0325579	 	
694000	-1.99594	 	15.9676	 	-0.0673631	 	3.99326	 	0.998657	 	0	 	0.00399279	 	0.0324643	 	
696000	-1.99595	 	15.9676	 	-0.0666358	 	3.99327	 	0.998659	 	0	 	0.00398849	 	0.032417	 	
698000	-1.99594	 	15.9676	 	-0.0677736	 	3.99326	 	0.998659	 	0	 	0.00398421	 	0.0324385	 	
700000	-1.99595	 	15.9676	 	-0.0683464	 	3.99327	 	0.998661	 	0	 	0.00397711	 	0.0324143	 	
702000	-1.99594	 	15.9676	 	-0.0673511	 	3.99326	 	0.998659	 	0	 	0.00398283	 	0.0324583	 	
704000	-1.99592	 	15.9674	 	-0.0650866	 	3.99322	 	0.998652	 	0	 	0.00400125	 	0.0326379	 	
706000	-1.99592	 	15.9674	 	-0.0648152	 	3.99323	 	0.998654	 	0	 	0.00399417	 	0.0326133	 	
708000	-1.99588	 	15.9671	 	-0.0648362	 	3.99317	 	0.998641	 	0	 	0.00403216	 	0.032904	 	
710000	-1.9959	 	15.9672	 	-0.0646535	 	3.99319	 	0.998645	 	0	 	0.00402083	 	0.0328115	 	
712000	-1.9959	 	15.9673	 	-0.0644712	 	3.9932	 	0.998648	 	0	 	0.00401095	 	0.0327419	 	
714000	-1.99592	 	15.9674	 	-0.0642906	 	3.99322	 	0.998652	 	0	 	0.00399973	 	0.0326504	 	
716000	-1.99592	 	15.9674	 	-0.0641131	 	3.99323	 	0.998654	 	0	 	0.00399275	 	0.0326261	 	
718000	-1.99588	 	15.9671	 	-0.0617591	 	3.99316	 	0.998639	 	0	 	0.00403995	 	0.0329349	 	
720000	-1.99589	 	15.9672	 	-0.0615875	 	3.99318	 	0.998643	 	0	 	0.00402875	 	0.0328436	 	
722000	-1.9959	 	15.9673	 	-0.0614169	 	3.9932	 	0.998647	 	0	 	0.00401761	 	0.0327528	 	
724000	-1.99591	 	15.9673	 	-0.0629157	 	3.9932	 	0.998648	 	0	 	0.00401479	 	0.0327285	 	
726000	-1.9959	 	15.9672	 	-0.0641095	 	3.99318	 	0.998643	 	0	 	0.00403533	 	0.0328141	 	
728000	-1.9959	 	15.9672	 	-0.0639368	 	3.99319	 	0.998643	 	0	 	0.00403659	 	0.0327898	 	
730000	-1.99588	 	15.9671	 	-0.0645356	 	3.99315	 	0.998637	 	0	 	0.0040501	 	0.0329621	 	
732000	-1.99587	 	15.967	 	-0.0641872	 	3.99314	 	0.998634	 	0	 	0.00405811	 	0.0330464	 	
734000	-1.99588	 	15.9671	 	-0.0667371	 	3.99316	 	0.998638	 	0	 	0.00404707	 	0.0329565	 	
736000	-1.99589	 	15.9672	 	-0.0692731	 	3.99317	 	0.998641	 	0	 	0.00403609	 	0.0328672	 	
738000	-1.99588	 	15.9671	 	-0.0717866	 	3.99317	 	0.99864	 	0	 	0.00403732	 	0.0329078	 	
740000	-1.99588	 	15.967	 	-0.0722419	 	3.99316	 	0.998639	 	0	 	0.00403584	 	0.0329698	 	
742000	-1.99588	 	15.9671	 	-0.0720472	 	3.99317	 	0.998642	 	0	 	0.00402766	 	0.0329241	 	
744000	-1.99589	 	15.9672	 	-0.0718522	 	3.99318	 	0.998644	 	0	 	0.00402221	 	0.0328572	 	
746000	-1.99589	 	15.9672	 	-0.0716575	 	3.99318	 	0.998644	 	0	 	0.00402348	 	0.0328333	 	
748000	-1.99589	 	15.9672	 	-0.0714639	 	3.99318	 	0.998643	 	0	 	0.00402739	 	0.0328522	 	
750000	-1.99588	 	15.9671	 	-0.0696347	 	3.99317	 	0.998641	 	0	 	0.00402995	 	0.0329135	 	
752000	-1.99587	 	15.967	 	-0.0702945	 	3.99315	 	0.998638	 	0	 	0.00403912	 	0.0330169	 	
754000	-1.99588	 	15.9671	 	-0.0727599	 	3.99316	 	0.998641	 	0	 	0.00402974	 	0.0329506	 	
756000	-1.99589	 	15.9671	 	-0.0752123	 	3.99318	 	0.998644	 	0	 	0.00402042	 	0.0328847	 	
758000	-1.99588	 	15.9671	 	-0.0764644	 	3.99317	 	0.998642	 	0	 	0.00402429	 	0.0329032	 	
760000	-1.99589	 	15.9672	 	-0.0788934	 	3.99318	 	0.998645	 	0	 	0.00401897	 	0.0328378	 	
762000	-1.99589	 	15.9671	 	-0.0787067	 	3.99318	 	0.998644	 	0	 	0.0040202	 	0.0328772	 	
764000	-1.99588	 	15.9671	 	-0.0770838	 	3.99316	 	0.998641	 	0	 	0.00402665	 	0.0329373	 	
766000	-1.99588	 	15.9671	 	-0.0757278	 	3.99316	 	0.998639	 	0	 	0.00403828	 	0.0329555	 	
768000	-1.99588	 	15.967	 	-0.0749694	 	3.99315	 	0.998639	 	0	 	0.00403816	 	0.0329736	 	
770000	-1.99588	 	15.9671	 	-0.0747779	 	3.99316	 	0.99864	 	0	 	0.00403416	 	0.0329295	 	
772000	-1.99589	 	15.9671	 	-0.0766347	 	3.99317	 	0.998642	 	0	 	0.00402631	 	0.0328857	 	
774000	-1.99587	 	15.967	 	-0.0771673	 	3.99315	 	0.998636	 	0	 	0.0040507	 	0.0329861	 	
776000	-1.99587	 	15.967	 	-0.0782887	 	3.99314	 	0.998635	 	0	 	0.00405183	 	0.0330245	 	
778000	-1.99587	 	15.967	 	-0.07809	 	3.99315	 	0.998638	 	0	 	0.00404399	 	0.0329807	 	
780000	-1.99588	 	15.9671	 	-0.0778897	 	3.99317	 	0.998641	 	0	 	0.00403364	 	0.0328964	 	
782000	-1.9959	 	15.9672	 	-0.0776905	 	3.99319	 	0.998645	 	0	 	0.00402334	 	0.0328124	 	
784000	-1.9959	 	15.9672	 	-0.0774872	 	3.99319	 	0.998644	 	0	 	0.00402581	 	0.0328102	 	
786000	-1.9959	 	15.9672	 	-0.077458	 	3.99319	 	0.998645	 	0	 	0.00402319	 	0.0327877	 	
788000	-1.99591	 	15.9673	 	-0.0797995	 	3.99321	 	0.998648	 	0	 	0.004013	 	0.0327046	 	
790000	-1.99592	 	15.9674	 	-0.0821278	 	3.99322	 	0.998651	 	0	 	0.00400791	 	0.0326422	 	
792000	-1.99592	 	15.9674	 	-0.0824886	 	3.99323	 	0.998653	 	0	 	0.00400032	 	0.0326001	 	
794000	-1.99593	 	15.9675	 	-0.079995	 	3.99324	 	0.998655	 	0	 	0.00399528	 	0.0325383	 	
796000	-1.99593	 	15.9675	 	-0.0810823	 	3.99324	 	0.998655	 	0	 	0.00399402	 	0.0325367	 	
798000	-1.99593	 	15.9675	 	-0.0815226	 	3.99325	 	0.998657	 	0	 	0.00399028	 	0.0324953	 	
800000	-1.99595	 	15.9676	 	-0.0838187	 	3.99327	 	0.99866	 	0	 	0.00398032	 	0.0324142	 	
802000	-1.99595	 	15.9676	 	-0.0861022	 	3.99328	 	0.998662	 	0	 	0.00397289	 	0.0323733	 	
804000	-1.99595	 	15.9677	 	-0.0862152	 	3.99328	 	0.998663	 	0	 	0.00397046	 	0.0323524	 	
806000	-1.99594	 	15.9676	 	-0.0845471	 	3.99326	 	0.998659	 	0	 	0.00398288	 	0.0324502	 	
808000	-1.99595	 	15.9676	 	-0.0843366	 	3.99327	 	0.998661	 	0	 	0.0039755	 	0.0324095	 	
810000	-1.99594	 	15.9676	 	-0.0841241	 	3.99327	 	0.998661	 	0	 	0.00397184	 	0.032428	 	
812000	-1.99595	 	15.9676	 	-0.0846773	 	3.99327	 	0.998663	 	0	 	0.00396575	 	0.0324072	 	
814000	-1.99595	 	15.9677	 	-0.0869257	 	3.99329	 	0.998665	 	0	 	0.00395725	 	0.0323473	 	
816000	-1.99595	 	15.9676	 	-0.0891563	 	3.99327	 	0.998662	 	0	 	0.00396711	 	0.0324049	 	
818000	-1.99595	 	15.9676	 	-0.089085	 	3.99328	 	0.998663	 	0	 	0.00396473	 	0.0323842	 	
820000	-1.99593	 	15.9675	 	-0.0888634	 	3.99325	 	0.998659	 	0	 	0.00397573	 	0.0325192	 	
822000	-1.99594	 	15.9675	 	-0.0871423	 	3.99326	 	0.998661	 	0	 	0.00396849	 	0.032479	 	
824000	-1.99594	 	15.9676	 	-0.0865601	 	3.99327	 	0.998662	 	0	 	0.0039625	 	0.0324583	 	
826000	-1.99593	 	15.9675	 	-0.0866562	 	3.99325	 	0.998659	 	0	 	0.00397343	 	0.0325342	 	
828000	-1.99594	 	15.9675	 	-0.0888617	 	3.99326	 	0.998661	 	0	 	0.00396505	 	0.032475	 	
830000	-1.99594	 	15.9676	 	-0.0895145	 	3.99327	 	0.998664	 	0	 	0.00395671	 	0.0324161	 	
832000	-1.99595	 	15.9677	 	-0.0892993	 	3.99329	 	0.998667	 	0	 	0.00394722	 	0.0323384	 	
834000	-1.99595	 	15.9677	 	-0.0874382	 	3.99329	 	0.998667	 	0	 	0.00394613	 	0.0323374	 	
836000	-1.99595	 	15.9677	 	-0.0870203	 	3.99329	 	0.998666	 	0	 	0.00394982	 	0.0323555	 	
838000	-1.99595	 	15.9677	 	-0.0852655	 	3.99329	 	0.998666	 	0	 	0.00395112	 	0.0323355	 	
840000	-1.99595	 	15.9677	 	-0.0826875	 	3.99328	 	0.998665	 	0	 	0.00395835	 	0.0323535	 	
842000	-1.99595	 	15.9676	 	-0.0801205	 	3.99328	 	0.998663	 	0	 	0.00396554	 	0.0323714	 	
844000	-1.99595	 	15.9677	 	-0.0778898	 	3.99329	 	0.998665	 	0	 	0.00396206	 	0.0323327	 	
846000	-1.99596	 	15.9677	 	-0.0799563	 	3.99329	 	0.998665	 	0	 	0.00395978	 	0.0323129	 	
848000	-1.99596	 	15.9678	 	-0.0821256	 	3.9933	 	0.998668	 	0	 	0.00395163	 	0.0322556	 	
850000	-1.99597	 	15.9678	 	-0.0842847	 	3.99332	 	0.998671	 	0	 	0.00394352	 	0.0321986	 	
852000	-1.99597	 	15.9678	 	-0.0855986	 	3.99331	 	0.998669	 	0	 	0.00394831	 	0.0322354	 	
854000	-1.99597	 	15.9678	 	-0.0863039	 	3.99331	 	0.99867	 	0	 	0.00394492	 	0.0321974	 	
856000	-1.99597	 	15.9678	 	-0.0882407	 	3.99332	 	0.998672	 	0	 	0.0039392	 	0.0321782	 	
858000	-1.99598	 	15.9679	 	-0.0903654	 	3.99333	 	0.998674	 	0	 	0.0039312	 	0.0321219	 	
860000	-1.99598	 	15.9679	 	-0.0924791	 	3.99334	 	0.998676	 	0	 	0.00392554	 	0.0321029	 	
862000	-1.99598	 	15.9679	 	-0.0945806	 	3.99333	 	0.998675	 	0	 	0.00392917	 	0.032121	 	
864000	-1.99598	 	15.9679	 	-0.0937639	 	3.99333	 	0.998674	 	0	 	0.00393278	 	0.032139	 	
866000	-1.99599	 	15.9679	 	-0.0912379	 	3.99334	 	0.998677	 	0	 	0.00392371	 	0.032065	 	
868000	-1.99597	 	15.9678	 	-0.0897604	 	3.99331	 	0.998668	 	0	 	0.00395604	 	0.0322115	 	
870000	-1.99598	 	15.9679	 	-0.089554	 	3.99332	 	0.998671	 	0	 	0.00394696	 	0.0321376	 	
872000	-1.99598	 	15.9679	 	-0.0893492	 	3.99333	 	0.998673	 	0	 	0.00394135	 	0.0321189	 	
874000	-1.99598	 	15.9679	 	-0.0911447	 	3.99332	 	0.998671	 	0	 	0.00394602	 	0.0321549	 	
876000	-1.99598	 	15.9679	 	-0.0932163	 	3.99332	 	0.998671	 	0	 	0.00394841	 	0.0321544	 	
878000	-1.99599	 	15.9679	 	-0.0952819	 	3.99334	 	0.998674	 	0	 	0.00393943	 	0.0320813	 	
880000	-1.99599	 	15.9679	 	-0.0962261	 	3.99334	 	0.998674	 	0	 	0.00394069	 	0.0320629	 	
882000	-1.99598	 	15.9679	 	-0.0956842	 	3.99332	 	0.998671	 	0	 	0.00395098	 	0.0321349	 	
884000	-1.99597	 	15.9678	 	-0.0932138	 	3.99331	 	0.998669	 	0	 	0.00395671	 	0.0321885	 	
886000	-1.99597	 	15.9678	 	-0.091035	 	3.99331	 	0.998668	 	0	 	0.00395904	 	0.032188	 	
888000	-1.99597	 	15.9678	 	-0.0924882	 	3.99331	 	0.998668	 	0	 	0.003958	 	0.0321874	 	
890000	-1.99597	 	15.9678	 	-0.0922039	 	3.99331	 	0.998668	 	0	 	0.00395582	 	0.0322226	 	
892000	-1.99596	 	15.9677	 	-0.0899664	 	3.9933	 	0.998666	 	0	 	0.00396373	 	0.0322577	 	
894000	-1.99597	 	15.9678	 	-0.0880615	 	3.99331	 	0.998668	 	0	 	0.00395934	 	0.0322035	 	
896000	-1.99597	 	15.9678	 	-0.0894782	 	3.99331	 	0.998667	 	0	 	0.00396499	 	0.0322029	 	
898000	-1.99598	 	15.9678	 	-0.091505	 	3.99332	 	0.998669	 	0	 	0.00395839	 	0.0321668	 	
900000	-1.99597	 	15.9678	 	-0.0919894	 	3.99331	 	0.998668	 	0	 	0.00395624	 	0.0322017	 	
902000	-1.99597	 	15.9678	 	-0.0937805	 	3.9933	 	0.998666	 	0	 	0.00396628	 	0.0322188	 	
904000	-1.99595	 	15.9676	 	-0.0941986	 	3.99327	 	0.99866	 	0	 	0.00398728	 	0.0323592	 	
906000	-1.99593	 	15.9675	 	-0.0935905	 	3.99323	 	0.998649	 	0	 	0.00402802	 	0.0325517	 	
908000	-1.99593	 	15.9675	 	-0.0911845	 	3.99323	 	0.99865	 	0	 	0.00402465	 	0.0325153	 	
910000	-1.99593	 	15.9675	 	-0.088789	 	3.99324	 	0.998651	 	0	 	0.00402349	 	0.032514	 	
912000	-1.99594	 	15.9676	 	-0.0864013	 	3.99325	 	0.998654	 	0	 	0.00401468	 	0.0324429	 	
914000	-1.99594	 	15.9675	 	-0.084256	 	3.99325	 	0.998653	 	0	 	0.00401463	 	0.0324592	 	
916000	-1.99592	 	15.9674	 	-0.0861217	 	3.99322	 	0.998649	 	0	 	0.00402436	 	0.0325798	 	
918000	-1.99591	 	15.9673	 	-0.0860458	 	3.99319	 	0.998643	 	0	 	0.00404492	 	0.0327173	 	
920000	-1.9959	 	15.9672	 	-0.0862924	 	3.99318	 	0.99864	 	0	 	0.00405347	 	0.0327675	 	
922000	-1.9959	 	15.9673	 	-0.0861036	 	3.99319	 	0.998642	 	0	 	0.0040501	 	0.0327312	 	
924000	-1.9959	 	15.9672	 	-0.087164	 	3.99318	 	0.99864	 	0	 	0.00405429	 	0.0327639	 	
926000	-1.99591	 	15.9673	 	-0.0891355	 	3.9932	 	0.998643	 	0	 	0.00404555	 	0.0326933	 	
928000	-1.99592	 	15.9674	 	-0.0908276	 	3.99321	 	0.998645	 	0	 	0.00403792	 	0.0326402	 	
930000	-1.99592	 	15.9674	 	-0.0909946	 	3.99321	 	0.998646	 	0	 	0.00403353	 	0.0326387	 	
932000	-1.99592	 	15.9674	 	-0.0907334	 	3.99321	 	0.998646	 	0	 	0.00403452	 	0.0326201	 	
934000	-1.99593	 	15.9674	 	-0.0883983	 	3.99322	 	0.998649	 	0	 	0.00402696	 	0.0325674	 	
936000	-1.99591	 	15.9673	 	-0.0880791	 	3.9932	 	0.998643	 	0	 	0.00404605	 	0.0326852	 	
938000	-1.99592	 	15.9674	 	-0.0878907	 	3.99321	 	0.998646	 	0	 	0.0040385	 	0.0326327	 	
940000	-1.99592	 	15.9674	 	-0.0891707	 	3.99322	 	0.998647	 	0	 	0.00403417	 	0.0325803	 	
942000	-1.99592	 	15.9674	 	-0.0910987	 	3.99321	 	0.998645	 	0	 	0.00404149	 	0.0326128	 	
944000	-1.99593	 	15.9675	 	-0.0930244	 	3.99323	 	0.998648	 	0	 	0.00403295	 	0.0325438	 	
946000	-1.99593	 	15.9675	 	-0.0949413	 	3.99324	 	0.998651	 	0	 	0.00402549	 	0.032492	 	
948000	-1.99594	 	15.9675	 	-0.0958439	 	3.99324	 	0.998652	 	0	 	0.00402227	 	0.0324572	 	
950000	-1.99594	 	15.9676	 	-0.0956384	 	3.99325	 	0.998652	 	0	 	0.00402326	 	0.0324394	 	
952000	-1.99595	 	15.9676	 	-0.0972868	 	3.99325	 	0.998653	 	0	 	0.00402006	 	0.0324048	 	
954000	-1.99594	 	15.9675	 	-0.0990199	 	3.99325	 	0.998652	 	0	 	0.00402208	 	0.032454	 	
956000	-1.99594	 	15.9675	 	-0.0980664	 	3.99324	 	0.998651	 	0	 	0.00402306	 	0.0324862	 	
958000	-1.99593	 	15.9675	 	-0.0960031	 	3.99323	 	0.998649	 	0	 	0.00402819	 	0.032535	 	
960000	-1.99594	 	15.9675	 	-0.0958031	 	3.99324	 	0.998652	 	0	 	0.00401982	 	0.0324673	 	
962000	-1.99593	 	15.9675	 	-0.0949901	 	3.99323	 	0.99865	 	0	 	0.00402286	 	0.0325325	 	
964000	-1.99593	 	15.9675	 	-0.0967417	 	3.99324	 	0.998651	 	0	 	0.0040197	 	0.0324982	 	
966000	-1.99594	 	15.9676	 	-0.0986118	 	3.99325	 	0.998654	 	0	 	0.00401139	 	0.032431	 	
968000	-1.99595	 	15.9676	 	-0.100473	 	3.99326	 	0.998655	 	0	 	0.00400826	 	0.0323971	 	
970000	-1.99592	 	15.9674	 	-0.102225	 	3.99322	 	0.998647	 	0	 	0.00403701	 	0.0325768	 	
972000	-1.99591	 	15.9673	 	-0.102713	 	3.99319	 	0.99864	 	0	 	0.00405948	 	0.0327067	 	
974000	-1.9959	 	15.9672	 	-0.101551	 	3.99317	 	0.998638	 	0	 	0.00406137	 	0.0328032	 	
976000	-1.9959	 	15.9673	 	-0.0992935	 	3.99319	 	0.998641	 	0	 	0.00405306	 	0.0327362	 	
978000	-1.9959	 	15.9672	 	-0.0970491	 	3.99318	 	0.99864	 	0	 	0.004056	 	0.0327508	 	
980000	-1.9959	 	15.9672	 	-0.0948444	 	3.99318	 	0.998639	 	0	 	0.00405688	 	0.0327817	 	
982000	-1.9959	 	15.9672	 	-0.094887	 	3.99318	 	0.998638	 	0	 	0.00405979	 	0.0327962	 	
984000	-1.9959	 	15.9673	 	-0.0967261	 	3.99319	 	0.998641	 	0	 	0.00405257	 	0.0327458	 	
986000	-1.9959	 	15.9672	 	-0.0985162	 	3.99318	 	0.998639	 	0	 	0.00405953	 	0.0327765	 	
988000	-1.9959	 	15.9672	 	-0.100237	 	3.99318	 	0.998638	 	0	 	0.00406242	 	0.032791	 	
990000	-1.99591	 	15.9673	 	-0.100035	 	3.99319	 	0.998641	 	0	 	0.00405423	 	0.0327248	 	
992000	-1.99589	 	15.9671	 	-0.0998443	 	3.99315	 	0.998634	 	0	 	0.00407822	 	0.0328839	 	
994000	-1.99587	 	15.967	 	-0.0996499	 	3.99313	 	0.99863	 	0	 	0.00408907	 	0.0329782	 	
996000	-1.99588	 	15.9671	 	-0.0994493	 	3.99315	 	0.998632	 	0	 	0.00408187	 	0.0329281	 	
998000	-1.99588	 	15.9671	 	-0.100067	 	3.99315	 	0.998633	 	0	 	0.0040767	 	0.0329101	 	
1000000	-1.99589	 	15.9671	 	-0.101866	 	3.99316	 	0.998636	 	0	 	0.00406955	 	0.0328604	 	
1002000	-1.9959	 	15.9672	 	-0.103659	 	3.99317	 	0.998638	 	0	 	0.00406144	 	0.0327949	 	
1004000	-1.99589	 	15.9671	 	-0.104921	 	3.99316	 	0.998636	 	0	 	0.00406726	 	0.0328567	 	
1006000	-1.99589	 	15.9671	 	-0.106237	 	3.99316	 	0.998637	 	0	 	0.00406314	 	0.0328549	 	
1008000	-1.99588	 	15.967	 	-0.105757	 	3.99314	 	0.998632	 	0	 	0.00407684	 	0.0329479	 	
1010000	-1.99587	 	15.967	 	-0.105403	 	3.99313	 	0.99863	 	0	 	0.00408754	 	0.0329932	 	
1012000	-1.99588	 	15.9671	 	-0.105194	 	3.99314	 	0.998632	 	0	 	0.00408046	 	0.0329439	 	
1014000	-1.99588	 	15.9671	 	-0.104989	 	3.99315	 	0.998633	 	0	 	0.00407734	 	0.0329105	 	
1016000	-1.99588	 	15.9671	 	-0.105258	 	3.99315	 	0.998633	 	0	 	0.00408111	 	0.0328929	 	
1018000	-1.99588	 	15.9671	 	-0.106579	 	3.99314	 	0.998631	 	0	 	0.00408583	 	0.0329379	 	
1020000	-1.99589	 	15.9671	 	-0.10637	 	3.99316	 	0.998634	 	0	 	0.00407783	 	0.0328735	 	
1022000	-1.99589	 	15.9672	 	-0.106162	 	3.99317	 	0.998636	 	0	 	0.00406986	 	0.0328093	 	
1024000	-1.9959	 	15.9672	 	-0.105955	 	3.99318	 	0.998638	 	0	 	0.00406387	 	0.0327765	 	
1026000	-1.9959	 	15.9672	 	-0.105749	 	3.99317	 	0.998638	 	0	 	0.00406373	 	0.0327904	 	
1028000	-1.99589	 	15.9671	 	-0.105812	 	3.99316	 	0.998634	 	0	 	0.00407425	 	0.0328817	 	
1030000	-1.99588	 	15.9671	 	-0.106727	 	3.99315	 	0.998633	 	0	 	0.0040799	 	0.0328953	 	
1032000	-1.99589	 	15.9672	 	-0.108458	 	3.99316	 	0.998636	 	0	 	0.00407201	 	0.0328317	 	
1034000	-1.9959	 	15.9672	 	-0.110183	 	3.99318	 	0.998638	 	0	 	0.00406415	 	0.0327683	 	
1036000	-1.99588	 	15.9671	 	-0.10948	 	3.99314	 	0.998631	 	0	 	0.00408517	 	0.0329359	 	
1038000	-1.99588	 	15.967	 	-0.107344	 	3.99314	 	0.998632	 	0	 	0.0040821	 	0.0329493	 	
1040000	-1.99588	 	15.967	 	-0.105218	 	3.99314	 	0.998631	 	0	 	0.00408481	 	0.0329627	 	
1042000	-1.99588	 	15.967	 	-0.10445	 	3.99314	 	0.998631	 	0	 	0.0040808	 	0.0329607	 	
1044000	-1.99588	 	15.9671	 	-0.10425	 	3.99315	 	0.998633	 	0	 	0.00407777	 	0.0329282	 	
1046000	-1.99589	 	15.9671	 	-0.103501	 	3.99316	 	0.998635	 	0	 	0.00407094	 	0.0328807	 	
1048000	-1.99589	 	15.9672	 	-0.101396	 	3.99317	 	0.998637	 	0	 	0.00406413	 	0.0328332	 	
1050000	-1.99589	 	15.9671	 	-0.0993048	 	3.99316	 	0.998635	 	0	 	0.00406874	 	0.0328771	 	
1052000	-1.99588	 	15.9671	 	-0.0973522	 	3.99315	 	0.998634	 	0	 	0.00407523	 	0.0329056	 	
1054000	-1.99587	 	15.967	 	-0.0983439	 	3.99314	 	0.998631	 	0	 	0.00408074	 	0.0329642	 	
1056000	-1.99588	 	15.967	 	-0.0994394	 	3.99314	 	0.998632	 	0	 	0.00407963	 	0.0329622	 	
1058000	-1.99588	 	15.967	 	-0.09925	 	3.99314	 	0.998633	 	0	 	0.00407475	 	0.0329452	 	
1060000	-1.99587	 	15.967	 	-0.0987788	 	3.99313	 	0.99863	 	0	 	0.004084	 	0.0330185	 	
1062000	-1.99586	 	15.9669	 	-0.0980871	 	3.99311	 	0.998628	 	0	 	0.00408569	 	0.0331065	 	
1064000	-1.99586	 	15.9669	 	-0.09636	 	3.99311	 	0.998628	 	0	 	0.00408269	 	0.0331193	 	
1066000	-1.99586	 	15.9669	 	-0.0950103	 	3.99312	 	0.998629	 	0	 	0.00407691	 	0.0330871	 	
1068000	-1.99587	 	15.967	 	-0.0929597	 	3.99313	 	0.998632	 	0	 	0.00406929	 	0.0330253	 	
1070000	-1.99587	 	15.967	 	-0.0909187	 	3.99313	 	0.998633	 	0	 	0.00406542	 	0.0330233	 	
1072000	-1.99586	 	15.9669	 	-0.0915765	 	3.99313	 	0.998632	 	0	 	0.004069	 	0.033051	 	
1074000	-1.99587	 	15.967	 	-0.0932682	 	3.99314	 	0.998634	 	0	 	0.00406144	 	0.0329896	 	
1076000	-1.99588	 	15.967	 	-0.0949531	 	3.99315	 	0.998636	 	0	 	0.00405483	 	0.0329432	 	
1078000	-1.99588	 	15.967	 	-0.0966294	 	3.99315	 	0.998636	 	0	 	0.00405471	 	0.0329561	 	
1080000	-1.99587	 	15.967	 	-0.0982074	 	3.99315	 	0.998635	 	0	 	0.00405736	 	0.0329689	 	
1082000	-1.99587	 	15.967	 	-0.0980555	 	3.99315	 	0.998635	 	0	 	0.00405909	 	0.032967	 	
1084000	-1.99587	 	15.967	 	-0.0976974	 	3.99314	 	0.998634	 	0	 	0.0040608	 	0.0330092	 	
1086000	-1.99587	 	15.967	 	-0.0956805	 	3.99313	 	0.998632	 	0	 	0.00406986	 	0.0330366	 	
1088000	-1.99587	 	15.967	 	-0.0936673	 	3.99314	 	0.998633	 	0	 	0.00406422	 	0.0330053	 	
1090000	-1.99587	 	15.967	 	-0.0917528	 	3.99313	 	0.998632	 	0	 	0.00407049	 	0.0330326	 	
1092000	-1.99586	 	15.9669	 	-0.0915888	 	3.99313	 	0.99863	 	0	 	0.00407857	 	0.0330451	 	
1094000	-1.99586	 	15.9669	 	-0.0920708	 	3.99312	 	0.998628	 	0	 	0.0040848	 	0.0330722	 	
1096000	-1.99587	 	15.967	 	-0.0919024	 	3.99313	 	0.99863	 	0	 	0.00407826	 	0.0330266	 	
1098000	-1.99587	 	15.967	 	-0.0930301	 	3.99313	 	0.998629	 	0	 	0.00408356	 	0.0330391	 	
1100000	-1.99587	 	15.967	 	-0.0946773	 	3.99313	 	0.99863	 	0	 	0.00408158	 	0.0330226	 	
1102000	-1.99587	 	15.967	 	-0.0945799	 	3.99313	 	0.998629	 	0	 	0.00408685	 	0.0330351	 	
1104000	-1.99587	 	15.967	 	-0.0939488	 	3.99313	 	0.99863	 	0	 	0.00408398	 	0.0330042	 	
1106000	-1.99586	 	15.9669	 	-0.0919751	 	3.99312	 	0.998629	 	0	 	0.00408561	 	0.0330455	 	
1108000	-1.99587	 	15.967	 	-0.0910659	 	3.99313	 	0.99863	 	0	 	0.00408274	 	0.0330147	 	
1110000	-1.99586	 	15.9669	 	-0.0900811	 	3.99312	 	0.998628	 	0	 	0.00409157	 	0.0330415	 	
1112000	-1.99587	 	15.967	 	-0.0881205	 	3.99313	 	0.99863	 	0	 	0.00408422	 	0.0329822	 	
1114000	-1.99588	 	15.9671	 	-0.0861679	 	3.99314	 	0.998632	 	0	 	0.00408049	 	0.0329374	 	
1116000	-1.99588	 	15.9671	 	-0.0852728	 	3.99314	 	0.998631	 	0	 	0.0040848	 	0.0329356	 	
1118000	-1.99588	 	15.9671	 	-0.0862066	 	3.99315	 	0.998632	 	0	 	0.00408196	 	0.0329053	 	
1120000	-1.99589	 	15.9671	 	-0.0878375	 	3.99316	 	0.998634	 	0	 	0.00407646	 	0.0328751	 	
1122000	-1.99589	 	15.9672	 	-0.088652	 	3.99316	 	0.998636	 	0	 	0.0040701	 	0.0328309	 	
1124000	-1.99589	 	15.9671	 	-0.08754	 	3.99316	 	0.998634	 	0	 	0.00407439	 	0.0328718	 	
1126000	-1.99589	 	15.9671	 	-0.0873868	 	3.99316	 	0.998635	 	0	 	0.00407336	 	0.0328701	 	
1128000	-1.99589	 	15.9672	 	-0.0874211	 	3.99317	 	0.998637	 	0	 	0.00406703	 	0.0328261	 	
1130000	-1.99589	 	15.9672	 	-0.0869186	 	3.99317	 	0.998636	 	0	 	0.00406867	 	0.0328245	 	
1132000	-1.9959	 	15.9672	 	-0.0849987	 	3.99318	 	0.998638	 	0	 	0.00406237	 	0.0327807	 	
1134000	-1.99589	 	15.9672	 	-0.0838968	 	3.99317	 	0.998638	 	0	 	0.00406312	 	0.0328073	 	
1136000	-1.9959	 	15.9672	 	-0.0837491	 	3.99318	 	0.99864	 	0	 	0.00405598	 	0.0327497	 	
1138000	-1.99589	 	15.9672	 	-0.0837887	 	3.99317	 	0.998638	 	0	 	0.00406199	 	0.0328183	 	
1140000	-1.9959	 	15.9672	 	-0.0836399	 	3.99317	 	0.998638	 	0	 	0.00406188	 	0.0327888	 	
1142000	-1.9959	 	15.9672	 	-0.0834094	 	3.99317	 	0.998638	 	0	 	0.00406351	 	0.0327873	 	
1144000	-1.99589	 	15.9672	 	-0.0817719	 	3.99316	 	0.998635	 	0	 	0.00407297	 	0.0328276	 	
1146000	-1.99589	 	15.9671	 	-0.0816309	 	3.99316	 	0.998634	 	0	 	0.00407806	 	0.0328399	 	
1148000	-1.99589	 	15.9671	 	-0.0807091	 	3.99316	 	0.998635	 	0	 	0.00407443	 	0.0328384	 	
1150000	-1.99589	 	15.9671	 	-0.0797783	 	3.99315	 	0.998633	 	0	 	0.00408296	 	0.0328645	 	
1152000	-1.99589	 	15.9672	 	-0.0794006	 	3.99316	 	0.998634	 	0	 	0.00408021	 	0.0328352	 	
1154000	-1.99588	 	15.967	 	-0.0778588	 	3.99314	 	0.99863	 	0	 	0.00408955	 	0.0329579	 	
1156000	-1.99587	 	15.967	 	-0.0777275	 	3.99313	 	0.998629	 	0	 	0.00409283	 	0.0329837	 	
1158000	-1.99588	 	15.967	 	-0.0775941	 	3.99314	 	0.99863	 	0	 	0.00408749	 	0.0329544	 	
1160000	-1.99587	 	15.967	 	-0.0774651	 	3.99313	 	0.998628	 	0	 	0.00409333	 	0.0330213	 	
1162000	-1.99586	 	15.9669	 	-0.0773275	 	3.99312	 	0.998627	 	0	 	0.00409659	 	0.0330469	 	
1164000	-1.99586	 	15.9669	 	-0.0773067	 	3.99312	 	0.998626	 	0	 	0.00409726	 	0.0330724	 	
1166000	-1.99586	 	15.9669	 	-0.0772011	 	3.99312	 	0.998627	 	0	 	0.00409452	 	0.0330431	 	
1168000	-1.99586	 	15.9669	 	-0.0779439	 	3.99311	 	0.998624	 	0	 	0.00410801	 	0.0331094	 	
1170000	-1.99586	 	15.9669	 	-0.0780321	 	3.99311	 	0.998624	 	0	 	0.0041044	 	0.0331074	 	
1172000	-1.99586	 	15.9669	 	-0.0788643	 	3.99311	 	0.998625	 	0	 	0.00410335	 	0.0331054	 	
1174000	-1.99586	 	15.9669	 	-0.0785153	 	3.99312	 	0.998627	 	0	 	0.00409638	 	0.0330491	 	
1176000	-1.99587	 	15.967	 	-0.0766811	 	3.99313	 	0.998629	 	0	 	0.00408942	 	0.032993	 	
1178000	-1.99588	 	15.967	 	-0.0748531	 	3.99314	 	0.998632	 	0	 	0.00408249	 	0.0329371	 	
1180000	-1.99588	 	15.9671	 	-0.0730314	 	3.99315	 	0.998634	 	0	 	0.00407559	 	0.0328814	 	
1182000	-1.99589	 	15.9671	 	-0.0712162	 	3.99316	 	0.998636	 	0	 	0.00406954	 	0.0328394	 	
1184000	-1.99589	 	15.9671	 	-0.0702318	 	3.99316	 	0.998636	 	0	 	0.00406604	 	0.0328378	 	
1186000	-1.9959	 	15.9672	 	-0.0701134	 	3.99318	 	0.998639	 	0	 	0.0040592	 	0.0327826	 	
1188000	-1.9959	 	15.9673	 	-0.0699954	 	3.99319	 	0.998641	 	0	 	0.00405238	 	0.0327275	 	
1190000	-1.99591	 	15.9673	 	-0.069879	 	3.99319	 	0.998642	 	0	 	0.00404809	 	0.0327128	 	
1192000	-1.99589	 	15.9672	 	-0.0708364	 	3.99317	 	0.998637	 	0	 	0.00406807	 	0.0328051	 	
1194000	-1.9959	 	15.9672	 	-0.0711126	 	3.99317	 	0.998637	 	0	 	0.00406878	 	0.0327903	 	
1196000	-1.9959	 	15.9672	 	-0.0710832	 	3.99317	 	0.998638	 	0	 	0.00406699	 	0.0327755	 	
1198000	-1.9959	 	15.9672	 	-0.0722354	 	3.99317	 	0.998637	 	0	 	0.00406936	 	0.0327874	 	
1200000	-1.9959	 	15.9673	 	-0.072115	 	3.99318	 	0.998639	 	0	 	0.00406259	 	0.0327329	 	
1202000	-1.99591	 	15.9673	 	-0.0721339	 	3.99319	 	0.998641	 	0	 	0.00405916	 	0.0326918	 	
1204000	-1.99591	 	15.9673	 	-0.0732085	 	3.99319	 	0.99864	 	0	 	0.00406236	 	0.032717	 	
1206000	-1.99591	 	15.9673	 	-0.0742898	 	3.99319	 	0.998641	 	0	 	0.00405811	 	0.0327025	 	
1208000	-1.99591	 	15.9673	 	-0.0727012	 	3.9932	 	0.998642	 	0	 	0.00405223	 	0.0326616	 	
1210000	-1.99592	 	15.9674	 	-0.0709293	 	3.99321	 	0.998644	 	0	 	0.00404637	 	0.0326209	 	
1212000	-1.99592	 	15.9674	 	-0.069163	 	3.99321	 	0.998646	 	0	 	0.00404134	 	0.0325935	 	
1214000	-1.99592	 	15.9674	 	-0.0682026	 	3.99322	 	0.998647	 	0	 	0.0040388	 	0.0325662	 	
1216000	-1.99592	 	15.9674	 	-0.0692516	 	3.99321	 	0.998644	 	0	 	0.00404692	 	0.0326307	 	
1218000	-1.99592	 	15.9674	 	-0.0691379	 	3.99322	 	0.998646	 	0	 	0.00404029	 	0.0325772	 	
1220000	-1.99592	 	15.9674	 	-0.0685332	 	3.99322	 	0.998646	 	0	 	0.00403775	 	0.0325892	 	
1222000	-1.99591	 	15.9673	 	-0.0678114	 	3.99319	 	0.99864	 	0	 	0.00405889	 	0.0327055	 	
1224000	-1.9959	 	15.9672	 	-0.0674534	 	3.99318	 	0.998637	 	0	 	0.004071	 	0.0327563	 	
1226000	-1.99589	 	15.9672	 	-0.0657875	 	3.99316	 	0.998634	 	0	 	0.00408308	 	0.032807	 	
1228000	-1.9959	 	15.9672	 	-0.0656808	 	3.99317	 	0.998636	 	0	 	0.00407725	 	0.0327666	 	
1230000	-1.9959	 	15.9672	 	-0.0652654	 	3.99317	 	0.998636	 	0	 	0.00407467	 	0.0327782	 	
1232000	-1.9959	 	15.9672	 	-0.0651591	 	3.99318	 	0.998638	 	0	 	0.00406888	 	0.032738	 	
1234000	-1.9959	 	15.9672	 	-0.0662549	 	3.99317	 	0.998637	 	0	 	0.00407279	 	0.0327755	 	
1236000	-1.9959	 	15.9672	 	-0.0655975	 	3.99318	 	0.998638	 	0	 	0.00406782	 	0.0327483	 	
1238000	-1.9959	 	15.9672	 	-0.0644196	 	3.99318	 	0.998639	 	0	 	0.00406448	 	0.032747	 	
1240000	-1.9959	 	15.9673	 	-0.0631218	 	3.99319	 	0.99864	 	0	 	0.00406195	 	0.03272	 	
1242000	-1.9959	 	15.9672	 	-0.0614134	 	3.99318	 	0.998639	 	0	 	0.00406264	 	0.0327444	 	
1244000	-1.99589	 	15.9671	 	-0.0598537	 	3.99316	 	0.998633	 	0	 	0.00408095	 	0.0328584	 	
1246000	-1.99588	 	15.9671	 	-0.0585265	 	3.99315	 	0.998632	 	0	 	0.00408401	 	0.0328825	 	
1248000	-1.99588	 	15.9671	 	-0.0593285	 	3.99315	 	0.998632	 	0	 	0.00408386	 	0.0328937	 	
1250000	-1.99589	 	15.9671	 	-0.0608336	 	3.99316	 	0.998634	 	0	 	0.00407734	 	0.0328412	 	
1252000	-1.99589	 	15.9671	 	-0.0621669	 	3.99316	 	0.998634	 	0	 	0.00407561	 	0.0328652	 	
1254000	-1.99589	 	15.9672	 	-0.0636623	 	3.99317	 	0.998636	 	0	 	0.00406991	 	0.0328256	 	
1256000	-1.99589	 	15.9671	 	-0.0646043	 	3.99316	 	0.998636	 	0	 	0.0040674	 	0.0328369	 	
1258000	-1.99589	 	15.9672	 	-0.064502	 	3.99317	 	0.998637	 	0	 	0.00406332	 	0.0328228	 	
1260000	-1.99589	 	15.9671	 	-0.063619	 	3.99317	 	0.998637	 	0	 	0.00406083	 	0.032834	 	
1262000	-1.99589	 	15.9671	 	-0.0635254	 	3.99316	 	0.998637	 	0	 	0.00406072	 	0.0328452	 	
1264000	-1.99589	 	15.9671	 	-0.0648588	 	3.99316	 	0.998636	 	0	 	0.00406297	 	0.0328564	 	
1266000	-1.99588	 	15.9671	 	-0.0663318	 	3.99316	 	0.998635	 	0	 	0.00406838	 	0.0328801	 	
1268000	-1.99589	 	15.9672	 	-0.0678044	 	3.99317	 	0.998637	 	0	 	0.00406197	 	0.0328284	 	
1270000	-1.99589	 	15.9671	 	-0.0679937	 	3.99317	 	0.998637	 	0	 	0.00406186	 	0.0328395	 	
1272000	-1.99589	 	15.9671	 	-0.0678907	 	3.99316	 	0.998636	 	0	 	0.00406489	 	0.0328631	 	
1274000	-1.99589	 	15.9672	 	-0.0663269	 	3.99317	 	0.998638	 	0	 	0.0040593	 	0.0328242	 	
1276000	-1.9959	 	15.9672	 	-0.064656	 	3.99318	 	0.998639	 	0	 	0.00405372	 	0.0327853	 	
1278000	-1.99589	 	15.9671	 	-0.0637164	 	3.99317	 	0.998638	 	0	 	0.00405596	 	0.0328339	 	
1280000	-1.9959	 	15.9672	 	-0.0625398	 	3.99318	 	0.99864	 	0	 	0.00405041	 	0.0327951	 	
1282000	-1.99589	 	15.9672	 	-0.0612796	 	3.99317	 	0.998639	 	0	 	0.0040511	 	0.0328186	 	
1284000	-1.9959	 	15.9672	 	-0.0602512	 	3.99318	 	0.998641	 	0	 	0.00404635	 	0.0327924	 	
1286000	-1.9959	 	15.9672	 	-0.0589195	 	3.99318	 	0.998642	 	0	 	0.00404161	 	0.0327663	 	
1288000	-1.99591	 	15.9673	 	-0.058828	 	3.99319	 	0.998644	 	0	 	0.00403535	 	0.0327155	 	
1290000	-1.9959	 	15.9672	 	-0.0587411	 	3.99319	 	0.998643	 	0	 	0.00403914	 	0.0327514	 	
1292000	-1.99589	 	15.9672	 	-0.0586502	 	3.99318	 	0.99864	 	0	 	0.00404833	 	0.0327995	 	
1294000	-1.9959	 	15.9672	 	-0.0585595	 	3.99319	 	0.998642	 	0	 	0.00404208	 	0.0327489	 	
1296000	-1.9959	 	15.9672	 	-0.0572164	 	3.99318	 	0.99864	 	0	 	0.00405047	 	0.0327845	 	
1298000	-1.9959	 	15.9672	 	-0.0560378	 	3.99318	 	0.998639	 	0	 	0.00405269	 	0.0327955	 	
1300000	-1.99588	 	15.9671	 	-0.05595	 	3.99316	 	0.998635	 	0	 	0.00406486	 	0.0328922	 	
1302000	-1.99588	 	15.9671	 	-0.0560952	 	3.99315	 	0.998634	 	0	 	0.00407087	 	0.0329274	 	
1304000	-1.99587	 	15.9669	 	-0.0571012	 	3.99312	 	0.998628	 	0	 	0.00409063	 	0.0330359	 	
1306000	-1.99587	 	15.9669	 	-0.0585433	 	3.99312	 	0.998628	 	0	 	0.00408972	 	0.0330342	 	
1308000	-1.99587	 	15.9669	 	-0.0589557	 	3.99312	 	0.998628	 	0	 	0.00409338	 	0.0330325	 	
1310000	-1.99587	 	15.967	 	-0.0573389	 	3.99313	 	0.99863	 	0	 	0.00408715	 	0.0329822	 	
1312000	-1.99588	 	15.967	 	-0.0557279	 	3.99314	 	0.998631	 	0	 	0.00408244	 	0.0329563	 	
1314000	-1.99587	 	15.967	 	-0.0543291	 	3.99314	 	0.998631	 	0	 	0.00408458	 	0.0329669	 	
1316000	-1.99587	 	15.967	 	-0.0542451	 	3.99314	 	0.998631	 	0	 	0.00408141	 	0.0329653	 	
1318000	-1.99588	 	15.967	 	-0.0528319	 	3.99314	 	0.998632	 	0	 	0.00407976	 	0.0329517	 	
1320000	-1.99587	 	15.967	 	-0.0521542	 	3.99313	 	0.998631	 	0	 	0.00408114	 	0.0329864	 	
1322000	-1.99587	 	15.967	 	-0.0532523	 	3.99314	 	0.998632	 	0	 	0.00407648	 	0.0329607	 	
1324000	-1.99587	 	15.967	 	-0.053267	 	3.99314	 	0.998632	 	0	 	0.00407635	 	0.0329712	 	
1326000	-1.99587	 	15.967	 	-0.0543013	 	3.99314	 	0.998632	 	0	 	0.00407321	 	0.0329696	 	
1328000	-1.99587	 	15.967	 	-0.053971	 	3.99313	 	0.998631	 	0	 	0.0040806	 	0.032992	 	
1330000	-1.99588	 	15.967	 	-0.0538898	 	3.99314	 	0.998633	 	0	 	0.00407448	 	0.0329425	 	
1332000	-1.99588	 	15.967	 	-0.0536573	 	3.99314	 	0.998633	 	0	 	0.00407435	 	0.032953	 	
1334000	-1.99588	 	15.9671	 	-0.0520783	 	3.99315	 	0.998634	 	0	 	0.00406975	 	0.0329276	 	
1336000	-1.99586	 	15.9669	 	-0.0509835	 	3.99312	 	0.998629	 	0	 	0.00408529	 	0.0330453	 	
1338000	-1.99586	 	15.9669	 	-0.0513535	 	3.99311	 	0.998626	 	0	 	0.00409558	 	0.0331151	 	
1340000	-1.99586	 	15.9669	 	-0.0527672	 	3.99311	 	0.998626	 	0	 	0.00409245	 	0.0331134	 	
1342000	-1.99585	 	15.9668	 	-0.0539791	 	3.9931	 	0.998624	 	0	 	0.00409675	 	0.0331591	 	
1344000	-1.99584	 	15.9667	 	-0.0532295	 	3.99308	 	0.998619	 	0	 	0.00411514	 	0.0332521	 	
1346000	-1.99584	 	15.9668	 	-0.0536178	 	3.99309	 	0.998621	 	0	 	0.004112	 	0.0332147	 	
1348000	-1.99584	 	15.9668	 	-0.0522782	 	3.99309	 	0.998622	 	0	 	0.00410813	 	0.0332009	 	
1350000	-1.99585	 	15.9668	 	-0.0515674	 	3.9931	 	0.998623	 	0	 	0.00410501	 	0.0331637	 	
1352000	-1.99585	 	15.9669	 	-0.0518528	 	3.9931	 	0.998624	 	0	 	0.0041019	 	0.0331265	 	
1354000	-1.99586	 	15.9669	 	-0.0520277	 	3.99311	 	0.998626	 	0	 	0.00409658	 	0.0330894	 	
1356000	-1.99586	 	15.9669	 	-0.051951	 	3.99312	 	0.998628	 	0	 	0.00409055	 	0.0330407	 	
1358000	-1.99587	 	15.967	 	-0.053313	 	3.99313	 	0.998629	 	0	 	0.00408674	 	0.0330274	 	
1360000	-1.99587	 	15.967	 	-0.0539614	 	3.99313	 	0.998629	 	0	 	0.00408586	 	0.0330258	 	
1362000	-1.99587	 	15.967	 	-0.0553484	 	3.99313	 	0.99863	 	0	 	0.00408426	 	0.0330125	 	
1364000	-1.99586	 	15.9669	 	-0.0555843	 	3.99311	 	0.998626	 	0	 	0.00409802	 	0.0330693	 	
1366000	-1.99587	 	15.967	 	-0.0555029	 	3.99312	 	0.998628	 	0	 	0.00409203	 	0.033021	 	
1368000	-1.99587	 	15.967	 	-0.0559664	 	3.99312	 	0.998628	 	0	 	0.00409335	 	0.0330194	 	
1370000	-1.99587	 	15.967	 	-0.0561361	 	3.99313	 	0.998629	 	0	 	0.00408956	 	0.0330062	 	
1372000	-1.99587	 	15.967	 	-0.0560539	 	3.99312	 	0.998628	 	0	 	0.00409451	 	0.0330278	 	
1374000	-1.99587	 	15.967	 	-0.0565753	 	3.99313	 	0.998628	 	0	 	0.00409073	 	0.0330147	 	
1376000	-1.99587	 	15.967	 	-0.0579466	 	3.99314	 	0.99863	 	0	 	0.00408479	 	0.0329668	 	
1378000	-1.99588	 	15.967	 	-0.0582656	 	3.99314	 	0.998631	 	0	 	0.00408104	 	0.0329537	 	
1380000	-1.99588	 	15.967	 	-0.0581826	 	3.99314	 	0.998632	 	0	 	0.00407947	 	0.0329407	 	
1382000	-1.99588	 	15.9671	 	-0.0580988	 	3.99315	 	0.998634	 	0	 	0.0040743	 	0.0329046	 	
1384000	-1.99588	 	15.9671	 	-0.0577973	 	3.99315	 	0.998634	 	0	 	0.00407274	 	0.0328917	 	
1386000	-1.99589	 	15.9671	 	-0.0590978	 	3.99316	 	0.998635	 	0	 	0.00406831	 	0.0328674	 	
1388000	-1.99588	 	15.9671	 	-0.0602129	 	3.99315	 	0.998634	 	0	 	0.0040725	 	0.0329119	 	
1390000	-1.99588	 	15.9671	 	-0.0595795	 	3.99315	 	0.998634	 	0	 	0.00407239	 	0.0328876	 	
1392000	-1.99588	 	15.9671	 	-0.0582098	 	3.99315	 	0.998633	 	0	 	0.00407873	 	0.0328977	 	
1394000	-1.99589	 	15.9671	 	-0.0581263	 	3.99316	 	0.998635	 	0	 	0.00407289	 	0.0328506	 	
1396000	-1.99589	 	15.9672	 	-0.0572203	 	3.99316	 	0.998636	 	0	 	0.00407064	 	0.0328265	 	
1398000	-1.99589	 	15.9672	 	-0.0557089	 	3.99317	 	0.998637	 	0	 	0.00406839	 	0.0328024	 	
1400000	-1.99589	 	15.9671	 	-0.0546086	 	3.99316	 	0.998634	 	0.75	 	0.00407683	 	0.0328467	 	
1402000	-1.99589	 	15.9671	 	-0.0545321	 	3.99316	 	0.998634	 	0	 	0.00407813	 	0.0328454	 	
1404000	-1.99589	 	15.9672	 	-0.0544533	 	3.99317	 	0.998636	 	0	 	0.00407304	 	0.03281	 	
1406000	-1.9959	 	15.9672	 	-0.0543755	 	3.99317	 	0.998637	 	0	 	0.00406796	 	0.0327748	 	
1408000	-1.99589	 	15.9671	 	-0.0536942	 	3.99316	 	0.998635	 	0	 	0.00407564	 	0.0328415	 	
1410000	-1.99589	 	15.9671	 	-0.0536163	 	3.99316	 	0.998635	 	0	 	0.00407198	 	0.0328289	 	
1412000	-1.9959	 	15.9672	 	-0.0535404	 	3.99317	 	0.998637	 	0	 	0.00406623	 	0.0327825	 	
1414000	-1.99589	 	15.9672	 	-0.0542051	 	3.99317	 	0.998636	 	0	 	0.00406753	 	0.0328151	 	
1416000	-1.9959	 	15.9672	 	-0.0541285	 	3.99318	 	0.998638	 	0	 	0.00406179	 	0.0327689	 	
1418000	-1.99589	 	15.9672	 	-0.052914	 	3.99317	 	0.998637	 	0	 	0.0040645	 	0.0328239	 	
1420000	-1.99589	 	15.9672	 	-0.0520408	 	3.99317	 	0.998637	 	0	 	0.00406299	 	0.0328114	 	
1422000	-1.9959	 	15.9672	 	-0.0512008	 	3.99317	 	0.998638	 	0	 	0.0040608	 	0.0327878	 	
1424000	-1.99589	 	15.9671	 	-0.0502669	 	3.99316	 	0.998636	 	0	 	0.004067	 	0.0328313	 	
1426000	-1.9959	 	15.9672	 	-0.0501964	 	3.99317	 	0.998638	 	0	 	0.00406131	 	0.0327854	 	
1428000	-1.99589	 	15.9671	 	-0.0514447	 	3.99316	 	0.998635	 	0	 	0.00407378	 	0.0328288	 	
1430000	-1.99589	 	15.9672	 	-0.0527699	 	3.99317	 	0.998636	 	0	 	0.00407227	 	0.0328164	 	
1432000	-1.9959	 	15.9672	 	-0.0540925	 	3.99317	 	0.998637	 	0	 	0.00406729	 	0.0327818	 	
1434000	-1.9959	 	15.9672	 	-0.0554118	 	3.99318	 	0.998639	 	0	 	0.00406163	 	0.0327362	 	
1436000	-1.9959	 	15.9672	 	-0.055539	 	3.99318	 	0.998639	 	0	 	0.00406362	 	0.0327462	 	
1438000	-1.9959	 	15.9672	 	-0.0548414	 	3.99318	 	0.998639	 	0	 	0.00406213	 	0.032734	 	
1440000	-1.99591	 	15.9673	 	-0.0547691	 	3.99319	 	0.99864	 	0	 	0.00405996	 	0.0327107	 	
1442000	-1.99591	 	15.9673	 	-0.0560433	 	3.99319	 	0.99864	 	0	 	0.00406125	 	0.0327096	 	
1444000	-1.99591	 	15.9673	 	-0.0559816	 	3.99319	 	0.99864	 	0	 	0.00406254	 	0.0327086	 	
1446000	-1.9959	 	15.9672	 	-0.0550757	 	3.99318	 	0.998639	 	0	 	0.00406382	 	0.0327406	 	
1448000	-1.9959	 	15.9673	 	-0.0536191	 	3.99319	 	0.99864	 	0	 	0.00405959	 	0.0327174	 	
1450000	-1.99591	 	15.9673	 	-0.0521672	 	3.99319	 	0.99864	 	0	 	0.00405812	 	0.0327054	 	
1452000	-1.9959	 	15.9673	 	-0.0507218	 	3.99318	 	0.998639	 	0	 	0.00406284	 	0.0327263	 	
1454000	-1.99591	 	15.9673	 	-0.0492779	 	3.99319	 	0.99864	 	0	 	0.00406137	 	0.0327142	 	
1456000	-1.99591	 	15.9673	 	-0.0485433	 	3.99319	 	0.99864	 	0	 	0.00405991	 	0.0327022	 	
1458000	-1.99591	 	15.9673	 	-0.0484746	 	3.99319	 	0.99864	 	0	 	0.00406256	 	0.0326902	 	
1460000	-1.99591	 	15.9673	 	-0.0484089	 	3.99319	 	0.998641	 	0	 	0.00405837	 	0.0326674	 	
1462000	-1.99592	 	15.9674	 	-0.0483427	 	3.9932	 	0.998643	 	0	 	0.00405283	 	0.0326228	 	
1464000	-1.9959	 	15.9673	 	-0.0486475	 	3.99318	 	0.998639	 	0	 	0.00406636	 	0.0327198	 	
1466000	-1.99591	 	15.9673	 	-0.0499451	 	3.99319	 	0.99864	 	0	 	0.0040615	 	0.0326861	 	
1468000	-1.99591	 	15.9673	 	-0.0512391	 	3.9932	 	0.998642	 	0	 	0.00405665	 	0.0326525	 	
1470000	-1.99592	 	15.9674	 	-0.0525299	 	3.99321	 	0.998644	 	0	 	0.00405114	 	0.0326082	 	
1472000	-1.99592	 	15.9674	 	-0.0532286	 	3.99321	 	0.998644	 	0	 	0.00404768	 	0.0325965	 	
1474000	-1.99592	 	15.9674	 	-0.0518019	 	3.99321	 	0.998645	 	0	 	0.00404557	 	0.0326064	 	
1476000	-1.99592	 	15.9674	 	-0.0508222	 	3.99321	 	0.998644	 	0	 	0.00404752	 	0.0326163	 	
1478000	-1.99591	 	15.9673	 	-0.0507571	 	3.9932	 	0.998642	 	0	 	0.00405622	 	0.0326369	 	
1480000	-1.99592	 	15.9674	 	-0.0506878	 	3.99321	 	0.998643	 	0	 	0.0040521	 	0.0326144	 	
1482000	-1.99591	 	15.9673	 	-0.0510999	 	3.9932	 	0.998641	 	0	 	0.00406009	 	0.0326565	 	
1484000	-1.99591	 	15.9673	 	-0.050316	 	3.99319	 	0.998639	 	0	 	0.00406268	 	0.0327092	 	
1486000	-1.99591	 	15.9673	 	-0.0511847	 	3.99319	 	0.998641	 	0	 	0.00405789	 	0.032676	 	
1488000	-1.99591	 	15.9673	 	-0.0524593	 	3.9932	 	0.998642	 	0	 	0.00405378	 	0.0326536	 	
1490000	-1.99592	 	15.9674	 	-0.0537312	 	3.99321	 	0.998644	 	0	 	0.00404835	 	0.0326099	 	
1492000	-1.99592	 	15.9674	 	-0.0549997	 	3.99322	 	0.998646	 	0	 	0.00404293	 	0.0325662	 	
1494000	-1.99593	 	15.9674	 	-0.0562644	 	3.99322	 	0.998647	 	0	 	0.0040382	 	0.0325334	 	
1496000	-1.99591	 	15.9673	 	-0.0565127	 	3.9932	 	0.998641	 	0	 	0.00405946	 	0.0326604	 	
1498000	-1.99591	 	15.9673	 	-0.0564389	 	3.99319	 	0.99864	 	0	 	0.00406536	 	0.0326701	 	
1500000	-1.99591	 	15.9673	 	-0.055125	 	3.99319	 	0.99864	 	0	 	0.00406394	 	0.0326585	 	
1502000	-1.9959	 	15.9673	 	-0.0551618	 	3.99318	 	0.998638	 	0	 	0.00406715	 	0.0327212	 	
1504000	-1.99591	 	15.9673	 	-0.0564172	 	3.99319	 	0.998639	 	0	 	0.00406374	 	0.0327095	 	
1506000	-1.99591	 	15.9673	 	-0.0576703	 	3.99319	 	0.998641	 	0	 	0.00405835	 	0.0326662	 	
1508000	-1.99592	 	15.9673	 	-0.0582241	 	3.9932	 	0.998643	 	0	 	0.00405364	 	0.0326335	 	
1510000	-1.99592	 	15.9674	 	-0.058148	 	3.99321	 	0.998643	 	0	 	0.00405158	 	0.0326115	 	
1512000	-1.99592	 	15.9674	 	-0.0580708	 	3.99321	 	0.998645	 	0	 	0.00404689	 	0.032579	 	
1514000	-1.99591	 	15.9673	 	-0.0584822	 	3.9932	 	0.998641	 	0	 	0.00405867	 	0.0326518	 	
1516000	-1.99592	 	15.9674	 	-0.0597239	 	3.9932	 	0.998643	 	0	 	0.00405398	 	0.0326193	 	
1518000	-1.99591	 	15.9673	 	-0.0604443	 	3.9932	 	0.998641	 	0	 	0.00405915	 	0.0326499	 	
1520000	-1.99592	 	15.9674	 	-0.059049	 	3.99321	 	0.998643	 	0	 	0.00405382	 	0.032607	 	
1522000	-1.99592	 	15.9674	 	-0.0576593	 	3.99321	 	0.998643	 	0	 	0.00405505	 	0.0326062	 	
1524000	-1.99592	 	15.9674	 	-0.0562713	 	3.99321	 	0.998645	 	0	 	0.00404974	 	0.0325635	 	
1526000	-1.99592	 	15.9674	 	-0.0548919	 	3.99321	 	0.998643	 	0	 	0.00405554	 	0.0326044	 	
1528000	-1.99592	 	15.9674	 	-0.0547834	 	3.99321	 	0.998644	 	0	 	0.00405155	 	0.0325827	 	
1530000	-1.99592	 	15.9674	 	-0.0547092	 	3.9932	 	0.998643	 	0	 	0.00405146	 	0.0326235	 	
1532000	-1.99592	 	15.9674	 	-0.0546377	 	3.99321	 	0.998645	 	0	 	0.00404618	 	0.032581	 	
1534000	-1.99592	 	15.9674	 	-0.0546819	 	3.99321	 	0.998645	 	0	 	0.00404741	 	0.0325801	 	
1536000	-1.99592	 	15.9674	 	-0.0559089	 	3.9932	 	0.998643	 	0	 	0.00405643	 	0.0326104	 	
1538000	-1.99592	 	15.9674	 	-0.056406	 	3.9932	 	0.998643	 	0	 	0.0040557	 	0.0326096	 	
1540000	-1.99592	 	15.9674	 	-0.0563334	 	3.99321	 	0.998644	 	0	 	0.00405173	 	0.032588	 	
1542000	-1.99592	 	15.9674	 	-0.0551132	 	3.99321	 	0.998642	 	0	 	0.00405942	 	0.0325975	 	
1544000	-1.99592	 	15.9674	 	-0.0548222	 	3.99321	 	0.998643	 	0	 	0.00405546	 	0.032576	 	
1546000	-1.99592	 	15.9674	 	-0.055467	 	3.99321	 	0.998644	 	0	 	0.00405474	 	0.0325751	 	
1548000	-1.99592	 	15.9674	 	-0.0555371	 	3.99321	 	0.998644	 	0	 	0.00405401	 	0.0325743	 	
1550000	-1.99593	 	15.9674	 	-0.0554655	 	3.99322	 	0.998645	 	0	 	0.00404879	 	0.0325324	 	
1552000	-1.99593	 	15.9674	 	-0.0564758	 	3.99322	 	0.998645	 	0	 	0.00405257	 	0.0325419	 	
1554000	-1.99592	 	15.9674	 	-0.0567519	 	3.99321	 	0.998643	 	0	 	0.0040602	 	0.0325821	 	
1556000	-1.99592	 	15.9674	 	-0.0562407	 	3.99321	 	0.998644	 	0	 	0.00405627	 	0.0325608	 	
1558000	-1.99593	 	15.9674	 	-0.0563556	 	3.99322	 	0.998644	 	0	 	0.00405427	 	0.0325395	 	
1560000	-1.99593	 	15.9675	 	-0.0552462	 	3.99322	 	0.998646	 	0	 	0.00405035	 	0.0325183	 	
1562000	-1.99593	 	15.9674	 	-0.0547593	 	3.99322	 	0.998644	 	0	 	0.00405667	 	0.032538	 	
1564000	-1.99593	 	15.9674	 	-0.0559514	 	3.99321	 	0.998644	 	0	 	0.00405658	 	0.0325474	 	
1566000	-1.99593	 	15.9675	 	-0.0564671	 	3.99322	 	0.998645	 	0	 	0.00405205	 	0.0325161	 	
1568000	-1.99593	 	15.9675	 	-0.0560842	 	3.99323	 	0.998647	 	0	 	0.00404752	 	0.0324849	 	
1570000	-1.99593	 	15.9675	 	-0.0560166	 	3.99322	 	0.998645	 	0	 	0.00405253	 	0.0325146	 	
1572000	-1.99593	 	15.9675	 	-0.0569494	 	3.99323	 	0.998646	 	0	 	0.00405055	 	0.0324936	 	
1574000	-1.99593	 	15.9675	 	-0.0574346	 	3.99322	 	0.998645	 	0	 	0.00405111	 	0.0325132	 	
1576000	-1.99593	 	15.9675	 	-0.0573614	 	3.99323	 	0.998647	 	0	 	0.00404661	 	0.0324821	 	
1578000	-1.99592	 	15.9674	 	-0.0575884	 	3.99321	 	0.998642	 	0	 	0.00406043	 	0.0325925	 	
1580000	-1.99592	 	15.9674	 	-0.058637	 	3.99321	 	0.998642	 	0	 	0.00406161	 	0.0325917	 	
1582000	-1.99592	 	15.9674	 	-0.0585664	 	3.9932	 	0.998642	 	0	 	0.00406215	 	0.032611	 	
1584000	-1.99592	 	15.9674	 	-0.0583229	 	3.9932	 	0.998642	 	0	 	0.00406143	 	0.0326101	 	
1586000	-1.99592	 	15.9674	 	-0.0574748	 	3.99321	 	0.998642	 	0	 	0.00405946	 	0.0325892	 	
1588000	-1.99591	 	15.9673	 	-0.0568057	 	3.99319	 	0.998639	 	0	 	0.00406879	 	0.0326586	 	
1590000	-1.99592	 	15.9673	 	-0.056734	 	3.9932	 	0.998641	 	0	 	0.00406431	 	0.0326276	 	
1592000	-1.99592	 	15.9674	 	-0.0566627	 	3.99321	 	0.998643	 	0	 	0.00405921	 	0.0325867	 	
1594000	-1.99592	 	15.9674	 	-0.0568394	 	3.99321	 	0.998643	 	0	 	0.00405788	 	0.0325759	 	
1596000	-1.99592	 	15.9674	 	-0.0577137	 	3.99321	 	0.998643	 	0	 	0.0040553	 	0.0325751	 	
1598000	-1.99592	 	15.9674	 	-0.0574806	 	3.9932	 	0.998642	 	0	 	0.00406021	 	0.0326042	 	
1600000	-1.99592	 	15.9674	 	-0.0573022	 	3.9932	 	0.998642	 	0	 	0.00406199	 	0.0326133	 	
1602000	-1.99592	 	15.9674	 	-0.0572306	 	3.99321	 	0.998643	 	0	 	0.00405693	 	0.0325727	 	
1604000	-1.99592	 	15.9674	 	-0.057423	 	3.99321	 	0.998644	 	0	 	0.00405436	 	0.0325719	 	
1606000	-1.99592	 	15.9674	 	-0.0574296	 	3.99321	 	0.998643	 	0	 	0.00405739	 	0.0326009	 	
1608000	-1.99591	 	15.9673	 	-0.0578576	 	3.9932	 	0.998641	 	0	 	0.00406475	 	0.0326397	 	
1610000	-1.99592	 	15.9674	 	-0.0590273	 	3.9932	 	0.998642	 	0	 	0.00406094	 	0.032619	 	
1612000	-1.99592	 	15.9674	 	-0.0601929	 	3.9932	 	0.998642	 	0	 	0.00405838	 	0.0326182	 	
1614000	-1.99592	 	15.9674	 	-0.0613547	 	3.9932	 	0.998642	 	0	 	0.00405768	 	0.0326173	 	
1616000	-1.99592	 	15.9674	 	-0.0616866	 	3.9932	 	0.998643	 	0	 	0.00405513	 	0.0326165	 	
1618000	-1.99592	 	15.9674	 	-0.0612531	 	3.99321	 	0.998643	 	0	 	0.00405506	 	0.0325959	 	
1620000	-1.99591	 	15.9673	 	-0.0608454	 	3.99319	 	0.99864	 	0	 	0.00406606	 	0.032664	 	
1622000	-1.9959	 	15.9672	 	-0.0599713	 	3.99318	 	0.998637	 	0	 	0.00407703	 	0.0327319	 	
1624000	-1.9959	 	15.9672	 	-0.0595548	 	3.99317	 	0.998635	 	0	 	0.00408122	 	0.0327505	 	
1626000	-1.9959	 	15.9672	 	-0.059238	 	3.99318	 	0.998636	 	0	 	0.00408112	 	0.0327299	 	
1628000	-1.9959	 	15.9672	 	-0.0585528	 	3.99317	 	0.998636	 	0	 	0.00407978	 	0.0327485	 	
1630000	-1.9959	 	15.9672	 	-0.0584822	 	3.99318	 	0.998636	 	0	 	0.00407845	 	0.0327377	 	
1632000	-1.9959	 	15.9672	 	-0.0579041	 	3.99317	 	0.998636	 	0	 	0.00408018	 	0.0327465	 	
1634000	-1.99591	 	15.9673	 	-0.0578332	 	3.99318	 	0.998637	 	0	 	0.00407519	 	0.0327065	 	
1636000	-1.99591	 	15.9673	 	-0.056688	 	3.99318	 	0.998638	 	0	 	0.00407265	 	0.0327056	 	
1638000	-1.99591	 	15.9673	 	-0.0558904	 	3.99319	 	0.998639	 	0	 	0.0040689	 	0.0326852	 	
1640000	-1.99591	 	15.9673	 	-0.0558216	 	3.99319	 	0.99864	 	0	 	0.00406516	 	0.0326648	 	
1642000	-1.99591	 	15.9673	 	-0.05568	 	3.99319	 	0.998639	 	0	 	0.0040675	 	0.0326833	 	
1644000	-1.99591	 	15.9673	 	-0.0556122	 	3.99319	 	0.99864	 	0	 	0.0040662	 	0.0326727	 	
1646000	-1.9959	 	15.9673	 	-0.0549645	 	3.99318	 	0.998638	 	0	 	0.00407216	 	0.0327203	 	
1648000	-1.9959	 	15.9672	 	-0.0538532	 	3.99317	 	0.998637	 	0	 	0.00407509	 	0.0327483	 	
1650000	-1.9959	 	15.9672	 	-0.0533527	 	3.99318	 	0.998637	 	0	 	0.00407378	 	0.0327377	 	
1652000	-1.9959	 	15.9672	 	-0.0531671	 	3.99318	 	0.998637	 	0	 	0.00407489	 	0.0327367	 	
1654000	-1.9959	 	15.9672	 	-0.052013	 	3.99317	 	0.998636	 	0	 	0.00407901	 	0.032755	 	
1656000	-1.9959	 	15.9672	 	-0.0518237	 	3.99318	 	0.998637	 	0	 	0.0040747	 	0.0327251	 	
1658000	-1.99591	 	15.9673	 	-0.0517618	 	3.99318	 	0.998638	 	0	 	0.0040722	 	0.0326954	 	
1660000	-1.99591	 	15.9673	 	-0.0509723	 	3.99319	 	0.998638	 	0	 	0.00407451	 	0.0326848	 	
1662000	-1.9959	 	15.9672	 	-0.0500617	 	3.99318	 	0.998637	 	0	 	0.004075	 	0.0327319	 	
1664000	-1.99591	 	15.9673	 	-0.0500012	 	3.99318	 	0.998638	 	0	 	0.00407071	 	0.0327022	 	
1666000	-1.99591	 	15.9673	 	-0.0499613	 	3.99319	 	0.99864	 	0	 	0.00406643	 	0.0326726	 	
1668000	-1.99591	 	15.9673	 	-0.0510974	 	3.99319	 	0.99864	 	0	 	0.00406394	 	0.0326717	 	
1670000	-1.99591	 	15.9673	 	-0.0517919	 	3.99319	 	0.99864	 	0	 	0.00406147	 	0.0326708	 	
1672000	-1.99591	 	15.9673	 	-0.0517297	 	3.9932	 	0.998642	 	0	 	0.00405721	 	0.0326413	 	
1674000	-1.99591	 	15.9673	 	-0.0513217	 	3.9932	 	0.998641	 	0	 	0.00405892	 	0.03265	 	
1676000	-1.99591	 	15.9673	 	-0.050068	 	3.9932	 	0.998642	 	0	 	0.00405587	 	0.0326397	 	
1678000	-1.99592	 	15.9674	 	-0.0488647	 	3.99321	 	0.998643	 	0	 	0.00405342	 	0.0326103	 	
1680000	-1.99592	 	15.9674	 	-0.0488074	 	3.99321	 	0.998644	 	0	 	0.00405038	 	0.0326	 	
1682000	-1.99592	 	15.9674	 	-0.0487494	 	3.99322	 	0.998645	 	0	 	0.00404557	 	0.0325614	 	
1684000	-1.99593	 	15.9674	 	-0.0486915	 	3.99322	 	0.998647	 	0	 	0.00404078	 	0.0325228	 	
1686000	-1.99593	 	15.9674	 	-0.0476794	 	3.99322	 	0.998646	 	0	 	0.00404664	 	0.032541	 	
1688000	-1.99593	 	15.9675	 	-0.0464381	 	3.99323	 	0.998647	 	0	 	0.00404185	 	0.0325025	 	
1690000	-1.99593	 	15.9675	 	-0.0459675	 	3.99322	 	0.998646	 	0	 	0.00404711	 	0.0325113	 	
1692000	-1.99593	 	15.9674	 	-0.0466587	 	3.99322	 	0.998646	 	0	 	0.00404645	 	0.0325388	 	
1694000	-1.99592	 	15.9673	 	-0.047724	 	3.9932	 	0.998642	 	0	 	0.00405815	 	0.0326228	 	
1696000	-1.99591	 	15.9673	 	-0.0479708	 	3.99319	 	0.99864	 	0	 	0.0040663	 	0.0326502	 	
1698000	-1.99591	 	15.9673	 	-0.0478928	 	3.99319	 	0.99864	 	0	 	0.0040668	 	0.0326681	 	
1700000	-1.99591	 	15.9673	 	-0.0466609	 	3.99319	 	0.99864	 	0	 	0.00406496	 	0.0326485	 	
1702000	-1.99591	 	15.9673	 	-0.0454336	 	3.99319	 	0.99864	 	0	 	0.00406428	 	0.0326757	 	
1704000	-1.99591	 	15.9673	 	-0.0442066	 	3.9932	 	0.998641	 	0	 	0.00405952	 	0.0326375	 	
1706000	-1.99592	 	15.9674	 	-0.042983	 	3.9932	 	0.998642	 	0	 	0.00405711	 	0.0326086	 	
1708000	-1.99591	 	15.9673	 	-0.0428636	 	3.99319	 	0.998638	 	0	 	0.00407221	 	0.0326918	 	
1710000	-1.9959	 	15.9672	 	-0.0439766	 	3.99317	 	0.998635	 	0	 	0.00408261	 	0.0327561	 	
1712000	-1.9959	 	15.9672	 	-0.0442585	 	3.99317	 	0.998635	 	0	 	0.00408192	 	0.0327552	 	
1714000	-1.9959	 	15.9672	 	-0.0439956	 	3.99317	 	0.998634	 	0	 	0.00408297	 	0.0327821	 	
1716000	-1.9959	 	15.9672	 	-0.0427788	 	3.99317	 	0.998636	 	0	 	0.00407822	 	0.032744	 	
1718000	-1.9959	 	15.9672	 	-0.0422005	 	3.99318	 	0.998636	 	0	 	0.00407813	 	0.0327245	 	
1720000	-1.9959	 	15.9672	 	-0.0417416	 	3.99318	 	0.998637	 	0	 	0.00407571	 	0.0327236	 	
1722000	-1.9959	 	15.9672	 	-0.0416913	 	3.99318	 	0.998637	 	0	 	0.00407561	 	0.0327319	 	
1724000	-1.99591	 	15.9673	 	-0.0416433	 	3.99318	 	0.998638	 	0	 	0.00407147	 	0.0327033	 	
1726000	-1.9959	 	15.9672	 	-0.0419525	 	3.99318	 	0.998637	 	0	 	0.00407368	 	0.0327208	 	
1728000	-1.99591	 	15.9673	 	-0.0426736	 	3.99319	 	0.998639	 	0	 	0.00406898	 	0.032683	 	
1730000	-1.99591	 	15.9673	 	-0.0420387	 	3.99319	 	0.998639	 	0	 	0.00407004	 	0.0326822	 	
1732000	-1.99591	 	15.9673	 	-0.0419902	 	3.9932	 	0.99864	 	0	 	0.00406535	 	0.0326445	 	
1734000	-1.99591	 	15.9673	 	-0.0427866	 	3.9932	 	0.998641	 	0	 	0.00406297	 	0.0326437	 	
1736000	-1.99591	 	15.9673	 	-0.0426264	 	3.99319	 	0.998639	 	0	 	0.00407035	 	0.0326888	 	
1738000	-1.9959	 	15.9672	 	-0.0417348	 	3.99318	 	0.998637	 	0	 	0.00407542	 	0.0327246	 	
1740000	-1.9959	 	15.9672	 	-0.0428178	 	3.99318	 	0.998636	 	0	 	0.00407877	 	0.0327328	 	
1742000	-1.9959	 	15.9673	 	-0.0439162	 	3.99318	 	0.998637	 	0	 	0.00407523	 	0.0327136	 	
1744000	-1.99591	 	15.9673	 	-0.0450126	 	3.99319	 	0.998639	 	0	 	0.00407057	 	0.0326762	 	
1746000	-1.99591	 	15.9673	 	-0.0461051	 	3.99319	 	0.998639	 	0	 	0.00406762	 	0.0326662	 	
1748000	-1.99592	 	15.9673	 	-0.0471965	 	3.9932	 	0.998641	 	0	 	0.00406298	 	0.0326289	 	
1750000	-1.99591	 	15.9673	 	-0.0482826	 	3.99319	 	0.99864	 	0	 	0.00406518	 	0.0326463	 	
1752000	-1.99591	 	15.9673	 	-0.0490893	 	3.9932	 	0.998641	 	0	 	0.00406396	 	0.0326364	 	
1754000	-1.99592	 	15.9674	 	-0.0490334	 	3.9932	 	0.998642	 	0	 	0.00405933	 	0.0325993	 	
1756000	-1.99592	 	15.9674	 	-0.0489769	 	3.99321	 	0.998643	 	0	 	0.00405585	 	0.0325804	 	
1758000	-1.99593	 	15.9674	 	-0.0489212	 	3.99322	 	0.998645	 	0	 	0.00405124	 	0.0325434	 	
1760000	-1.99593	 	15.9674	 	-0.0495693	 	3.99322	 	0.998645	 	0	 	0.00405061	 	0.0325427	 	
1762000	-1.99593	 	15.9674	 	-0.050647	 	3.99322	 	0.998645	 	0	 	0.00405055	 	0.0325239	 	
1764000	-1.99593	 	15.9674	 	-0.0517214	 	3.99322	 	0.998645	 	0	 	0.00404992	 	0.0325233	 	
1766000	-1.99593	 	15.9675	 	-0.0524926	 	3.99322	 	0.998646	 	0	 	0.00404703	 	0.0325136	 	
1768000	-1.99593	 	15.9675	 	-0.0518634	 	3.99322	 	0.998646	 	0	 	0.00404753	 	0.0325039	 	
1770000	-1.99593	 	15.9674	 	-0.0518836	 	3.99322	 	0.998646	 	0	 	0.00404803	 	0.0325213	 	
1772000	-1.99592	 	15.9674	 	-0.0526154	 	3.99321	 	0.998644	 	0	 	0.0040519	 	0.0325926	 	
1774000	-1.99591	 	15.9673	 	-0.0536784	 	3.9932	 	0.998642	 	0	 	0.00405407	 	0.0326367	 	
1776000	-1.99591	 	15.9673	 	-0.0547427	 	3.9932	 	0.998642	 	0	 	0.00405344	 	0.0326359	 	
1778000	-1.99592	 	15.9673	 	-0.0554283	 	3.9932	 	0.998643	 	0	 	0.00405057	 	0.0326262	 	
1780000	-1.99592	 	15.9674	 	-0.055493	 	3.99321	 	0.998644	 	0	 	0.00404714	 	0.0326075	 	
1782000	-1.99592	 	15.9674	 	-0.0565525	 	3.99321	 	0.998645	 	0	 	0.00404372	 	0.0325889	 	
1784000	-1.99592	 	15.9674	 	-0.0576101	 	3.99322	 	0.998647	 	0	 	0.0040392	 	0.0325524	 	
1786000	-1.99592	 	15.9674	 	-0.0585691	 	3.99322	 	0.998646	 	0	 	0.00403802	 	0.0325696	 	
1788000	-1.99592	 	15.9674	 	-0.0585394	 	3.99322	 	0.998647	 	0	 	0.00403686	 	0.0325599	 	
1790000	-1.99593	 	15.9674	 	-0.0584732	 	3.99322	 	0.998647	 	0	 	0.00403514	 	0.0325414	 	
1792000	-1.99592	 	15.9674	 	-0.0575723	 	3.99322	 	0.998646	 	0	 	0.00403899	 	0.0325585	 	
1794000	-1.99593	 	15.9674	 	-0.0563933	 	3.99323	 	0.998648	 	0	 	0.00403449	 	0.0325223	 	
1796000	-1.99593	 	15.9675	 	-0.0552169	 	3.99323	 	0.998649	 	0	 	0.00403001	 	0.0324862	 	
1798000	-1.99594	 	15.9675	 	-0.0550128	 	3.99324	 	0.998651	 	0	 	0.00402609	 	0.032459	 	
1800000	-1.99593	 	15.9675	 	-0.0539428	 	3.99323	 	0.998648	 	0	 	0.0040338	 	0.0325115	 	
1802000	-1.99593	 	15.9675	 	-0.0535047	 	3.99323	 	0.99865	 	0	 	0.00402989	 	0.0324844	 	
1804000	-1.99594	 	15.9675	 	-0.0534462	 	3.99324	 	0.99865	 	0	 	0.00402819	 	0.0324661	 	
1806000	-1.99593	 	15.9675	 	-0.0533134	 	3.99323	 	0.998649	 	0	 	0.00402924	 	0.0325184	 	
1808000	-1.99593	 	15.9674	 	-0.0530595	 	3.99323	 	0.998649	 	0	 	0.00402975	 	0.0325354	 	
1810000	-1.99593	 	15.9674	 	-0.0538859	 	3.99323	 	0.998649	 	0	 	0.0040275	 	0.0325347	 	
1812000	-1.99593	 	15.9675	 	-0.0549296	 	3.99323	 	0.99865	 	0	 	0.00402527	 	0.0325077	 	
1814000	-1.99593	 	15.9675	 	-0.0559711	 	3.99324	 	0.998651	 	0	 	0.00402194	 	0.0324895	 	
1816000	-1.99593	 	15.9675	 	-0.05691	 	3.99323	 	0.998651	 	0	 	0.0040219	 	0.0324977	 	
1818000	-1.99594	 	15.9675	 	-0.0579472	 	3.99324	 	0.998652	 	0	 	0.00401803	 	0.0324708	 	
1820000	-1.99593	 	15.9675	 	-0.0573681	 	3.99323	 	0.998651	 	0	 	0.00402239	 	0.0324964	 	
1822000	-1.99594	 	15.9675	 	-0.0573052	 	3.99324	 	0.998652	 	0	 	0.00401798	 	0.0324608	 	
1824000	-1.99594	 	15.9675	 	-0.0570482	 	3.99325	 	0.998653	 	0	 	0.00401467	 	0.0324428	 	
1826000	-1.99594	 	15.9675	 	-0.0569852	 	3.99325	 	0.998654	 	0	 	0.00401137	 	0.0324248	 	
1828000	-1.99594	 	15.9676	 	-0.0569226	 	3.99326	 	0.998655	 	0	 	0.00400754	 	0.0323981	 	
1830000	-1.99595	 	15.9676	 	-0.0569057	 	3.99326	 	0.998655	 	0	 	0.00400643	 	0.0323889	 	
1832000	-1.99595	 	15.9676	 	-0.0577541	 	3.99326	 	0.998656	 	0	 	0.00400533	 	0.0323797	 	
1834000	-1.99595	 	15.9676	 	-0.0585592	 	3.99326	 	0.998657	 	0	 	0.00400205	 	0.0323618	 	
1836000	-1.99595	 	15.9676	 	-0.0591059	 	3.99327	 	0.998657	 	0	 	0.00400096	 	0.0323527	 	
1838000	-1.99595	 	15.9676	 	-0.0590248	 	3.99327	 	0.998658	 	0	 	0.00399878	 	0.0323522	 	
1840000	-1.99595	 	15.9676	 	-0.0589603	 	3.99327	 	0.998659	 	0	 	0.00399498	 	0.0323258	 	
1842000	-1.99596	 	15.9677	 	-0.0588963	 	3.99328	 	0.99866	 	0	 	0.00399065	 	0.0322908	 	
1844000	-1.99596	 	15.9677	 	-0.0588324	 	3.99329	 	0.998662	 	0	 	0.00398633	 	0.0322558	 	
1846000	-1.99596	 	15.9677	 	-0.0590804	 	3.99328	 	0.998661	 	0	 	0.00398795	 	0.0322641	 	
1848000	-1.99595	 	15.9677	 	-0.0599283	 	3.99327	 	0.998658	 	0	 	0.00399875	 	0.0323155	 	
1850000	-1.99596	 	15.9677	 	-0.0598641	 	3.99328	 	0.998659	 	0	 	0.00399551	 	0.0322979	 	
1852000	-1.99596	 	15.9677	 	-0.0600472	 	3.99328	 	0.99866	 	0	 	0.00399336	 	0.0322716	 	
1854000	-1.99596	 	15.9677	 	-0.0601985	 	3.99329	 	0.998661	 	0	 	0.00398959	 	0.0322455	 	
1856000	-1.99597	 	15.9678	 	-0.0601336	 	3.99329	 	0.998663	 	0	 	0.0039853	 	0.0322108	 	
1858000	-1.99597	 	15.9678	 	-0.0611329	 	3.99329	 	0.998663	 	0	 	0.00398746	 	0.032202	 	
1860000	-1.99597	 	15.9678	 	-0.0621425	 	3.9933	 	0.998664	 	0	 	0.00398318	 	0.0321674	 	
1862000	-1.99597	 	15.9678	 	-0.063149	 	3.9933	 	0.998665	 	0	 	0.00398051	 	0.0321586	 	
1864000	-1.99597	 	15.9678	 	-0.0636923	 	3.9933	 	0.998664	 	0	 	0.00398267	 	0.0321754	 	
1866000	-1.99598	 	15.9678	 	-0.0636241	 	3.99331	 	0.998665	 	0	 	0.00397841	 	0.032141	 	
1868000	-1.99598	 	15.9678	 	-0.0635538	 	3.99331	 	0.998665	 	0	 	0.00398163	 	0.0321493	 	
1870000	-1.99597	 	15.9678	 	-0.0633885	 	3.99329	 	0.998663	 	0	 	0.00398483	 	0.0322088	 	
1872000	-1.99597	 	15.9678	 	-0.0643878	 	3.9933	 	0.998663	 	0	 	0.00398537	 	0.0322	 	
1874000	-1.99597	 	15.9678	 	-0.0653847	 	3.9933	 	0.998663	 	0	 	0.00398644	 	0.0321997	 	
1876000	-1.99597	 	15.9678	 	-0.0654512	 	3.9933	 	0.998663	 	0	 	0.00398592	 	0.0321994	 	
1878000	-1.99597	 	15.9678	 	-0.0651542	 	3.9933	 	0.998664	 	0	 	0.00398381	 	0.0321737	 	
1880000	-1.99598	 	15.9678	 	-0.0648524	 	3.99331	 	0.998665	 	0	 	0.0039817	 	0.032148	 	
1882000	-1.99598	 	15.9679	 	-0.0647835	 	3.99331	 	0.998666	 	0	 	0.00397747	 	0.0321139	 	
1884000	-1.99598	 	15.9679	 	-0.0657657	 	3.99331	 	0.998666	 	0	 	0.00397855	 	0.0321137	 	
1886000	-1.99598	 	15.9679	 	-0.0657452	 	3.99332	 	0.998667	 	0	 	0.00397645	 	0.0320882	 	
1888000	-1.99599	 	15.9679	 	-0.0656756	 	3.99332	 	0.998668	 	0	 	0.00397225	 	0.0320542	 	
1890000	-1.99599	 	15.9679	 	-0.0656037	 	3.99332	 	0.998668	 	0	 	0.00397174	 	0.0320541	 	
1892000	-1.99598	 	15.9679	 	-0.0651292	 	3.99332	 	0.998667	 	0	 	0.00397651	 	0.0320877	 	
1894000	-1.99598	 	15.9679	 	-0.0661143	 	3.99332	 	0.998667	 	0	 	0.00397652	 	0.0320959	 	
1896000	-1.99598	 	15.9679	 	-0.0670984	 	3.99332	 	0.998667	 	0	 	0.00397654	 	0.032079	 	
1898000	-1.99599	 	15.9679	 	-0.0664089	 	3.99332	 	0.998668	 	0	 	0.00397498	 	0.032062	 	
1900000	-1.99598	 	15.9678	 	-0.0657995	 	3.99331	 	0.998665	 	0	 	0.00398129	 	0.0321206	 	
1902000	-1.99598	 	15.9679	 	-0.0661551	 	3.99331	 	0.998666	 	0	 	0.00397816	 	0.0321036	 	
1904000	-1.99598	 	15.9679	 	-0.0660861	 	3.99332	 	0.998667	 	0	 	0.00397609	 	0.0320784	 	
1906000	-1.99599	 	15.9679	 	-0.0660165	 	3.99332	 	0.998668	 	0	 	0.00397244	 	0.0320531	 	
1908000	-1.99599	 	15.9679	 	-0.0663333	 	3.99332	 	0.998668	 	0	 	0.00397298	 	0.0320697	 	
1910000	-1.99599	 	15.9679	 	-0.0662639	 	3.99333	 	0.998669	 	0	 	0.00396883	 	0.0320362	 	
1912000	-1.99599	 	15.9679	 	-0.0653444	 	3.99333	 	0.998669	 	0	 	0.00396833	 	0.0320361	 	
1914000	-1.99599	 	15.9679	 	-0.0647351	 	3.99333	 	0.998669	 	0	 	0.00396784	 	0.032036	 	
1916000	-1.99599	 	15.968	 	-0.0648299	 	3.99333	 	0.99867	 	0	 	0.00396579	 	0.0320109	 	
1918000	-1.99599	 	15.968	 	-0.0658027	 	3.99333	 	0.99867	 	0	 	0.00396529	 	0.0320108	 	
1920000	-1.99599	 	15.9679	 	-0.0667714	 	3.99333	 	0.998669	 	0	 	0.00396999	 	0.032044	 	
1922000	-1.99599	 	15.9679	 	-0.0674945	 	3.99333	 	0.998669	 	0	 	0.00396846	 	0.0320521	 	
1924000	-1.99598	 	15.9679	 	-0.0674093	 	3.99332	 	0.998667	 	0	 	0.00397262	 	0.0321017	 	
1926000	-1.99598	 	15.9679	 	-0.0671981	 	3.99332	 	0.998667	 	0	 	0.00397161	 	0.0320933	 	
1928000	-1.99598	 	15.9679	 	-0.0660947	 	3.99331	 	0.998666	 	0	 	0.00397577	 	0.0321179	 	
1930000	-1.99598	 	15.9678	 	-0.0656433	 	3.99331	 	0.998666	 	0	 	0.00397475	 	0.0321342	 	
1932000	-1.99598	 	15.9678	 	-0.0648802	 	3.99331	 	0.998665	 	0	 	0.00397993	 	0.0321505	 	
1934000	-1.99597	 	15.9678	 	-0.063781	 	3.9933	 	0.998664	 	0	 	0.00398304	 	0.0321585	 	
1936000	-1.99598	 	15.9678	 	-0.0626821	 	3.99331	 	0.998666	 	0	 	0.00397893	 	0.0321254	 	
1938000	-1.99598	 	15.9679	 	-0.062195	 	3.99331	 	0.998666	 	0	 	0.0039774	 	0.0321087	 	
1940000	-1.99598	 	15.9679	 	-0.0625851	 	3.99332	 	0.998667	 	0	 	0.00397537	 	0.0320839	 	
1942000	-1.99599	 	15.9679	 	-0.0635505	 	3.99333	 	0.998668	 	0	 	0.00397128	 	0.0320509	 	
1944000	-1.99598	 	15.9679	 	-0.06451	 	3.99332	 	0.998666	 	0	 	0.00397694	 	0.0321	 	
1946000	-1.99598	 	15.9679	 	-0.0654322	 	3.99332	 	0.998667	 	0	 	0.00397439	 	0.0320917	 	
1948000	-1.99598	 	15.9679	 	-0.0656047	 	3.99332	 	0.998667	 	0	 	0.00397441	 	0.0320997	 	
1950000	-1.99598	 	15.9679	 	-0.0660667	 	3.99332	 	0.998667	 	0	 	0.00397443	 	0.0320832	 	
1952000	-1.99598	 	15.9678	 	-0.0659769	 	3.99331	 	0.998665	 	0	 	0.0039816	 	0.032132	 	
1954000	-1.99598	 	15.9678	 	-0.0648877	 	3.99331	 	0.998665	 	0	 	0.0039811	 	0.0321318	 	
1956000	-1.99598	 	15.9679	 	-0.0637993	 	3.99331	 	0.998666	 	0	 	0.00397805	 	0.0321153	 	
1958000	-1.99598	 	15.9678	 	-0.0630186	 	3.99331	 	0.998665	 	0	 	0.00398316	 	0.0321314	 	
1960000	-1.99598	 	15.9678	 	-0.0635526	 	3.99331	 	0.998665	 	0	 	0.00398266	 	0.0321312	 	
1962000	-1.99598	 	15.9678	 	-0.0634325	 	3.99331	 	0.998665	 	0	 	0.00398013	 	0.0321229	 	
1964000	-1.99597	 	15.9678	 	-0.0627154	 	3.9933	 	0.998663	 	0	 	0.00398776	 	0.0321795	 	
1966000	-1.99598	 	15.9678	 	-0.0626516	 	3.99331	 	0.998664	 	0	 	0.00398371	 	0.0321468	 	
1968000	-1.99597	 	15.9678	 	-0.0631583	 	3.9933	 	0.998662	 	0	 	0.0039903	 	0.0321871	 	
1970000	-1.99597	 	15.9678	 	-0.063565	 	3.9933	 	0.998662	 	0	 	0.00399081	 	0.0321787	 	
1972000	-1.99597	 	15.9677	 	-0.06448	 	3.99329	 	0.99866	 	0	 	0.00399739	 	0.0322189	 	
1974000	-1.99597	 	15.9678	 	-0.0654263	 	3.99329	 	0.998661	 	0	 	0.00399637	 	0.0322105	 	
1976000	-1.99597	 	15.9678	 	-0.0661885	 	3.99329	 	0.998661	 	0	 	0.00399536	 	0.0322022	 	
1978000	-1.99597	 	15.9678	 	-0.0661216	 	3.9933	 	0.998663	 	0	 	0.00399133	 	0.0321697	 	
1980000	-1.99598	 	15.9678	 	-0.0659826	 	3.9933	 	0.998663	 	0	 	0.00398932	 	0.0321453	 	
1982000	-1.99598	 	15.9679	 	-0.0649069	 	3.99331	 	0.998665	 	0	 	0.0039853	 	0.032113	 	
1984000	-1.99598	 	15.9679	 	-0.0638354	 	3.99331	 	0.998665	 	0	 	0.0039843	 	0.0321047	 	
1986000	-1.99598	 	15.9679	 	-0.0627654	 	3.99331	 	0.998666	 	0	 	0.0039818	 	0.0320965	 	
1988000	-1.99598	 	15.9678	 	-0.0623257	 	3.99331	 	0.998664	 	0	 	0.00398934	 	0.0321284	 	
1990000	-1.99598	 	15.9679	 	-0.0623899	 	3.99331	 	0.998664	 	0	 	0.00398784	 	0.0321122	 	
1992000	-1.99598	 	15.9679	 	-0.062071	 	3.99331	 	0.998665	 	0	 	0.00398434	 	0.0320881	 	
1994000	-1.99598	 	15.9679	 	-0.0620406	 	3.99331	 	0.998665	 	0	 	0.00398385	 	0.0320879	 	
1996000	-1.99598	 	15.9678	 	-0.0619877	 	3.99331	 	0.998665	 	0	 	0.00398535	 	0.0321197	 	
1998000	-1.99598	 	15.9679	 	-0.0626517	 	3.99331	 	0.998665	 	0	 	0.00398286	 	0.0321115	 	
