MCcycles: 1000000	 L = 2	 T = 1	 Randomstart = 1
MCcycles 	 E 		 E2 		 M 		 M2 		 Mabs 		 accepted		 X 		 Cv
2	-1	 	8	 	0.5	 	2	 	0.5	 	1	 	1	 	4	 	
2000	-1.996	 	15.968	 	0.99875	 	3.9935	 	0.99875	 	0	 	0.00349375	 	0.031936	 	
4000	-1.9965	 	15.972	 	0.6525	 	3.9945	 	0.999	 	0	 	0.002496	 	0.027951	 	
6000	-1.99567	 	15.9653	 	0.358917	 	3.99283	 	0.998583	 	0	 	0.00415864	 	0.0345916	 	
8000	-1.99575	 	15.966	 	0.036	 	3.993	 	0.998625	 	0	 	0.00399244	 	0.0339278	 	
10000	-1.996	 	15.968	 	0.02885	 	3.9935	 	0.99875	 	0	 	0.00349375	 	0.031936	 	
12000	-1.996	 	15.968	 	-0.0762083	 	3.99358	 	0.998792	 	0	 	0.00324416	 	0.031936	 	
14000	-1.996	 	15.968	 	-0.208	 	3.99357	 	0.998786	 	0	 	0.00327982	 	0.031936	 	
16000	-1.99575	 	15.966	 	-0.205687	 	3.99325	 	0.99875	 	0	 	0.00324375	 	0.0339278	 	
18000	-1.99622	 	15.9698	 	-0.182833	 	3.994	 	0.998889	 	0	 	0.00288395	 	0.0301651	 	
20000	-1.9964	 	15.9712	 	-0.1645	 	3.9943	 	0.99895	 	0	 	0.00269559	 	0.0287482	 	
22000	-1.99673	 	15.9738	 	-0.149545	 	3.99482	 	0.999045	 	0	 	0.0024509	 	0.026139	 	
24000	-1.99658	 	15.9727	 	-0.136875	 	3.9945	 	0.998958	 	0	 	0.00282899	 	0.0272866	 	
26000	-1.99669	 	15.9735	 	-0.129731	 	3.99462	 	0.998962	 	0	 	0.00291876	 	0.0264178	 	
28000	-1.99679	 	15.9743	 	-0.177786	 	3.99479	 	0.999	 	0	 	0.00278171	 	0.025673	 	
30000	-1.99647	 	15.9717	 	-0.17645	 	3.9943	 	0.998917	 	0	 	0.00296197	 	0.0282167	 	
32000	-1.99656	 	15.9725	 	-0.165437	 	3.99444	 	0.998938	 	0	 	0.00293298	 	0.0274527	 	
34000	-1.99676	 	15.9741	 	-0.155706	 	3.99476	 	0.999	 	0	 	0.00276071	 	0.0258405	 	
36000	-1.99667	 	15.9733	 	-0.146931	 	3.99458	 	0.998958	 	0	 	0.00291233	 	0.0266222	 	
38000	-1.99684	 	15.9747	 	-0.139197	 	3.99487	 	0.999013	 	0	 	0.00275926	 	0.0252233	 	
40000	-1.99685	 	15.9748	 	-0.145875	 	3.99485	 	0.999	 	0	 	0.002846	 	0.0251603	 	
42000	-1.99676	 	15.9741	 	-0.18644	 	3.99474	 	0.998988	 	0	 	0.00282924	 	0.0258628	 	
44000	-1.99691	 	15.9753	 	-0.22342	 	3.99498	 	0.999034	 	0	 	0.00270081	 	0.0246891	 	
46000	-1.997	 	15.976	 	-0.238304	 	3.99513	 	0.999065	 	0	 	0.0026052	 	0.023964	 	
48000	-1.99713	 	15.977	 	-0.228375	 	3.99533	 	0.999104	 	0	 	0.00249679	 	0.0229669	 	
50000	-1.99704	 	15.9763	 	-0.19642	 	3.9952	 	0.99908	 	0	 	0.00255661	 	0.023645	 	
52000	-1.99681	 	15.9745	 	-0.17551	 	3.99483	 	0.99901	 	0	 	0.00274608	 	0.0254977	 	
54000	-1.99678	 	15.9742	 	-0.196843	 	3.9948	 	0.999009	 	0	 	0.0027183	 	0.0257362	 	
56000	-1.99682	 	15.9746	 	-0.218518	 	3.99486	 	0.999018	 	0	 	0.00271043	 	0.0253882	 	
58000	-1.99683	 	15.9746	 	-0.237	 	3.99486	 	0.999017	 	0	 	0.00272027	 	0.0253391	 	
60000	-1.99687	 	15.9749	 	-0.243767	 	3.99493	 	0.999033	 	0	 	0.00266293	 	0.0250274	 	
62000	-1.99684	 	15.9747	 	-0.255718	 	3.99489	 	0.999024	 	0	 	0.00268974	 	0.0252503	 	
64000	-1.99687	 	15.975	 	-0.242375	 	3.99494	 	0.999031	 	0	 	0.00268375	 	0.0249609	 	
66000	-1.99694	 	15.9755	 	-0.223348	 	3.99503	 	0.999045	 	0	 	0.00266302	 	0.0244474	 	
68000	-1.99703	 	15.9762	 	-0.216779	 	3.99518	 	0.999074	 	0	 	0.0025848	 	0.0237294	 	
70000	-1.99703	 	15.9762	 	-0.210607	 	3.99519	 	0.999079	 	0	 	0.00255375	 	0.0237361	 	
72000	-1.99711	 	15.9769	 	-0.204757	 	3.99532	 	0.999104	 	0	 	0.0024829	 	0.0230777	 	
74000	-1.99716	 	15.9773	 	-0.19923	 	3.99541	 	0.999122	 	0	 	0.00242935	 	0.0226705	 	
76000	-1.99708	 	15.9766	 	-0.191993	 	3.99525	 	0.999086	 	0	 	0.00256244	 	0.0233343	 	
78000	-1.99715	 	15.9772	 	-0.161429	 	3.99537	 	0.999109	 	0	 	0.00249682	 	0.0227368	 	
80000	-1.99715	 	15.9772	 	-0.146063	 	3.99538	 	0.999112	 	0	 	0.00247185	 	0.0227675	 	
82000	-1.99712	 	15.977	 	-0.142659	 	3.99532	 	0.999098	 	0	 	0.00253333	 	0.0229913	 	
84000	-1.9971	 	15.9768	 	-0.12253	 	3.99527	 	0.999089	 	0	 	0.00255621	 	0.0232043	 	
86000	-1.99714	 	15.9771	 	-0.104157	 	3.99534	 	0.999099	 	0	 	0.00254326	 	0.022851	 	
88000	-1.99707	 	15.9765	 	-0.0870625	 	3.99519	 	0.999062	 	0	 	0.00268967	 	0.0234202	 	
90000	-1.99704	 	15.9764	 	-0.0914222	 	3.99516	 	0.999056	 	0	 	0.00270754	 	0.0236095	 	
92000	-1.99711	 	15.9769	 	-0.111174	 	3.99526	 	0.999076	 	0	 	0.00264876	 	0.023097	 	
94000	-1.99717	 	15.9774	 	-0.130085	 	3.99536	 	0.999096	 	0	 	0.00259247	 	0.0226063	 	
96000	-1.99723	 	15.9778	 	-0.148208	 	3.99546	 	0.999115	 	0	 	0.00253853	 	0.022136	 	
98000	-1.99727	 	15.9781	 	-0.165587	 	3.99552	 	0.999128	 	0	 	0.00249696	 	0.0218476	 	
100000	-1.99726	 	15.9781	 	-0.17743	 	3.99552	 	0.99913	 	0	 	0.00247697	 	0.02189	 	
102000	-1.99725	 	15.978	 	-0.173956	 	3.99552	 	0.999132	 	0	 	0.00245777	 	0.0219306	 	
104000	-1.99708	 	15.9766	 	-0.172139	 	3.99524	 	0.999082	 	0	 	0.00258317	 	0.0233504	 	
106000	-1.997	 	15.976	 	-0.175547	 	3.99513	 	0.999066	 	0	 	0.00260028	 	0.023964	 	
108000	-1.997	 	15.976	 	-0.172301	 	3.99514	 	0.999069	 	0	 	0.00257987	 	0.023964	 	
110000	-1.997	 	15.976	 	-0.165609	 	3.99513	 	0.999064	 	0	 	0.00261467	 	0.023964	 	
112000	-1.99687	 	15.975	 	-0.15446	 	3.99492	 	0.999022	 	0	 	0.00273725	 	0.0249609	 	
114000	-1.99691	 	15.9753	 	-0.161009	 	3.99498	 	0.999035	 	0	 	0.00269803	 	0.0246636	 	
116000	-1.99691	 	15.9753	 	-0.164677	 	3.99499	 	0.999039	 	0	 	0.00267734	 	0.0246516	 	
118000	-1.9969	 	15.9752	 	-0.144962	 	3.99496	 	0.99903	 	0	 	0.00271657	 	0.0247751	 	
120000	-1.99682	 	15.9745	 	-0.132171	 	3.99484	 	0.999012	 	0	 	0.00273777	 	0.0254261	 	
122000	-1.99685	 	15.9748	 	-0.130098	 	3.9949	 	0.999025	 	0	 	0.00270111	 	0.0251407	 	
124000	-1.99684	 	15.9747	 	-0.116694	 	3.99489	 	0.999024	 	0	 	0.00268974	 	0.0252503	 	
126000	-1.99673	 	15.9738	 	-0.105762	 	3.9947	 	0.998984	 	0	 	0.00282127	 	0.026116	 	
128000	-1.99678	 	15.9742	 	-0.0884844	 	3.99478	 	0.999	 	0	 	0.00277725	 	0.0257086	 	
130000	-1.99683	 	15.9746	 	-0.0864462	 	3.99486	 	0.999015	 	0	 	0.00273458	 	0.0253137	 	
132000	-1.99682	 	15.9745	 	-0.090625	 	3.99484	 	0.999011	 	0	 	0.00274609	 	0.025414	 	
134000	-1.99675	 	15.974	 	-0.093541	 	3.99472	 	0.998989	 	0	 	0.00280934	 	0.0259875	 	
136000	-1.99675	 	15.974	 	-0.10468	 	3.99473	 	0.998989	 	0	 	0.00281209	 	0.0259577	 	
138000	-1.99674	 	15.9739	 	-0.10475	 	3.99472	 	0.998989	 	0	 	0.00280026	 	0.0260444	 	
140000	-1.99677	 	15.9742	 	-0.103257	 	3.99477	 	0.999	 	0	 	0.00276743	 	0.0257869	 	
142000	-1.99679	 	15.9743	 	-0.101796	 	3.9948	 	0.999007	 	0	 	0.00274254	 	0.0256489	 	
144000	-1.99683	 	15.9747	 	-0.100382	 	3.99487	 	0.999021	 	0	 	0.0027045	 	0.0252932	 	
146000	-1.99679	 	15.9744	 	-0.0971062	 	3.99482	 	0.99901	 	0	 	0.00272896	 	0.0256027	 	
148000	-1.9968	 	15.9744	 	-0.0890608	 	3.99482	 	0.999014	 	0	 	0.00271232	 	0.0255806	 	
150000	-1.99676	 	15.9741	 	-0.0877267	 	3.99476	 	0.999	 	0	 	0.002756	 	0.025878	 	
152000	-1.99679	 	15.9743	 	-0.0865757	 	3.99481	 	0.99901	 	0	 	0.00272634	 	0.025643	 	
154000	-1.99678	 	15.9742	 	-0.0795779	 	3.99479	 	0.999006	 	0	 	0.00273631	 	0.0257247	 	
156000	-1.99681	 	15.9745	 	-0.0785609	 	3.99484	 	0.999016	 	0	 	0.00270767	 	0.0254977	 	
158000	-1.99684	 	15.9747	 	-0.0775696	 	3.99489	 	0.999025	 	0	 	0.00267974	 	0.0252764	 	
160000	-1.99683	 	15.9746	 	-0.0702563	 	3.99486	 	0.999019	 	0	 	0.00270865	 	0.0253597	 	
162000	-1.99685	 	15.9748	 	-0.0570463	 	3.99491	 	0.999028	 	0	 	0.0026814	 	0.0251455	 	
164000	-1.99689	 	15.9751	 	-0.0441555	 	3.99497	 	0.99904	 	0	 	0.00264875	 	0.0248394	 	
166000	-1.99669	 	15.9735	 	-0.0438343	 	3.99464	 	0.998979	 	0	 	0.00280908	 	0.0264621	 	
168000	-1.9967	 	15.9736	 	-0.0546339	 	3.99466	 	0.998979	 	0	 	0.00282321	 	0.0263375	 	
170000	-1.99661	 	15.9729	 	-0.05305	 	3.99451	 	0.99895	 	0	 	0.00290735	 	0.02706	 	
172000	-1.99656	 	15.9725	 	-0.0521308	 	3.99442	 	0.998933	 	0	 	0.00295475	 	0.0274875	 	
174000	-1.99657	 	15.9726	 	-0.0590862	 	3.99445	 	0.998937	 	0	 	0.0029495	 	0.0273554	 	
176000	-1.99661	 	15.9729	 	-0.0697784	 	3.99451	 	0.998949	 	0	 	0.00291603	 	0.027045	 	
178000	-1.99653	 	15.9722	 	-0.0801742	 	3.99437	 	0.998921	 	0	 	0.00299535	 	0.0277271	 	
180000	-1.99652	 	15.9722	 	-0.0756972	 	3.99436	 	0.998919	 	0	 	0.00300089	 	0.0277738	 	
182000	-1.99654	 	15.9723	 	-0.0638819	 	3.99439	 	0.998926	 	0	 	0.0029789	 	0.0276444	 	
184000	-1.99655	 	15.9724	 	-0.0531984	 	3.99442	 	0.998932	 	0	 	0.00295739	 	0.0275177	 	
186000	-1.99655	 	15.9724	 	-0.0443333	 	3.9944	 	0.998925	 	0	 	0.00299538	 	0.0275652	 	
188000	-1.99646	 	15.9717	 	-0.0457101	 	3.99425	 	0.998896	 	0	 	0.00307491	 	0.0282902	 	
190000	-1.99642	 	15.9714	 	-0.0489421	 	3.99418	 	0.998879	 	0	 	0.00314234	 	0.0285803	 	
192000	-1.99644	 	15.9715	 	-0.0579036	 	3.9942	 	0.998883	 	0	 	0.00313563	 	0.0284492	 	
194000	-1.99646	 	15.9717	 	-0.0639794	 	3.99425	 	0.998892	 	0	 	0.00310849	 	0.0282386	 	
196000	-1.99646	 	15.9717	 	-0.068273	 	3.99424	 	0.99889	 	0	 	0.00311242	 	0.0282764	 	
198000	-1.99645	 	15.9716	 	-0.0675606	 	3.99422	 	0.998884	 	0	 	0.00314653	 	0.0283134	 	
200000	-1.99643	 	15.9714	 	-0.0675075	 	3.99418	 	0.998877	 	0	 	0.00315996	 	0.028509	 	
202000	-1.99645	 	15.9716	 	-0.0741361	 	3.99421	 	0.998884	 	0	 	0.00313858	 	0.0283851	 	
204000	-1.99648	 	15.9718	 	-0.0734093	 	3.99427	 	0.998895	 	0	 	0.00310786	 	0.0281073	 	
206000	-1.99649	 	15.9719	 	-0.0792233	 	3.99428	 	0.998898	 	0	 	0.00309223	 	0.0280671	 	
208000	-1.99637	 	15.9709	 	-0.0836899	 	3.99409	 	0.998863	 	0	 	0.00318233	 	0.0290241	 	
210000	-1.99636	 	15.9709	 	-0.0916786	 	3.99409	 	0.998864	 	0	 	0.00317103	 	0.0290518	 	
212000	-1.99632	 	15.9706	 	-0.0907995	 	3.99401	 	0.998847	 	0	 	0.00323525	 	0.0293798	 	
214000	-1.99634	 	15.9707	 	-0.0864393	 	3.99404	 	0.99885	 	0	 	0.00322836	 	0.0292547	 	
216000	-1.99636	 	15.9709	 	-0.0763866	 	3.99408	 	0.998859	 	0	 	0.00320312	 	0.0290581	 	
218000	-1.99635	 	15.9708	 	-0.0747592	 	3.99406	 	0.998856	 	0	 	0.00321036	 	0.0291577	 	
220000	-1.99629	 	15.9703	 	-0.0776295	 	3.99395	 	0.99883	 	0	 	0.00330816	 	0.0296177	 	
222000	-1.99632	 	15.9705	 	-0.0769279	 	3.99399	 	0.998838	 	0	 	0.00328289	 	0.0294232	 	
224000	-1.99635	 	15.9708	 	-0.0762411	 	3.99404	 	0.998848	 	0	 	0.00325362	 	0.0291609	 	
226000	-1.99633	 	15.9706	 	-0.0755752	 	3.99401	 	0.998841	 	0	 	0.00327781	 	0.0293266	 	
228000	-1.99629	 	15.9703	 	-0.0819561	 	3.99395	 	0.998829	 	0	 	0.0033103	 	0.0296291	 	
230000	-1.99624	 	15.9699	 	-0.0784717	 	3.99387	 	0.998811	 	0	 	0.0033726	 	0.0299957	 	
232000	-1.99628	 	15.9702	 	-0.0691746	 	3.99392	 	0.998821	 	0	 	0.00334358	 	0.0297376	 	
234000	-1.99629	 	15.9703	 	-0.0667222	 	3.99394	 	0.998825	 	0	 	0.00333636	 	0.0296202	 	
236000	-1.99627	 	15.9702	 	-0.0663242	 	3.99391	 	0.99882	 	0	 	0.00334612	 	0.0297749	 	
238000	-1.99624	 	15.9699	 	-0.0688824	 	3.99387	 	0.998811	 	0	 	0.0033725	 	0.029994	 	
240000	-1.99625	 	15.97	 	-0.0690646	 	3.99387	 	0.99881	 	0	 	0.00338184	 	0.0299437	 	
242000	-1.99627	 	15.9702	 	-0.0707293	 	3.9939	 	0.998816	 	0	 	0.00337043	 	0.0297626	 	
244000	-1.99625	 	15.97	 	-0.0750594	 	3.99388	 	0.998814	 	0	 	0.00336732	 	0.0299111	 	
246000	-1.99624	 	15.9699	 	-0.0752907	 	3.99385	 	0.998807	 	0	 	0.00338862	 	0.0300571	 	
248000	-1.99623	 	15.9699	 	-0.0765544	 	3.99384	 	0.998804	 	0	 	0.00340154	 	0.0300723	 	
250000	-1.99625	 	15.97	 	-0.075936	 	3.99386	 	0.998808	 	0	 	0.00339432	 	0.0299597	 	
252000	-1.99622	 	15.9698	 	-0.0687599	 	3.99382	 	0.9988	 	0	 	0.00341884	 	0.0301651	 	
254000	-1.99624	 	15.97	 	-0.0603465	 	3.99386	 	0.998807	 	0	 	0.00339588	 	0.0299908	 	
256000	-1.99624	 	15.9699	 	-0.0585879	 	3.99385	 	0.998803	 	0	 	0.00342005	 	0.030006	 	
258000	-1.9962	 	15.9696	 	-0.058155	 	3.99378	 	0.998791	 	0	 	0.00345151	 	0.0303299	 	
260000	-1.99623	 	15.9698	 	-0.0577077	 	3.99383	 	0.9988	 	0	 	0.00342501	 	0.030097	 	
262000	-1.99623	 	15.9698	 	-0.0508397	 	3.99382	 	0.998798	 	0	 	0.00343697	 	0.0301111	 	
264000	-1.99624	 	15.9699	 	-0.0481894	 	3.99385	 	0.998803	 	0	 	0.00341851	 	0.0300041	 	
266000	-1.99626	 	15.97	 	-0.0547744	 	3.99387	 	0.998808	 	0	 	0.00340033	 	0.0298988	 	
268000	-1.99626	 	15.9701	 	-0.0570578	 	3.99388	 	0.998808	 	0	 	0.00340849	 	0.0298545	 	
270000	-1.99629	 	15.9703	 	-0.0566352	 	3.99392	 	0.998817	 	0	 	0.00338329	 	0.0296338	 	
272000	-1.99632	 	15.9705	 	-0.0562187	 	3.99397	 	0.998825	 	0	 	0.00335845	 	0.0294163	 	
274000	-1.99634	 	15.9707	 	-0.0558066	 	3.994	 	0.998832	 	0	 	0.00333761	 	0.0292602	 	
276000	-1.99636	 	15.9708	 	-0.0554058	 	3.99403	 	0.998837	 	0	 	0.00332792	 	0.0291063	 	
278000	-1.99638	 	15.9711	 	-0.0550072	 	3.99407	 	0.998845	 	0	 	0.00330402	 	0.0288973	 	
280000	-1.9964	 	15.9712	 	-0.0546125	 	3.9941	 	0.998852	 	0	 	0.00328401	 	0.0287482	 	
282000	-1.99642	 	15.9713	 	-0.0542234	 	3.99413	 	0.998858	 	0	 	0.00326429	 	0.0286012	 	
284000	-1.99642	 	15.9714	 	-0.0521761	 	3.99414	 	0.998859	 	0	 	0.0032624	 	0.0285685	 	
286000	-1.99643	 	15.9714	 	-0.0514668	 	3.99414	 	0.998858	 	0	 	0.00327101	 	0.0285363	 	
288000	-1.99645	 	15.9716	 	-0.0511094	 	3.99418	 	0.998866	 	0	 	0.00324833	 	0.0283385	 	
290000	-1.99643	 	15.9714	 	-0.0532672	 	3.99415	 	0.99886	 	0	 	0.00326032	 	0.0285283	 	
292000	-1.99634	 	15.9707	 	-0.053411	 	3.99399	 	0.998829	 	0	 	0.00335753	 	0.0292614	 	
294000	-1.99635	 	15.9708	 	-0.0530425	 	3.99402	 	0.998835	 	0	 	0.00333811	 	0.0291169	 	
296000	-1.9963	 	15.9704	 	-0.0524932	 	3.99395	 	0.998821	 	0	 	0.00337282	 	0.0295129	 	
298000	-1.9963	 	15.9704	 	-0.0520654	 	3.99394	 	0.99882	 	0	 	0.00337363	 	0.0295292	 	
300000	-1.99631	 	15.9705	 	-0.0450583	 	3.99396	 	0.998822	 	0	 	0.00337778	 	0.029439	 	
302000	-1.99632	 	15.9706	 	-0.0401109	 	3.99398	 	0.998826	 	0	 	0.00336204	 	0.0293499	 	
304000	-1.99634	 	15.9707	 	-0.0453536	 	3.994	 	0.998831	 	0	 	0.0033465	 	0.0292621	 	
306000	-1.99636	 	15.9709	 	-0.0515931	 	3.99404	 	0.998838	 	0	 	0.00332467	 	0.0290712	 	
308000	-1.99637	 	15.971	 	-0.0577484	 	3.99406	 	0.998843	 	0	 	0.00330958	 	0.0289863	 	
310000	-1.99634	 	15.9707	 	-0.0590145	 	3.99401	 	0.998834	 	0	 	0.00333327	 	0.029211	 	
312000	-1.99635	 	15.9708	 	-0.0525417	 	3.99403	 	0.998837	 	0	 	0.00332792	 	0.0291263	 	
314000	-1.99638	 	15.971	 	-0.0458376	 	3.99406	 	0.998844	 	0	 	0.00330676	 	0.0289411	 	
316000	-1.99637	 	15.9709	 	-0.0434589	 	3.99405	 	0.998842	 	0	 	0.00331109	 	0.0290105	 	
318000	-1.99628	 	15.9703	 	-0.0475912	 	3.99391	 	0.998811	 	0	 	0.00340944	 	0.0296806	 	
320000	-1.99628	 	15.9703	 	-0.0450031	 	3.99391	 	0.998812	 	0	 	0.00340061	 	0.0296947	 	
322000	-1.99629	 	15.9703	 	-0.0445435	 	3.99392	 	0.998814	 	0	 	0.00340431	 	0.0296096	 	
324000	-1.99625	 	15.97	 	-0.0404136	 	3.99386	 	0.998802	 	0	 	0.00343254	 	0.0299192	 	
326000	-1.99621	 	15.9697	 	-0.039819	 	3.99377	 	0.998782	 	0	 	0.00350941	 	0.0302738	 	
328000	-1.9962	 	15.9696	 	-0.0402149	 	3.99375	 	0.998776	 	0.75	 	0.00353974	 	0.0303325	 	
330000	-1.99617	 	15.9694	 	-0.0387606	 	3.9937	 	0.998764	 	0	 	0.00358176	 	0.0305837	 	
332000	-1.99611	 	15.9689	 	-0.0352515	 	3.99359	 	0.998742	 	0	 	0.00364729	 	0.031072	 	
334000	-1.99611	 	15.9689	 	-0.033771	 	3.9936	 	0.998744	 	0	 	0.00364339	 	0.0310294	 	
336000	-1.99614	 	15.9691	 	-0.0335699	 	3.99364	 	0.998751	 	0	 	0.00362174	 	0.0308451	 	
338000	-1.99614	 	15.9691	 	-0.0333728	 	3.99364	 	0.998751	 	0	 	0.0036269	 	0.0308044	 	
340000	-1.99615	 	15.9692	 	-0.0286897	 	3.99366	 	0.998754	 	0	 	0.00361438	 	0.0307641	 	
342000	-1.99611	 	15.9689	 	-0.0280117	 	3.9936	 	0.998743	 	0	 	0.00364865	 	0.0310506	 	
344000	-1.99612	 	15.969	 	-0.0336599	 	3.99362	 	0.998747	 	0	 	0.00363326	 	0.0309631	 	
346000	-1.99613	 	15.969	 	-0.0359249	 	3.99362	 	0.998749	 	0	 	0.00362957	 	0.0309227	 	
348000	-1.99614	 	15.9691	 	-0.0383261	 	3.99365	 	0.998754	 	0	 	0.00361161	 	0.0307911	 	
350000	-1.99614	 	15.9691	 	-0.0390886	 	3.99364	 	0.998751	 	0	 	0.00362234	 	0.0308432	 	
352000	-1.99616	 	15.9693	 	-0.0388665	 	3.99368	 	0.998759	 	0	 	0.00360179	 	0.0306683	 	
354000	-1.99618	 	15.9694	 	-0.0386469	 	3.99371	 	0.998766	 	0	 	0.00358148	 	0.0304953	 	
356000	-1.99619	 	15.9695	 	-0.0427205	 	3.99372	 	0.998765	 	0	 	0.0035866	 	0.0304586	 	
358000	-1.99618	 	15.9694	 	-0.0480545	 	3.9937	 	0.998761	 	0	 	0.00360559	 	0.0305114	 	
360000	-1.99614	 	15.9691	 	-0.0510167	 	3.99363	 	0.998747	 	0	 	0.00364928	 	0.0308293	 	
362000	-1.99615	 	15.9692	 	-0.0452666	 	3.99366	 	0.998753	 	0	 	0.0036319	 	0.0307033	 	
364000	-1.99618	 	15.9694	 	-0.0450179	 	3.9937	 	0.99876	 	0	 	0.00361198	 	0.0305349	 	
366000	-1.99616	 	15.9693	 	-0.0447883	 	3.99367	 	0.998753	 	0	 	0.00364132	 	0.0306297	 	
368000	-1.99618	 	15.9695	 	-0.0445448	 	3.9937	 	0.99876	 	0	 	0.00362156	 	0.0304635	 	
370000	-1.99621	 	15.9696	 	-0.0443041	 	3.99374	 	0.998766	 	0	 	0.00360202	 	0.0302992	 	
372000	-1.99619	 	15.9695	 	-0.0485726	 	3.99371	 	0.998761	 	0	 	0.00361751	 	0.0304365	 	
374000	-1.9962	 	15.9696	 	-0.0483155	 	3.99373	 	0.998765	 	0	 	0.00360352	 	0.0303593	 	
376000	-1.9962	 	15.9696	 	-0.0510519	 	3.99373	 	0.998765	 	0	 	0.00360294	 	0.0303677	 	
378000	-1.99619	 	15.9695	 	-0.0549286	 	3.99371	 	0.998762	 	0	 	0.00360763	 	0.0304603	 	
380000	-1.9962	 	15.9696	 	-0.0546382	 	3.99373	 	0.998767	 	0	 	0.00359129	 	0.0303422	 	
382000	-1.99619	 	15.9695	 	-0.0588141	 	3.99372	 	0.998764	 	0	 	0.00360122	 	0.0303923	 	
384000	-1.9962	 	15.9696	 	-0.061707	 	3.99373	 	0.998767	 	0	 	0.00359027	 	0.0303588	 	
386000	-1.99622	 	15.9697	 	-0.0613873	 	3.99376	 	0.998773	 	0	 	0.0035717	 	0.0302018	 	
388000	-1.9962	 	15.9696	 	-0.0627552	 	3.99374	 	0.998768	 	0	 	0.00358671	 	0.030334	 	
390000	-1.9962	 	15.9696	 	-0.0624385	 	3.99373	 	0.998767	 	0	 	0.00359392	 	0.0303422	 	
392000	-1.99621	 	15.9697	 	-0.0579222	 	3.99376	 	0.998772	 	0	 	0.00357815	 	0.0302284	 	
394000	-1.99622	 	15.9698	 	-0.0527728	 	3.99377	 	0.998775	 	0	 	0.00356507	 	0.0301561	 	
396000	-1.99621	 	15.9697	 	-0.0533232	 	3.99376	 	0.998773	 	0	 	0.00356973	 	0.0302456	 	
398000	-1.99619	 	15.9695	 	-0.0580616	 	3.99373	 	0.998768	 	0	 	0.00357935	 	0.0304143	 	
400000	-1.9962	 	15.9696	 	-0.0622038	 	3.99374	 	0.998771	 	0	 	0.00356646	 	0.0303422	 	
402000	-1.99616	 	15.9693	 	-0.0618769	 	3.99368	 	0.99876	 	0	 	0.00359833	 	0.0306277	 	
404000	-1.99618	 	15.9695	 	-0.0615705	 	3.99372	 	0.998766	 	0	 	0.00358054	 	0.0304764	 	
406000	-1.99616	 	15.9693	 	-0.0588547	 	3.99368	 	0.998761	 	0	 	0.00358992	 	0.0306406	 	
408000	-1.99618	 	15.9694	 	-0.0634669	 	3.99371	 	0.998766	 	0	 	0.00357479	 	0.0305298	 	
410000	-1.99617	 	15.9694	 	-0.0680268	 	3.9937	 	0.998766	 	0	 	0.00356952	 	0.0305755	 	
412000	-1.99617	 	15.9694	 	-0.0642985	 	3.99369	 	0.998762	 	0	 	0.00359096	 	0.0305821	 	
414000	-1.99618	 	15.9694	 	-0.0591594	 	3.99371	 	0.998766	 	0	 	0.00357845	 	0.0305116	 	
416000	-1.99618	 	15.9695	 	-0.0544387	 	3.99372	 	0.998768	 	0	 	0.00356845	 	0.0304802	 	
418000	-1.99617	 	15.9693	 	-0.0549833	 	3.99369	 	0.998761	 	0	 	0.00359673	 	0.0306015	 	
420000	-1.99612	 	15.969	 	-0.0544667	 	3.9936	 	0.998743	 	0	 	0.00365558	 	0.0309874	 	
422000	-1.99612	 	15.9689	 	-0.0499526	 	3.9936	 	0.998742	 	0	 	0.00366191	 	0.0309919	 	
424000	-1.99613	 	15.969	 	-0.0483208	 	3.99361	 	0.998743	 	0	 	0.00366349	 	0.0309211	 	
426000	-1.99615	 	15.9692	 	-0.0480939	 	3.99364	 	0.998749	 	0	 	0.00364632	 	0.0307763	 	
428000	-1.99615	 	15.9692	 	-0.047875	 	3.99365	 	0.998749	 	0	 	0.00365028	 	0.0307444	 	
430000	-1.99616	 	15.9693	 	-0.0450035	 	3.99367	 	0.998752	 	0	 	0.00364261	 	0.0306388	 	
432000	-1.99616	 	15.9693	 	-0.0446146	 	3.99366	 	0.998751	 	0	 	0.00364885	 	0.0306448	 	
434000	-1.99617	 	15.9694	 	-0.0444101	 	3.99368	 	0.998753	 	0	 	0.00364355	 	0.0305773	 	
436000	-1.99616	 	15.9693	 	-0.0442018	 	3.99366	 	0.998748	 	0	 	0.00366804	 	0.0306566	 	
438000	-1.99618	 	15.9694	 	-0.044	 	3.99368	 	0.998753	 	0	 	0.00365132	 	0.0305169	 	
440000	-1.99618	 	15.9694	 	-0.044683	 	3.99368	 	0.998753	 	0	 	0.0036506	 	0.0305234	 	
442000	-1.99619	 	15.9695	 	-0.0490045	 	3.99371	 	0.998758	 	0	 	0.00363636	 	0.0304216	 	
444000	-1.99618	 	15.9694	 	-0.0518547	 	3.99369	 	0.998756	 	0	 	0.0036402	 	0.0305002	 	
446000	-1.99619	 	15.9695	 	-0.056102	 	3.99371	 	0.998759	 	0	 	0.00362837	 	0.0304352	 	
448000	-1.99621	 	15.9696	 	-0.0603158	 	3.99373	 	0.998765	 	0	 	0.0036122	 	0.0302995	 	
450000	-1.9962	 	15.9696	 	-0.0626078	 	3.99371	 	0.998759	 	0	 	0.00363606	 	0.0303777	 	
452000	-1.99621	 	15.9697	 	-0.0623308	 	3.99374	 	0.998764	 	0	 	0.00362	 	0.0302435	 	
454000	-1.99622	 	15.9697	 	-0.0620551	 	3.99375	 	0.998767	 	0	 	0.00361065	 	0.0302158	 	
456000	-1.99621	 	15.9696	 	-0.0627489	 	3.99373	 	0.998762	 	0	 	0.00362764	 	0.0302933	 	
458000	-1.9962	 	15.9696	 	-0.0634585	 	3.99371	 	0.998755	 	0	 	0.00365756	 	0.0303701	 	
460000	-1.99619	 	15.9695	 	-0.0604728	 	3.9937	 	0.998753	 	0	 	0.00366552	 	0.0304115	 	
462000	-1.99621	 	15.9697	 	-0.055882	 	3.99373	 	0.998759	 	0	 	0.00364968	 	0.0302801	 	
464000	-1.99622	 	15.9698	 	-0.0542716	 	3.99375	 	0.998763	 	0	 	0.00363612	 	0.0301842	 	
466000	-1.99618	 	15.9695	 	-0.0546105	 	3.99369	 	0.998754	 	0	 	0.00365259	 	0.0304654	 	
468000	-1.99618	 	15.9694	 	-0.0521368	 	3.99368	 	0.998752	 	0	 	0.00366044	 	0.0305057	 	
470000	-1.99616	 	15.9693	 	-0.0506255	 	3.99365	 	0.998747	 	0	 	0.00367031	 	0.0306814	 	
472000	-1.99613	 	15.969	 	-0.0507871	 	3.9936	 	0.998736	 	0	 	0.00370336	 	0.0309231	 	
474000	-1.99613	 	15.969	 	-0.0475327	 	3.9936	 	0.998735	 	0	 	0.00371301	 	0.0308937	 	
476000	-1.99614	 	15.9691	 	-0.0431334	 	3.99362	 	0.998738	 	0	 	0.00370162	 	0.0308311	 	
478000	-1.99615	 	15.9692	 	-0.0387709	 	3.99363	 	0.998742	 	0	 	0.00369032	 	0.0307691	 	
480000	-1.99614	 	15.9691	 	-0.0344542	 	3.99361	 	0.998735	 	0	 	0.0037186	 	0.0308403	 	
482000	-1.99615	 	15.9692	 	-0.0301629	 	3.99363	 	0.99874	 	0	 	0.00370526	 	0.0307457	 	
484000	-1.99615	 	15.9692	 	-0.0289638	 	3.99363	 	0.998741	 	0	 	0.00370233	 	0.0307177	 	
486000	-1.99616	 	15.9693	 	-0.0288457	 	3.99365	 	0.998745	 	0	 	0.00368917	 	0.0306243	 	
488000	-1.99612	 	15.969	 	-0.0265164	 	3.99357	 	0.998725	 	0	 	0.0037599	 	0.0309889	 	
490000	-1.99613	 	15.9691	 	-0.0223265	 	3.9936	 	0.998731	 	0	 	0.00374458	 	0.0308627	 	
492000	-1.99612	 	15.9689	 	-0.0222043	 	3.99356	 	0.998723	 	0	 	0.00377599	 	0.0309966	 	
494000	-1.99611	 	15.9689	 	-0.0198816	 	3.99356	 	0.998722	 	0	 	0.00377686	 	0.0310327	 	
496000	-1.9961	 	15.9688	 	-0.0157752	 	3.99355	 	0.998721	 	0	 	0.0037737	 	0.0311006	 	
498000	-1.9961	 	15.9688	 	-0.0121315	 	3.99353	 	0.998718	 	0	 	0.00378258	 	0.031168	 	
500000	-1.99609	 	15.9687	 	-0.016075	 	3.99353	 	0.998717	 	0	 	0.00378342	 	0.0312029	 	
502000	-1.9961	 	15.9688	 	-0.0179442	 	3.99354	 	0.998719	 	0	 	0.0037783	 	0.0311423	 	
504000	-1.99611	 	15.9689	 	-0.0188224	 	3.99356	 	0.998723	 	0	 	0.0037653	 	0.0310506	 	
506000	-1.99612	 	15.969	 	-0.0226986	 	3.99358	 	0.998726	 	0	 	0.00375833	 	0.0309596	 	
508000	-1.99612	 	15.969	 	-0.0260866	 	3.99357	 	0.998726	 	0	 	0.00375729	 	0.0309635	 	
510000	-1.99614	 	15.9691	 	-0.0259843	 	3.9936	 	0.998731	 	0	 	0.00374258	 	0.0308423	 	
512000	-1.99611	 	15.9689	 	-0.0292725	 	3.99356	 	0.998726	 	0	 	0.00374936	 	0.0310645	 	
514000	-1.99612	 	15.969	 	-0.0330496	 	3.99359	 	0.998731	 	0	 	0.0037348	 	0.0309438	 	
516000	-1.9961	 	15.9688	 	-0.0345184	 	3.99354	 	0.99872	 	0	 	0.00377058	 	0.0311639	 	
518000	-1.99611	 	15.9689	 	-0.0382452	 	3.99356	 	0.998724	 	0	 	0.00375797	 	0.0310745	 	
520000	-1.99611	 	15.9689	 	-0.0393308	 	3.99355	 	0.998723	 	0	 	0.00376271	 	0.0310779	 	
522000	-1.99611	 	15.9689	 	-0.0363669	 	3.99355	 	0.998723	 	0	 	0.00376168	 	0.0310811	 	
524000	-1.9961	 	15.9688	 	-0.0343721	 	3.99353	 	0.998719	 	0	 	0.00377207	 	0.0311757	 	
526000	-1.99608	 	15.9687	 	-0.0313194	 	3.99352	 	0.998717	 	0	 	0.00377668	 	0.0312694	 	
528000	-1.99608	 	15.9686	 	-0.0335777	 	3.9935	 	0.998714	 	0	 	0.00378505	 	0.0313323	 	
530000	-1.99607	 	15.9686	 	-0.0372179	 	3.9935	 	0.998712	 	0	 	0.00379148	 	0.0313647	 	
532000	-1.99608	 	15.9687	 	-0.0408365	 	3.99352	 	0.998716	 	0	 	0.00377912	 	0.031277	 	
534000	-1.9961	 	15.9688	 	-0.0444288	 	3.99354	 	0.998721	 	0	 	0.00376499	 	0.0311601	 	
536000	-1.99611	 	15.9689	 	-0.0446063	 	3.99356	 	0.998726	 	0	 	0.00375097	 	0.031044	 	
538000	-1.99612	 	15.969	 	-0.0444414	 	3.99358	 	0.99873	 	0	 	0.0037389	 	0.0309585	 	
540000	-1.9961	 	15.9688	 	-0.0465972	 	3.99355	 	0.998723	 	0	 	0.00375459	 	0.0311392	 	
542000	-1.99611	 	15.9689	 	-0.0445397	 	3.99356	 	0.998726	 	0	 	0.00374443	 	0.0310833	 	
544000	-1.99609	 	15.9687	 	-0.0433851	 	3.99353	 	0.998722	 	0	 	0.00375633	 	0.0312036	 	
546000	-1.99609	 	15.9687	 	-0.0425055	 	3.99353	 	0.998722	 	0	 	0.00375537	 	0.0312063	 	
548000	-1.99609	 	15.9687	 	-0.0455018	 	3.99354	 	0.998723	 	0	 	0.00374895	 	0.031209	 	
550000	-1.99609	 	15.9688	 	-0.04897	 	3.99354	 	0.998725	 	0	 	0.00374077	 	0.0311826	 	
552000	-1.99608	 	15.9687	 	-0.0499158	 	3.99352	 	0.99872	 	0	 	0.00375613	 	0.031272	 	
554000	-1.9961	 	15.9688	 	-0.0497356	 	3.99355	 	0.998725	 	0	 	0.00374259	 	0.0311593	 	
556000	-1.99609	 	15.9687	 	-0.049786	 	3.99353	 	0.998721	 	0	 	0.00375245	 	0.0312481	 	
558000	-1.99606	 	15.9685	 	-0.0484041	 	3.99349	 	0.998712	 	0	 	0.00378369	 	0.0314219	 	
560000	-1.99607	 	15.9686	 	-0.0518009	 	3.9935	 	0.998715	 	0	 	0.00377375	 	0.0313668	 	
562000	-1.99607	 	15.9685	 	-0.0551708	 	3.9935	 	0.998715	 	0	 	0.0037692	 	0.0313972	 	
564000	-1.99608	 	15.9686	 	-0.0557261	 	3.99352	 	0.998719	 	0	 	0.00375762	 	0.0313144	 	
566000	-1.99609	 	15.9687	 	-0.0533083	 	3.99353	 	0.998722	 	0	 	0.00375141	 	0.0312321	 	
568000	-1.99609	 	15.9687	 	-0.0521488	 	3.99353	 	0.998721	 	0	 	0.00375578	 	0.0312346	 	
570000	-1.99608	 	15.9686	 	-0.0531833	 	3.99352	 	0.99872	 	0	 	0.0037531	 	0.0312929	 	
572000	-1.99609	 	15.9687	 	-0.056493	 	3.99354	 	0.998724	 	0	 	0.00374174	 	0.0312116	 	
574000	-1.99609	 	15.9688	 	-0.0594408	 	3.99354	 	0.998723	 	0	 	0.00374957	 	0.0311864	 	
576000	-1.9961	 	15.9688	 	-0.0592196	 	3.99355	 	0.998725	 	0	 	0.00374176	 	0.0311613	 	
578000	-1.99609	 	15.9687	 	-0.0587517	 	3.99353	 	0.998722	 	0	 	0.00374607	 	0.0312467	 	
580000	-1.99609	 	15.9687	 	-0.0561957	 	3.99353	 	0.998722	 	0	 	0.00375036	 	0.0312491	 	
582000	-1.99607	 	15.9685	 	-0.0554313	 	3.99351	 	0.998718	 	0	 	0.00375288	 	0.0313884	 	
584000	-1.99607	 	15.9686	 	-0.0563759	 	3.99351	 	0.99872	 	0	 	0.00374516	 	0.0313629	 	
586000	-1.99606	 	15.9685	 	-0.0580444	 	3.9935	 	0.998718	 	0	 	0.0037477	 	0.0314193	 	
588000	-1.99606	 	15.9685	 	-0.0612406	 	3.99349	 	0.998715	 	0	 	0.0037638	 	0.0314481	 	
590000	-1.996	 	15.968	 	-0.0601119	 	3.99339	 	0.998695	 	0	 	0.00382709	 	0.031909	 	
592000	-1.996	 	15.968	 	-0.0612078	 	3.99339	 	0.998693	 	0	 	0.00383776	 	0.031936	 	
594000	-1.996	 	15.968	 	-0.0641852	 	3.99338	 	0.998692	 	0	 	0.00384164	 	0.031936	 	
596000	-1.99599	 	15.9679	 	-0.0627475	 	3.99337	 	0.998689	 	0	 	0.00385051	 	0.0320162	 	
598000	-1.996	 	15.968	 	-0.059194	 	3.99338	 	0.998692	 	0	 	0.00383931	 	0.031936	 	
600000	-1.99601	 	15.9681	 	-0.0556633	 	3.99341	 	0.998697	 	0	 	0.00382654	 	0.0318298	 	
602000	-1.99601	 	15.9681	 	-0.0521611	 	3.99341	 	0.998696	 	0	 	0.00383041	 	0.0318301	 	
604000	-1.99602	 	15.9681	 	-0.0498402	 	3.99341	 	0.998698	 	0	 	0.00382269	 	0.0318041	 	
606000	-1.99602	 	15.9681	 	-0.0491568	 	3.99341	 	0.998698	 	0	 	0.0038216	 	0.0318045	 	
608000	-1.99603	 	15.9682	 	-0.0457056	 	3.99343	 	0.998702	 	0	 	0.00380905	 	0.0317001	 	
610000	-1.99604	 	15.9683	 	-0.0439549	 	3.99344	 	0.998704	 	0	 	0.00380476	 	0.0316486	 	
612000	-1.99604	 	15.9683	 	-0.0418538	 	3.99346	 	0.998707	 	0	 	0.0037956	 	0.0315975	 	
614000	-1.99602	 	15.9681	 	-0.040193	 	3.99341	 	0.998696	 	0	 	0.00383196	 	0.0318062	 	
616000	-1.996	 	15.968	 	-0.0400503	 	3.99339	 	0.998693	 	0	 	0.00383732	 	0.0319101	 	
618000	-1.996	 	15.968	 	-0.039915	 	3.99339	 	0.998693	 	0	 	0.00383621	 	0.0319102	 	
620000	-1.99601	 	15.9681	 	-0.0392992	 	3.9934	 	0.998696	 	0	 	0.00382707	 	0.0318589	 	
622000	-1.99601	 	15.9681	 	-0.0380852	 	3.99341	 	0.998698	 	0	 	0.00381958	 	0.0318335	 	
624000	-1.99601	 	15.9681	 	-0.0347636	 	3.99341	 	0.998696	 	0	 	0.00382814	 	0.0318338	 	
626000	-1.99602	 	15.9682	 	-0.0317484	 	3.99342	 	0.998699	 	0	 	0.00381911	 	0.0317833	 	
628000	-1.99601	 	15.9681	 	-0.0316529	 	3.9934	 	0.998696	 	0	 	0.00383078	 	0.0318345	 	
630000	-1.996	 	15.968	 	-0.0308135	 	3.99339	 	0.998691	 	0	 	0.0038487	 	0.0319107	 	
632000	-1.99601	 	15.9681	 	-0.0333726	 	3.9934	 	0.998694	 	0	 	0.00384286	 	0.0318351	 	
634000	-1.99602	 	15.9682	 	-0.0332689	 	3.99341	 	0.998696	 	0	 	0.0038339	 	0.0317852	 	
636000	-1.99602	 	15.9682	 	-0.0318058	 	3.99341	 	0.998697	 	0	 	0.00382812	 	0.0317857	 	
638000	-1.99602	 	15.9681	 	-0.0303339	 	3.99341	 	0.998697	 	0	 	0.00382393	 	0.0318111	 	
640000	-1.99602	 	15.9682	 	-0.0302383	 	3.99343	 	0.998701	 	0	 	0.00381356	 	0.0317368	 	
642000	-1.99604	 	15.9683	 	-0.0301441	 	3.99345	 	0.998705	 	0	 	0.0038017	 	0.0316381	 	
644000	-1.99604	 	15.9683	 	-0.0272376	 	3.99345	 	0.998705	 	0	 	0.00380074	 	0.0316391	 	
646000	-1.99603	 	15.9682	 	-0.0263924	 	3.99343	 	0.998702	 	0	 	0.00380905	 	0.031714	 	
648000	-1.99602	 	15.9681	 	-0.0277569	 	3.99341	 	0.998697	 	0	 	0.00383117	 	0.0317884	 	
650000	-1.99603	 	15.9682	 	-0.0276715	 	3.99343	 	0.998701	 	0	 	0.0038194	 	0.0316908	 	
652000	-1.99604	 	15.9683	 	-0.0275867	 	3.99345	 	0.998705	 	0	 	0.00380771	 	0.0315938	 	
654000	-1.99605	 	15.9684	 	-0.0292599	 	3.99346	 	0.998706	 	0	 	0.00380065	 	0.0315705	 	
656000	-1.99604	 	15.9683	 	-0.031548	 	3.99345	 	0.998705	 	0	 	0.00380579	 	0.0315959	 	
658000	-1.99603	 	15.9682	 	-0.0344818	 	3.99343	 	0.998702	 	0	 	0.00381089	 	0.0316938	 	
660000	-1.99603	 	15.9682	 	-0.0334864	 	3.99343	 	0.998702	 	0	 	0.00381144	 	0.0317187	 	
662000	-1.99603	 	15.9682	 	-0.0341352	 	3.99343	 	0.9987	 	0	 	0.00381953	 	0.0317193	 	
664000	-1.99601	 	15.9681	 	-0.0346619	 	3.9934	 	0.998694	 	0	 	0.00384408	 	0.03184	 	
666000	-1.99602	 	15.9682	 	-0.0375608	 	3.99342	 	0.998697	 	0	 	0.00383255	 	0.0317446	 	
668000	-1.99604	 	15.9683	 	-0.0404424	 	3.99344	 	0.998701	 	0	 	0.0038211	 	0.0316497	 	
670000	-1.99605	 	15.9684	 	-0.0433067	 	3.99346	 	0.998705	 	0	 	0.00380971	 	0.0315554	 	
672000	-1.99604	 	15.9683	 	-0.0438274	 	3.99344	 	0.998702	 	0	 	0.00381469	 	0.0316514	 	
674000	-1.99603	 	15.9682	 	-0.0430401	 	3.99343	 	0.998699	 	0	 	0.00383002	 	0.0316996	 	
676000	-1.99604	 	15.9683	 	-0.0444467	 	3.99344	 	0.998701	 	0	 	0.00382165	 	0.0316531	 	
678000	-1.99604	 	15.9684	 	-0.0472647	 	3.99345	 	0.998704	 	0	 	0.00381187	 	0.0315834	 	
680000	-1.99603	 	15.9682	 	-0.0500551	 	3.99342	 	0.998699	 	0	 	0.00382411	 	0.0317251	 	
682000	-1.99603	 	15.9683	 	-0.0507001	 	3.99344	 	0.998702	 	0	 	0.00381584	 	0.031679	 	
684000	-1.99603	 	15.9682	 	-0.0505585	 	3.99342	 	0.998699	 	0	 	0.00382656	 	0.0317263	 	
686000	-1.99603	 	15.9683	 	-0.0504067	 	3.99343	 	0.998701	 	0	 	0.00381833	 	0.0316805	 	
688000	-1.99604	 	15.9683	 	-0.0524666	 	3.99344	 	0.998702	 	0	 	0.00381884	 	0.0316349	 	
690000	-1.99604	 	15.9683	 	-0.054008	 	3.99344	 	0.998702	 	0	 	0.0038179	 	0.0316358	 	
692000	-1.99603	 	15.9682	 	-0.0537847	 	3.99342	 	0.998697	 	0	 	0.00384002	 	0.0317287	 	
694000	-1.99604	 	15.9683	 	-0.0536297	 	3.99344	 	0.9987	 	0	 	0.00382898	 	0.0316375	 	
696000	-1.99604	 	15.9683	 	-0.055875	 	3.99344	 	0.9987	 	0	 	0.00383232	 	0.0316383	 	
698000	-1.99605	 	15.9684	 	-0.0585802	 	3.99346	 	0.998703	 	0	 	0.00382136	 	0.0315479	 	
700000	-1.99605	 	15.9684	 	-0.0612686	 	3.99347	 	0.998706	 	0	 	0.0038133	 	0.0315034	 	
702000	-1.99605	 	15.9684	 	-0.0633305	 	3.99346	 	0.998704	 	0	 	0.00381949	 	0.0315501	 	
704000	-1.99606	 	15.9685	 	-0.0631506	 	3.99347	 	0.998707	 	0	 	0.00380866	 	0.0314606	 	
706000	-1.99607	 	15.9686	 	-0.0629717	 	3.99349	 	0.998711	 	0	 	0.00379789	 	0.0313717	 	
708000	-1.99608	 	15.9687	 	-0.0627938	 	3.99351	 	0.998715	 	0	 	0.00378718	 	0.0312832	 	
710000	-1.99608	 	15.9687	 	-0.0626211	 	3.99352	 	0.998715	 	0	 	0.00378495	 	0.0312626	 	
712000	-1.99607	 	15.9686	 	-0.061717	 	3.99349	 	0.998709	 	0	 	0.00381215	 	0.0313764	 	
714000	-1.99608	 	15.9686	 	-0.0624853	 	3.99349	 	0.998709	 	0	 	0.00381266	 	0.0313334	 	
716000	-1.99608	 	15.9687	 	-0.0651034	 	3.99351	 	0.998712	 	0	 	0.00380342	 	0.0312683	 	
718000	-1.99605	 	15.9684	 	-0.0661226	 	3.99345	 	0.998699	 	0	 	0.0038456	 	0.0315587	 	
720000	-1.99605	 	15.9684	 	-0.0664604	 	3.99345	 	0.998701	 	0	 	0.00384186	 	0.0315155	 	
722000	-1.99603	 	15.9683	 	-0.0670727	 	3.99342	 	0.998695	 	0	 	0.00385883	 	0.0316711	 	
724000	-1.99604	 	15.9684	 	-0.0668874	 	3.99344	 	0.998698	 	0	 	0.00384819	 	0.0315838	 	
726000	-1.99602	 	15.9682	 	-0.0671543	 	3.9934	 	0.998691	 	0	 	0.00386643	 	0.0317604	 	
728000	-1.99601	 	15.9681	 	-0.0674588	 	3.99339	 	0.99869	 	0	 	0.0038695	 	0.0318265	 	
730000	-1.99602	 	15.9682	 	-0.0686822	 	3.9934	 	0.998692	 	0	 	0.00386165	 	0.0317832	 	
732000	-1.99603	 	15.9682	 	-0.0712268	 	3.99342	 	0.998695	 	0	 	0.00385112	 	0.0316965	 	
734000	-1.99604	 	15.9683	 	-0.0701553	 	3.99343	 	0.998698	 	0	 	0.00384335	 	0.0316537	 	
736000	-1.99604	 	15.9683	 	-0.0685951	 	3.99343	 	0.998697	 	0	 	0.00384647	 	0.0316545	 	
738000	-1.99604	 	15.9683	 	-0.0684112	 	3.99344	 	0.998699	 	0	 	0.00384282	 	0.0316121	 	
740000	-1.99604	 	15.9683	 	-0.0694588	 	3.99344	 	0.998699	 	0	 	0.00383783	 	0.031613	 	
742000	-1.99605	 	15.9684	 	-0.071967	 	3.99346	 	0.998703	 	0	 	0.0038275	 	0.0315279	 	
744000	-1.99606	 	15.9685	 	-0.0728038	 	3.99347	 	0.998706	 	0	 	0.00381857	 	0.0314648	 	
746000	-1.99605	 	15.9684	 	-0.0726153	 	3.99346	 	0.998704	 	0	 	0.0038217	 	0.0315301	 	
748000	-1.99604	 	15.9683	 	-0.0701878	 	3.99345	 	0.998701	 	0	 	0.00382881	 	0.0315951	 	
750000	-1.99603	 	15.9683	 	-0.069994	 	3.99343	 	0.998698	 	0	 	0.00383989	 	0.0316598	 	
752000	-1.99602	 	15.9682	 	-0.0699063	 	3.99341	 	0.998695	 	0	 	0.00384824	 	0.0317453	 	
754000	-1.99602	 	15.9681	 	-0.0697241	 	3.9934	 	0.998691	 	0	 	0.00386317	 	0.0318092	 	
756000	-1.99602	 	15.9682	 	-0.069539	 	3.99341	 	0.998694	 	0	 	0.00385429	 	0.0317463	 	
758000	-1.99603	 	15.9682	 	-0.0698602	 	3.99342	 	0.998695	 	0	 	0.00384807	 	0.0317258	 	
760000	-1.99603	 	15.9682	 	-0.0709618	 	3.99342	 	0.998696	 	0	 	0.00384583	 	0.0317053	 	
762000	-1.996	 	15.968	 	-0.0720046	 	3.99337	 	0.998687	 	0	 	0.00386843	 	0.0319569	 	
764000	-1.99601	 	15.9681	 	-0.0718161	 	3.99339	 	0.99869	 	0	 	0.00385832	 	0.0318734	 	
766000	-1.99601	 	15.9681	 	-0.0695653	 	3.99339	 	0.998691	 	0	 	0.00385737	 	0.0318736	 	
768000	-1.99599	 	15.9679	 	-0.0690469	 	3.99336	 	0.998685	 	0	 	0.00387329	 	0.032019	 	
770000	-1.99599	 	15.9679	 	-0.0688656	 	3.99335	 	0.998684	 	0	 	0.00387749	 	0.0320395	 	
772000	-1.99598	 	15.9679	 	-0.0697785	 	3.99335	 	0.998684	 	0	 	0.0038739	 	0.0320599	 	
774000	-1.99599	 	15.9679	 	-0.0695956	 	3.99336	 	0.998685	 	0	 	0.00387163	 	0.0320389	 	
776000	-1.99598	 	15.9679	 	-0.069422	 	3.99335	 	0.998684	 	0	 	0.00387322	 	0.0320798	 	
778000	-1.99599	 	15.9679	 	-0.0692436	 	3.99337	 	0.998687	 	0	 	0.00386328	 	0.0319974	 	
780000	-1.99599	 	15.9679	 	-0.0691192	 	3.99336	 	0.998685	 	0	 	0.00387257	 	0.0320382	 	
782000	-1.99599	 	15.9679	 	-0.0704341	 	3.99336	 	0.998685	 	0	 	0.0038716	 	0.0320379	 	
784000	-1.99597	 	15.9678	 	-0.0682736	 	3.99334	 	0.99868	 	0	 	0.00388462	 	0.0321393	 	
786000	-1.99597	 	15.9678	 	-0.0656749	 	3.99333	 	0.998679	 	0	 	0.00389251	 	0.032159	 	
788000	-1.99598	 	15.9678	 	-0.0655063	 	3.99334	 	0.99868	 	0	 	0.00388897	 	0.032118	 	
790000	-1.99598	 	15.9679	 	-0.0653392	 	3.99335	 	0.998682	 	0	 	0.00388166	 	0.0320772	 	
792000	-1.99596	 	15.9677	 	-0.0651837	 	3.99332	 	0.998679	 	0	 	0.00388569	 	0.0322177	 	
794000	-1.99597	 	15.9678	 	-0.0650195	 	3.99334	 	0.998682	 	0	 	0.00387592	 	0.0321367	 	
796000	-1.99598	 	15.9678	 	-0.0648543	 	3.99335	 	0.998683	 	0	 	0.00387246	 	0.0320962	 	
798000	-1.99597	 	15.9678	 	-0.06526	 	3.99333	 	0.998681	 	0	 	0.00387901	 	0.0321557	 	
800000	-1.99598	 	15.9678	 	-0.0675962	 	3.99335	 	0.998684	 	0	 	0.00387057	 	0.0320954	 	
802000	-1.99599	 	15.9679	 	-0.0699208	 	3.99336	 	0.998686	 	0	 	0.00386218	 	0.0320354	 	
804000	-1.996	 	15.968	 	-0.0719646	 	3.99337	 	0.998688	 	0	 	0.00385755	 	0.0319756	 	
806000	-1.99598	 	15.9679	 	-0.0720254	 	3.99335	 	0.998684	 	0	 	0.00387025	 	0.0320744	 	
808000	-1.99599	 	15.9679	 	-0.0730006	 	3.99336	 	0.998685	 	0	 	0.00387056	 	0.0320346	 	
810000	-1.99599	 	15.9679	 	-0.0734222	 	3.99336	 	0.998685	 	0	 	0.00386963	 	0.0320344	 	
812000	-1.99599	 	15.9679	 	-0.0722943	 	3.99335	 	0.998683	 	0	 	0.0038773	 	0.0320538	 	
814000	-1.99599	 	15.9679	 	-0.071129	 	3.99335	 	0.998683	 	0	 	0.00388004	 	0.0320535	 	
816000	-1.99599	 	15.9679	 	-0.070954	 	3.99336	 	0.998686	 	0	 	0.00387177	 	0.0319946	 	
818000	-1.99599	 	15.9679	 	-0.072926	 	3.99336	 	0.998685	 	0	 	0.00387206	 	0.0320139	 	
820000	-1.996	 	15.968	 	-0.0731957	 	3.99337	 	0.998687	 	0	 	0.00386506	 	0.0319749	 	
822000	-1.996	 	15.968	 	-0.0744197	 	3.99338	 	0.99869	 	0	 	0.00385688	 	0.0319166	 	
824000	-1.99601	 	15.9681	 	-0.0766663	 	3.9934	 	0.998693	 	0	 	0.00384754	 	0.0318393	 	
826000	-1.99601	 	15.9681	 	-0.0770793	 	3.9934	 	0.998694	 	0	 	0.00384185	 	0.0318202	 	
828000	-1.99602	 	15.9682	 	-0.0758792	 	3.99341	 	0.998696	 	0	 	0.00383861	 	0.031782	 	
830000	-1.99602	 	15.9682	 	-0.0762247	 	3.99342	 	0.998697	 	0	 	0.00383538	 	0.031744	 	
832000	-1.99603	 	15.9682	 	-0.0784417	 	3.99342	 	0.998698	 	0	 	0.00383336	 	0.0317253	 	
834000	-1.99603	 	15.9683	 	-0.0806511	 	3.99343	 	0.9987	 	0	 	0.00382538	 	0.0316685	 	
836000	-1.99604	 	15.9683	 	-0.0827315	 	3.99344	 	0.998702	 	0	 	0.0038222	 	0.031631	 	
838000	-1.99604	 	15.9683	 	-0.0845889	 	3.99345	 	0.998703	 	0	 	0.00381547	 	0.0315937	 	
840000	-1.99605	 	15.9684	 	-0.0843887	 	3.99346	 	0.998705	 	0	 	0.00380877	 	0.0315566	 	
842000	-1.99604	 	15.9683	 	-0.0857571	 	3.99344	 	0.998701	 	0	 	0.00382104	 	0.0316521	 	
844000	-1.99604	 	15.9683	 	-0.0879212	 	3.99344	 	0.998702	 	0	 	0.00381909	 	0.0316339	 	
846000	-1.99604	 	15.9683	 	-0.0900762	 	3.99345	 	0.998704	 	0	 	0.00381243	 	0.0315969	 	
848000	-1.99604	 	15.9684	 	-0.0922193	 	3.99346	 	0.998705	 	0	 	0.00380697	 	0.0315789	 	
850000	-1.99605	 	15.9684	 	-0.0943535	 	3.99346	 	0.998706	 	0	 	0.00380154	 	0.031561	 	
852000	-1.99605	 	15.9684	 	-0.0964789	 	3.99347	 	0.998709	 	0	 	0.0037938	 	0.0315058	 	
854000	-1.99606	 	15.9685	 	-0.0966844	 	3.99348	 	0.99871	 	0	 	0.00379077	 	0.0314695	 	
856000	-1.99607	 	15.9685	 	-0.0964585	 	3.99349	 	0.998713	 	0	 	0.00378193	 	0.0313961	 	
858000	-1.99608	 	15.9686	 	-0.0962337	 	3.99351	 	0.998716	 	0	 	0.00377313	 	0.0313231	 	
860000	-1.99608	 	15.9687	 	-0.0960128	 	3.99352	 	0.998717	 	0	 	0.00377016	 	0.0312874	 	
862000	-1.99608	 	15.9687	 	-0.0954142	 	3.99352	 	0.998718	 	0	 	0.00376837	 	0.0312704	 	
864000	-1.99608	 	15.9687	 	-0.0943166	 	3.99352	 	0.998718	 	0	 	0.00376773	 	0.031272	 	
866000	-1.99608	 	15.9686	 	-0.0926374	 	3.99351	 	0.998715	 	0	 	0.00378323	 	0.0313103	 	
868000	-1.99607	 	15.9686	 	-0.0909896	 	3.99349	 	0.998712	 	0	 	0.0037906	 	0.0313852	 	
870000	-1.99606	 	15.9685	 	-0.0903161	 	3.99349	 	0.998711	 	0	 	0.00378876	 	0.0314231	 	
872000	-1.99606	 	15.9685	 	-0.0902116	 	3.99349	 	0.998712	 	0	 	0.00378808	 	0.0314243	 	
874000	-1.99605	 	15.9684	 	-0.0881768	 	3.99347	 	0.998709	 	0	 	0.00379539	 	0.0314984	 	
876000	-1.99605	 	15.9684	 	-0.087016	 	3.99347	 	0.998709	 	0	 	0.0037947	 	0.0314994	 	
878000	-1.99606	 	15.9685	 	-0.0855598	 	3.99348	 	0.998711	 	0	 	0.00378721	 	0.0314459	 	
880000	-1.99605	 	15.9684	 	-0.0830983	 	3.99347	 	0.99871	 	0	 	0.00378993	 	0.0315014	 	
882000	-1.99605	 	15.9684	 	-0.0822251	 	3.99347	 	0.998709	 	0	 	0.00378812	 	0.0315385	 	
884000	-1.99606	 	15.9685	 	-0.0842212	 	3.99348	 	0.998711	 	0	 	0.00378408	 	0.0314853	 	
886000	-1.99606	 	15.9685	 	-0.0862878	 	3.99349	 	0.998713	 	0	 	0.00377667	 	0.0314324	 	
888000	-1.99607	 	15.9685	 	-0.0883435	 	3.99349	 	0.998714	 	0	 	0.00377492	 	0.0314156	 	
890000	-1.99607	 	15.9686	 	-0.0903921	 	3.99351	 	0.998717	 	0	 	0.00376645	 	0.0313451	 	
892000	-1.99608	 	15.9686	 	-0.090292	 	3.99351	 	0.998718	 	0	 	0.00376136	 	0.0313286	 	
894000	-1.99609	 	15.9687	 	-0.09009	 	3.99353	 	0.998721	 	0	 	0.00375296	 	0.0312586	 	
896000	-1.99609	 	15.9687	 	-0.0898906	 	3.99353	 	0.998722	 	0	 	0.00375016	 	0.0312245	 	
898000	-1.99608	 	15.9687	 	-0.0893563	 	3.99352	 	0.998719	 	0	 	0.00376181	 	0.0312616	 	
900000	-1.99608	 	15.9687	 	-0.0888544	 	3.99352	 	0.998718	 	0	 	0.00376898	 	0.0312808	 	
902000	-1.99607	 	15.9686	 	-0.0886663	 	3.9935	 	0.998713	 	0	 	0.00378716	 	0.0313706	 	
904000	-1.99607	 	15.9686	 	-0.0884674	 	3.99349	 	0.998712	 	0	 	0.00379314	 	0.0313719	 	
906000	-1.99607	 	15.9686	 	-0.0882748	 	3.99349	 	0.998711	 	0	 	0.00379909	 	0.0313731	 	
908000	-1.99605	 	15.9684	 	-0.0885771	 	3.99346	 	0.998703	 	0	 	0.00382807	 	0.0315323	 	
910000	-1.99605	 	15.9684	 	-0.0897368	 	3.99346	 	0.998703	 	0	 	0.00382953	 	0.0315157	 	
912000	-1.99604	 	15.9684	 	-0.0895455	 	3.99344	 	0.998699	 	0	 	0.00384301	 	0.0315865	 	
914000	-1.99604	 	15.9683	 	-0.0891187	 	3.99343	 	0.998697	 	0	 	0.0038477	 	0.0316222	 	
916000	-1.99603	 	15.9682	 	-0.0904814	 	3.99341	 	0.998694	 	0	 	0.00385344	 	0.0317272	 	
918000	-1.99602	 	15.9682	 	-0.0918627	 	3.9934	 	0.998692	 	0	 	0.00386243	 	0.0317798	 	
920000	-1.99603	 	15.9682	 	-0.093837	 	3.99342	 	0.998695	 	0	 	0.00385405	 	0.0317108	 	
922000	-1.99602	 	15.9682	 	-0.0943867	 	3.99341	 	0.998693	 	0	 	0.00386193	 	0.0317459	 	
924000	-1.99603	 	15.9682	 	-0.0941845	 	3.99341	 	0.998693	 	0	 	0.00386222	 	0.0317118	 	
926000	-1.99602	 	15.9682	 	-0.0947133	 	3.9934	 	0.998691	 	0	 	0.00386895	 	0.0317811	 	
928000	-1.99602	 	15.9682	 	-0.0966622	 	3.99341	 	0.998692	 	0	 	0.00386277	 	0.0317471	 	
930000	-1.99602	 	15.9682	 	-0.0972828	 	3.99341	 	0.998692	 	0	 	0.00386198	 	0.0317475	 	
932000	-1.99602	 	15.9682	 	-0.0976797	 	3.9934	 	0.998692	 	0	 	0.00386547	 	0.031765	 	
934000	-1.99602	 	15.9682	 	-0.0986681	 	3.99341	 	0.998693	 	0	 	0.0038604	 	0.0317483	 	
936000	-1.99603	 	15.9682	 	-0.0995283	 	3.99341	 	0.998694	 	0	 	0.00385536	 	0.0317317	 	
938000	-1.99603	 	15.9683	 	-0.101448	 	3.99343	 	0.998697	 	0	 	0.00384715	 	0.0316642	 	
940000	-1.99603	 	15.9683	 	-0.101854	 	3.99343	 	0.998697	 	0	 	0.00384321	 	0.0316647	 	
942000	-1.99604	 	15.9683	 	-0.101637	 	3.99344	 	0.9987	 	0	 	0.00383507	 	0.0315976	 	
944000	-1.99604	 	15.9683	 	-0.101419	 	3.99344	 	0.998701	 	0	 	0.00383117	 	0.0315984	 	
946000	-1.99605	 	15.9684	 	-0.101205	 	3.99346	 	0.998703	 	0	 	0.00382309	 	0.0315317	 	
948000	-1.99605	 	15.9684	 	-0.100025	 	3.99346	 	0.998704	 	0	 	0.00382134	 	0.0315157	 	
950000	-1.99606	 	15.9685	 	-0.0998132	 	3.99347	 	0.998706	 	0	 	0.00381541	 	0.0314831	 	
952000	-1.99606	 	15.9685	 	-0.0996029	 	3.99348	 	0.998708	 	0	 	0.00380845	 	0.0314338	 	
954000	-1.99606	 	15.9685	 	-0.0993941	 	3.99347	 	0.998704	 	0	 	0.00382557	 	0.0314683	 	
956000	-1.99605	 	15.9684	 	-0.0994263	 	3.99344	 	0.998699	 	0	 	0.00384365	 	0.0315693	 	
958000	-1.99605	 	15.9684	 	-0.0972594	 	3.99345	 	0.998701	 	0	 	0.00383981	 	0.0315201	 	
960000	-1.99605	 	15.9684	 	-0.0970458	 	3.99345	 	0.998701	 	0	 	0.003837	 	0.0315376	 	
962000	-1.99602	 	15.9682	 	-0.0966029	 	3.99341	 	0.998694	 	0	 	0.00385181	 	0.0317372	 	
964000	-1.99602	 	15.9682	 	-0.0950913	 	3.99341	 	0.998694	 	0	 	0.0038521	 	0.0317542	 	
966000	-1.99603	 	15.9682	 	-0.0941159	 	3.99342	 	0.998696	 	0	 	0.0038462	 	0.0317215	 	
968000	-1.99602	 	15.9682	 	-0.0944411	 	3.99342	 	0.998695	 	0	 	0.0038465	 	0.0317384	 	
970000	-1.99603	 	15.9682	 	-0.0963062	 	3.99342	 	0.998696	 	0	 	0.00384681	 	0.031706	 	
972000	-1.99602	 	15.9682	 	-0.0966044	 	3.99341	 	0.998694	 	0	 	0.00385429	 	0.0317393	 	
974000	-1.99602	 	15.9682	 	-0.0947459	 	3.99341	 	0.998693	 	0	 	0.00385866	 	0.0317724	 	
976000	-1.99602	 	15.9682	 	-0.0925041	 	3.99341	 	0.998694	 	0	 	0.00385383	 	0.0317564	 	
978000	-1.99602	 	15.9681	 	-0.0902761	 	3.9934	 	0.998691	 	0	 	0.00386227	 	0.0318056	 	
980000	-1.99602	 	15.9682	 	-0.088052	 	3.99341	 	0.998693	 	0	 	0.00385847	 	0.0317571	 	
982000	-1.99602	 	15.9681	 	-0.0878065	 	3.9934	 	0.998691	 	0	 	0.0038628	 	0.0317899	 	
984000	-1.99601	 	15.9681	 	-0.0876225	 	3.9934	 	0.998691	 	0	 	0.00386408	 	0.0318226	 	
986000	-1.99601	 	15.9681	 	-0.0863697	 	3.9934	 	0.998691	 	0	 	0.00386029	 	0.0318229	 	
988000	-1.99602	 	15.9682	 	-0.0841705	 	3.99341	 	0.998694	 	0	 	0.00385249	 	0.0317586	 	
990000	-1.99602	 	15.9682	 	-0.0838808	 	3.99341	 	0.998695	 	0	 	0.00384773	 	0.0317428	 	
992000	-1.99602	 	15.9682	 	-0.0823468	 	3.99341	 	0.998695	 	0	 	0.00384601	 	0.0317754	 	
994000	-1.99602	 	15.9681	 	-0.0840694	 	3.99341	 	0.998694	 	0	 	0.0038463	 	0.0317917	 	
996000	-1.99601	 	15.9681	 	-0.0841079	 	3.99339	 	0.998691	 	0	 	0.00385761	 	0.03184	 	
998000	-1.99601	 	15.9681	 	-0.0829739	 	3.99339	 	0.998691	 	0	 	0.00385688	 	0.0318402	 	
1000000	-1.99601	 	15.9681	 	-0.0818355	 	3.99339	 	0.998691	 	0	 	0.00386014	 	0.0318563	 	
1002000	-1.99601	 	15.9681	 	-0.0826682	 	3.99339	 	0.998691	 	0	 	0.00385842	 	0.0318406	 	
1004000	-1.99601	 	15.9681	 	-0.0840598	 	3.9934	 	0.998691	 	0	 	0.00385968	 	0.0318249	 	
1006000	-1.99602	 	15.9681	 	-0.0836014	 	3.9934	 	0.998691	 	0	 	0.00386392	 	0.0318093	 	
1008000	-1.99602	 	15.9681	 	-0.0820625	 	3.99339	 	0.998689	 	0	 	0.0038721	 	0.0318095	 	
1010000	-1.99602	 	15.9682	 	-0.0808411	 	3.9934	 	0.998692	 	0	 	0.00386543	 	0.0317624	 	
1012000	-1.99602	 	15.9682	 	-0.0795227	 	3.99341	 	0.998692	 	0	 	0.00386469	 	0.0317628	 	
1014000	-1.99602	 	15.9682	 	-0.0793683	 	3.99341	 	0.998693	 	0	 	0.00386003	 	0.0317474	 	
1016000	-1.99603	 	15.9682	 	-0.0792106	 	3.99342	 	0.998694	 	0	 	0.00385735	 	0.0317164	 	
1018000	-1.99604	 	15.9683	 	-0.079055	 	3.99343	 	0.998696	 	0	 	0.00384978	 	0.0316542	 	
1020000	-1.99604	 	15.9683	 	-0.0789	 	3.99344	 	0.998699	 	0	 	0.00384225	 	0.0315923	 	
1022000	-1.99604	 	15.9683	 	-0.0793014	 	3.99344	 	0.998698	 	0	 	0.0038484	 	0.0316085	 	
1024000	-1.99604	 	15.9684	 	-0.0810981	 	3.99344	 	0.998699	 	0	 	0.00384577	 	0.0315781	 	
1026000	-1.99604	 	15.9683	 	-0.0828821	 	3.99343	 	0.998695	 	0	 	0.00386063	 	0.0316409	 	
1028000	-1.99604	 	15.9683	 	-0.0844703	 	3.99343	 	0.998695	 	0	 	0.00385797	 	0.031657	 	
1030000	-1.99602	 	15.9682	 	-0.0835874	 	3.99341	 	0.998692	 	0	 	0.00386306	 	0.0317503	 	
1032000	-1.99603	 	15.9682	 	-0.0834617	 	3.99341	 	0.998693	 	0	 	0.00385848	 	0.0317353	 	
1034000	-1.99602	 	15.9682	 	-0.0840851	 	3.99341	 	0.998691	 	0	 	0.00386743	 	0.0317511	 	
1036000	-1.99603	 	15.9682	 	-0.0849643	 	3.99341	 	0.998692	 	0	 	0.00386574	 	0.031736	 	
1038000	-1.99603	 	15.9682	 	-0.0867259	 	3.99342	 	0.998693	 	0	 	0.00386311	 	0.0317057	 	
1040000	-1.99602	 	15.9681	 	-0.0862024	 	3.99339	 	0.998688	 	0	 	0.00388061	 	0.0318134	 	
1042000	-1.99601	 	15.9681	 	-0.0861843	 	3.99339	 	0.998687	 	0	 	0.0038837	 	0.0318289	 	
1044000	-1.99601	 	15.9681	 	-0.0860211	 	3.99339	 	0.998688	 	0	 	0.00388009	 	0.0318291	 	
1046000	-1.99602	 	15.9682	 	-0.0858561	 	3.9934	 	0.99869	 	0	 	0.00387363	 	0.0317836	 	
1048000	-1.99601	 	15.9681	 	-0.0868702	 	3.99339	 	0.998687	 	0	 	0.00388433	 	0.0318296	 	
1050000	-1.99602	 	15.9681	 	-0.0867038	 	3.99339	 	0.998689	 	0	 	0.00387883	 	0.0317994	 	
1052000	-1.99602	 	15.9682	 	-0.086538	 	3.9934	 	0.998689	 	0	 	0.00387716	 	0.0317845	 	
1054000	-1.99602	 	15.9682	 	-0.0868212	 	3.99341	 	0.998691	 	0	 	0.00387076	 	0.0317394	 	
1056000	-1.99601	 	15.9681	 	-0.0874687	 	3.99338	 	0.998686	 	0	 	0.00388703	 	0.0318756	 	
1058000	-1.99601	 	15.968	 	-0.0890373	 	3.99338	 	0.998685	 	0	 	0.00389006	 	0.0318908	 	
1060000	-1.99601	 	15.9681	 	-0.0907552	 	3.99338	 	0.998686	 	0	 	0.00388461	 	0.0318608	 	
1062000	-1.99602	 	15.9681	 	-0.0924675	 	3.99339	 	0.998689	 	0	 	0.0038773	 	0.0318009	 	
1064000	-1.99602	 	15.9682	 	-0.0941734	 	3.99341	 	0.998691	 	0	 	0.00387003	 	0.0317413	 	
1066000	-1.99603	 	15.9682	 	-0.0948902	 	3.99341	 	0.998692	 	0	 	0.00386558	 	0.0317267	 	
1068000	-1.99603	 	15.9682	 	-0.0947107	 	3.99341	 	0.998693	 	0	 	0.00386208	 	0.0317271	 	
1070000	-1.99602	 	15.9682	 	-0.0932612	 	3.9934	 	0.998691	 	0	 	0.00386885	 	0.0317573	 	
1072000	-1.99603	 	15.9682	 	-0.0930872	 	3.99342	 	0.998694	 	0	 	0.00386164	 	0.0316981	 	
1074000	-1.99602	 	15.9682	 	-0.0943333	 	3.99341	 	0.998691	 	0	 	0.0038721	 	0.0317431	 	
1076000	-1.99603	 	15.9682	 	-0.0960163	 	3.99342	 	0.998693	 	0	 	0.00386584	 	0.031699	 	
1078000	-1.99602	 	15.9682	 	-0.0976869	 	3.99341	 	0.998691	 	0	 	0.00387348	 	0.0317438	 	
1080000	-1.99603	 	15.9683	 	-0.0993579	 	3.99342	 	0.998693	 	0	 	0.00386632	 	0.0316852	 	
1082000	-1.99604	 	15.9683	 	-0.0998655	 	3.99342	 	0.998694	 	0	 	0.00386656	 	0.0316562	 	
1084000	-1.99604	 	15.9683	 	-0.0996822	 	3.99343	 	0.998695	 	0	 	0.00386127	 	0.0316273	 	
1086000	-1.99605	 	15.9684	 	-0.0994986	 	3.99344	 	0.998698	 	0	 	0.00385417	 	0.0315691	 	
1088000	-1.99604	 	15.9683	 	-0.0990427	 	3.99343	 	0.998695	 	0	 	0.00386176	 	0.0316138	 	
1090000	-1.99604	 	15.9683	 	-0.098861	 	3.99343	 	0.998696	 	0	 	0.00385833	 	0.0316143	 	
1092000	-1.99604	 	15.9683	 	-0.100457	 	3.99343	 	0.998696	 	0	 	0.00385492	 	0.0316149	 	
1094000	-1.99604	 	15.9683	 	-0.101044	 	3.99343	 	0.998696	 	0	 	0.00385791	 	0.0316301	 	
1096000	-1.99604	 	15.9683	 	-0.100859	 	3.99344	 	0.998697	 	0	 	0.0038527	 	0.0316016	 	
1098000	-1.99605	 	15.9684	 	-0.100676	 	3.99345	 	0.998699	 	0	 	0.00384569	 	0.0315441	 	
1100000	-1.99605	 	15.9684	 	-0.100896	 	3.99344	 	0.998698	 	0	 	0.00385231	 	0.0315738	 	
1102000	-1.99604	 	15.9683	 	-0.101339	 	3.99343	 	0.998696	 	0	 	0.0038598	 	0.0316179	 	
1104000	-1.99605	 	15.9684	 	-0.101155	 	3.99344	 	0.998698	 	0	 	0.00385282	 	0.0315607	 	
1106000	-1.99603	 	15.9683	 	-0.102189	 	3.99342	 	0.998692	 	0	 	0.0038729	 	0.0316766	 	
1108000	-1.99603	 	15.9683	 	-0.103002	 	3.99342	 	0.998692	 	0	 	0.00387222	 	0.0316771	 	
1110000	-1.99604	 	15.9683	 	-0.104171	 	3.99343	 	0.998694	 	0	 	0.00386615	 	0.0316345	 	
1112000	-1.99604	 	15.9684	 	-0.103983	 	3.99344	 	0.998696	 	0	 	0.00385921	 	0.0315777	 	
1114000	-1.99604	 	15.9684	 	-0.103849	 	3.99344	 	0.998697	 	0	 	0.00385855	 	0.0315784	 	
1116000	-1.99604	 	15.9684	 	-0.105453	 	3.99344	 	0.998697	 	0	 	0.0038579	 	0.031579	 	
1118000	-1.99604	 	15.9684	 	-0.106799	 	3.99344	 	0.998697	 	0	 	0.00385725	 	0.0315796	 	
1120000	-1.99604	 	15.9683	 	-0.108377	 	3.99342	 	0.998694	 	0	 	0.00386372	 	0.0316514	 	
1122000	-1.99604	 	15.9683	 	-0.108183	 	3.99343	 	0.998696	 	0	 	0.0038604	 	0.0316093	 	
1124000	-1.99604	 	15.9683	 	-0.107161	 	3.99343	 	0.998696	 	0	 	0.00385708	 	0.0316099	 	
1126000	-1.99603	 	15.9682	 	-0.105961	 	3.99341	 	0.998692	 	0	 	0.00386971	 	0.0316954	 	
1128000	-1.99603	 	15.9682	 	-0.105778	 	3.99341	 	0.99869	 	0	 	0.00387878	 	0.0317241	 	
1130000	-1.99603	 	15.9682	 	-0.105592	 	3.99341	 	0.998692	 	0	 	0.00387368	 	0.0316963	 	
1132000	-1.99603	 	15.9682	 	-0.105764	 	3.99341	 	0.99869	 	0	 	0.00387742	 	0.0317248	 	
1134000	-1.99603	 	15.9683	 	-0.107341	 	3.99342	 	0.998693	 	0	 	0.00387059	 	0.031669	 	
1136000	-1.99604	 	15.9683	 	-0.108911	 	3.99342	 	0.998693	 	0	 	0.00386905	 	0.0316554	 	
1138000	-1.99604	 	15.9683	 	-0.110404	 	3.99343	 	0.998694	 	0	 	0.00386664	 	0.0316279	 	
1140000	-1.99604	 	15.9683	 	-0.109464	 	3.99343	 	0.998694	 	0	 	0.00386423	 	0.0316424	 	
1142000	-1.99604	 	15.9683	 	-0.108086	 	3.99343	 	0.998696	 	0	 	0.00385835	 	0.0316011	 	
1144000	-1.99605	 	15.9684	 	-0.106196	 	3.99344	 	0.998698	 	0	 	0.00385248	 	0.0315599	 	
1146000	-1.99605	 	15.9684	 	-0.106484	 	3.99345	 	0.998699	 	0	 	0.00384751	 	0.0315327	 	
1148000	-1.99605	 	15.9684	 	-0.10804	 	3.99346	 	0.998701	 	0	 	0.00384255	 	0.0315057	 	
1150000	-1.99606	 	15.9685	 	-0.109591	 	3.99347	 	0.998703	 	0	 	0.00383588	 	0.031451	 	
1152000	-1.99606	 	15.9685	 	-0.111135	 	3.99347	 	0.998704	 	0	 	0.00383182	 	0.031438	 	
1154000	-1.99607	 	15.9685	 	-0.112357	 	3.99348	 	0.998705	 	0	 	0.00382951	 	0.0314112	 	
1156000	-1.99607	 	15.9686	 	-0.113891	 	3.99348	 	0.998707	 	0	 	0.00382376	 	0.0313708	 	
1158000	-1.99608	 	15.9686	 	-0.115421	 	3.9935	 	0.998709	 	0	 	0.00381717	 	0.0313167	 	
1160000	-1.99607	 	15.9686	 	-0.115087	 	3.99349	 	0.998706	 	0	 	0.00382693	 	0.031359	 	
1162000	-1.99608	 	15.9686	 	-0.114887	 	3.99349	 	0.998707	 	0	 	0.00382722	 	0.0313325	 	
1164000	-1.99608	 	15.9686	 	-0.115256	 	3.99349	 	0.998707	 	0	 	0.00383094	 	0.0313199	 	
1166000	-1.99608	 	15.9686	 	-0.114139	 	3.99349	 	0.998706	 	0	 	0.00383464	 	0.0313073	 	
1168000	-1.99608	 	15.9686	 	-0.113308	 	3.99349	 	0.998706	 	0	 	0.00383662	 	0.0313084	 	
1170000	-1.99608	 	15.9686	 	-0.114265	 	3.99349	 	0.998706	 	0	 	0.00383519	 	0.0312958	 	
1172000	-1.99608	 	15.9687	 	-0.114729	 	3.9935	 	0.998707	 	0	 	0.0038312	 	0.0312833	 	
1174000	-1.99608	 	15.9686	 	-0.113692	 	3.99349	 	0.998705	 	0	 	0.00383827	 	0.0313251	 	
1176000	-1.99607	 	15.9686	 	-0.113169	 	3.99348	 	0.998703	 	0	 	0.00384616	 	0.0313804	 	
1178000	-1.99607	 	15.9685	 	-0.114514	 	3.99347	 	0.998703	 	0	 	0.00384386	 	0.0313949	 	
1180000	-1.99606	 	15.9685	 	-0.11444	 	3.99346	 	0.998699	 	0	 	0.00385764	 	0.0314633	 	
1182000	-1.99606	 	15.9685	 	-0.113383	 	3.99346	 	0.998701	 	0	 	0.00385281	 	0.0314371	 	
1184000	-1.99606	 	15.9685	 	-0.112622	 	3.99346	 	0.998699	 	0	 	0.00385894	 	0.0314649	 	
1186000	-1.99606	 	15.9685	 	-0.110782	 	3.99346	 	0.998699	 	0	 	0.00385748	 	0.0314523	 	
1188000	-1.99607	 	15.9685	 	-0.108913	 	3.99347	 	0.998701	 	0	 	0.00385436	 	0.0314128	 	
1190000	-1.99606	 	15.9685	 	-0.108169	 	3.99346	 	0.9987	 	0	 	0.00385458	 	0.0314673	 	
1192000	-1.99606	 	15.9684	 	-0.10802	 	3.99345	 	0.998698	 	0	 	0.00385816	 	0.0314948	 	
1194000	-1.99605	 	15.9684	 	-0.109139	 	3.99344	 	0.998696	 	0	 	0.00386589	 	0.0315489	 	
1196000	-1.99605	 	15.9684	 	-0.109197	 	3.99344	 	0.998696	 	0	 	0.00386778	 	0.0315496	 	
1198000	-1.99605	 	15.9684	 	-0.109015	 	3.99344	 	0.998697	 	0	 	0.00386382	 	0.0315369	 	
1200000	-1.99604	 	15.9683	 	-0.109292	 	3.99343	 	0.998693	 	0	 	0.00387733	 	0.031604	 	
1202000	-1.99605	 	15.9684	 	-0.110774	 	3.99344	 	0.998695	 	0	 	0.00387089	 	0.0315515	 	
1204000	-1.99605	 	15.9684	 	-0.112249	 	3.99344	 	0.998695	 	0	 	0.00387193	 	0.0315389	 	
1206000	-1.99606	 	15.9685	 	-0.113721	 	3.99345	 	0.998697	 	0	 	0.00386552	 	0.0314867	 	
1208000	-1.99606	 	15.9685	 	-0.114121	 	3.99345	 	0.998697	 	0	 	0.0038649	 	0.0314875	 	
1210000	-1.99606	 	15.9684	 	-0.114994	 	3.99345	 	0.998697	 	0	 	0.00386676	 	0.0314882	 	
1212000	-1.99606	 	15.9685	 	-0.116452	 	3.99345	 	0.998698	 	0	 	0.00386533	 	0.0314758	 	
1214000	-1.99605	 	15.9684	 	-0.115585	 	3.99344	 	0.998696	 	0	 	0.00386881	 	0.0315422	 	
1216000	-1.99605	 	15.9684	 	-0.113753	 	3.99344	 	0.998696	 	0	 	0.0038682	 	0.0315428	 	
1218000	-1.99605	 	15.9684	 	-0.112684	 	3.99345	 	0.998697	 	0	 	0.00386595	 	0.0315173	 	
1220000	-1.99606	 	15.9684	 	-0.112501	 	3.99345	 	0.998698	 	0	 	0.00386371	 	0.0314919	 	
1222000	-1.99605	 	15.9684	 	-0.111527	 	3.99345	 	0.998697	 	0	 	0.00386637	 	0.0315056	 	
1224000	-1.99606	 	15.9685	 	-0.111257	 	3.99345	 	0.998698	 	0	 	0.00386413	 	0.0314803	 	
1226000	-1.99606	 	15.9685	 	-0.109444	 	3.99346	 	0.9987	 	0	 	0.00385784	 	0.031429	 	
1228000	-1.99607	 	15.9685	 	-0.110153	 	3.99346	 	0.9987	 	0	 	0.00385887	 	0.0314169	 	
1230000	-1.99607	 	15.9686	 	-0.110023	 	3.99347	 	0.998702	 	0	 	0.00385342	 	0.0313789	 	
1232000	-1.99607	 	15.9686	 	-0.109245	 	3.99348	 	0.998703	 	0	 	0.00385122	 	0.0313539	 	
1234000	-1.99608	 	15.9686	 	-0.107447	 	3.99349	 	0.998705	 	0	 	0.00384499	 	0.0313032	 	
1236000	-1.99609	 	15.9687	 	-0.105655	 	3.9935	 	0.998707	 	0	 	0.00383878	 	0.0312526	 	
1238000	-1.99609	 	15.9687	 	-0.10387	 	3.9935	 	0.998708	 	0	 	0.00383661	 	0.031228	 	
1240000	-1.9961	 	15.9688	 	-0.10209	 	3.99351	 	0.99871	 	0	 	0.00383044	 	0.0311777	 	
1242000	-1.9961	 	15.9688	 	-0.100315	 	3.99352	 	0.998712	 	0	 	0.00382428	 	0.0311276	 	
1244000	-1.99611	 	15.9688	 	-0.0985462	 	3.99353	 	0.998713	 	0	 	0.00381894	 	0.0310905	 	
1246000	-1.9961	 	15.9688	 	-0.0975128	 	3.99353	 	0.998713	 	0	 	0.00382002	 	0.0311174	 	
1248000	-1.99611	 	15.9689	 	-0.0957544	 	3.99354	 	0.998714	 	0	 	0.0038147	 	0.0310804	 	
1250000	-1.99611	 	15.9689	 	-0.0964148	 	3.99354	 	0.998716	 	0	 	0.0038102	 	0.0310563	 	
1252000	-1.99612	 	15.9689	 	-0.0978574	 	3.99355	 	0.998717	 	0	 	0.00380731	 	0.0310195	 	
1254000	-1.99612	 	15.969	 	-0.0992963	 	3.99356	 	0.998719	 	0	 	0.00380125	 	0.0309701	 	
1256000	-1.99612	 	15.969	 	-0.100039	 	3.99356	 	0.99872	 	0	 	0.00379679	 	0.0309463	 	
1258000	-1.99613	 	15.969	 	-0.0998502	 	3.99357	 	0.998721	 	0	 	0.00379235	 	0.0309225	 	
1260000	-1.99612	 	15.969	 	-0.0996329	 	3.99356	 	0.99872	 	0	 	0.00379424	 	0.0309621	 	
1262000	-1.99613	 	15.969	 	-0.0994742	 	3.99357	 	0.998721	 	0	 	0.00378982	 	0.0309384	 	
1264000	-1.99612	 	15.969	 	-0.0983805	 	3.99356	 	0.99872	 	0	 	0.00379724	 	0.0309525	 	
1266000	-1.99613	 	15.969	 	-0.0982259	 	3.99357	 	0.998721	 	0	 	0.00379283	 	0.0309289	 	
1268000	-1.99612	 	15.969	 	-0.0976175	 	3.99356	 	0.99872	 	0	 	0.00379471	 	0.0309682	 	
1270000	-1.99612	 	15.969	 	-0.0974657	 	3.99356	 	0.998721	 	0	 	0.00379109	 	0.0309572	 	
1272000	-1.99612	 	15.9689	 	-0.0973164	 	3.99355	 	0.998719	 	0	 	0.00379611	 	0.0310089	 	
1274000	-1.99612	 	15.9689	 	-0.0981837	 	3.99355	 	0.998719	 	0	 	0.00379563	 	0.0310103	 	
1276000	-1.9961	 	15.9688	 	-0.0987512	 	3.99353	 	0.998714	 	0	 	0.00381391	 	0.0311242	 	
1278000	-1.99609	 	15.9687	 	-0.0992633	 	3.99351	 	0.99871	 	0	 	0.00382355	 	0.0312127	 	
1280000	-1.99609	 	15.9687	 	-0.0997082	 	3.99351	 	0.998711	 	0	 	0.00382069	 	0.0312139	 	
1282000	-1.99608	 	15.9686	 	-0.100007	 	3.99349	 	0.998705	 	0	 	0.00383885	 	0.0313269	 	
1284000	-1.99607	 	15.9686	 	-0.0998329	 	3.99348	 	0.998704	 	0	 	0.00384142	 	0.0313402	 	
1286000	-1.99608	 	15.9686	 	-0.100459	 	3.99349	 	0.998706	 	0	 	0.00383856	 	0.031304	 	
1288000	-1.99607	 	15.9686	 	-0.101076	 	3.99348	 	0.998705	 	0	 	0.00383878	 	0.0313545	 	
1290000	-1.99607	 	15.9686	 	-0.100919	 	3.99348	 	0.998705	 	0	 	0.00383593	 	0.0313554	 	
1292000	-1.99607	 	15.9686	 	-0.100765	 	3.99348	 	0.998704	 	0	 	0.00383849	 	0.0313686	 	
1294000	-1.99608	 	15.9686	 	-0.101615	 	3.99349	 	0.998706	 	0	 	0.00383333	 	0.0313325	 	
1296000	-1.99608	 	15.9687	 	-0.103001	 	3.9935	 	0.998708	 	0	 	0.00382743	 	0.0312843	 	
1298000	-1.99608	 	15.9686	 	-0.102862	 	3.9935	 	0.998708	 	0	 	0.00382537	 	0.0312976	 	
1300000	-1.99609	 	15.9687	 	-0.101165	 	3.99351	 	0.99871	 	0	 	0.0038195	 	0.0312495	 	
1302000	-1.99609	 	15.9687	 	-0.100624	 	3.99351	 	0.998712	 	0	 	0.0038144	 	0.0312138	 	
1304000	-1.9961	 	15.9688	 	-0.10047	 	3.99352	 	0.998713	 	0	 	0.00380933	 	0.0311783	 	
1306000	-1.9961	 	15.9688	 	-0.100316	 	3.99353	 	0.998715	 	0	 	0.00380427	 	0.0311428	 	
1308000	-1.9961	 	15.9688	 	-0.10036	 	3.99353	 	0.998716	 	0	 	0.00379998	 	0.0311197	 	
1310000	-1.99611	 	15.9688	 	-0.100924	 	3.99354	 	0.998717	 	0	 	0.00379799	 	0.0310966	 	
1312000	-1.99611	 	15.9689	 	-0.100769	 	3.99354	 	0.998718	 	0	 	0.00379373	 	0.0310736	 	
1314000	-1.99611	 	15.9688	 	-0.101153	 	3.99354	 	0.998718	 	0	 	0.00379251	 	0.0310991	 	
1316000	-1.9961	 	15.9688	 	-0.100904	 	3.99353	 	0.998715	 	0	 	0.00379963	 	0.0311488	 	
1318000	-1.9961	 	15.9688	 	-0.09942	 	3.99352	 	0.998714	 	0	 	0.00380295	 	0.0311742	 	
1320000	-1.9961	 	15.9688	 	-0.0981371	 	3.99353	 	0.998716	 	0	 	0.00379795	 	0.0311392	 	
1322000	-1.9961	 	15.9688	 	-0.0979871	 	3.99354	 	0.998716	 	0	 	0.00379825	 	0.0311163	 	
1324000	-1.99611	 	15.9689	 	-0.0978391	 	3.99355	 	0.998718	 	0	 	0.00379252	 	0.0310693	 	
1326000	-1.99611	 	15.9688	 	-0.0985848	 	3.99354	 	0.998716	 	0	 	0.00380261	 	0.0310947	 	
1328000	-1.99611	 	15.9689	 	-0.0999416	 	3.99354	 	0.998717	 	0	 	0.00379839	 	0.031072	 	
1330000	-1.99611	 	15.9689	 	-0.101294	 	3.99355	 	0.998718	 	0	 	0.00379718	 	0.0310613	 	
1332000	-1.99611	 	15.9689	 	-0.102643	 	3.99355	 	0.998719	 	0	 	0.00379224	 	0.0310267	 	
1334000	-1.99612	 	15.9689	 	-0.102936	 	3.99356	 	0.99872	 	0	 	0.00378805	 	0.0310042	 	
1336000	-1.99612	 	15.9689	 	-0.104024	 	3.99356	 	0.99872	 	0	 	0.00378612	 	0.0310175	 	
1338000	-1.99612	 	15.969	 	-0.104875	 	3.99357	 	0.998722	 	0	 	0.00378047	 	0.0309712	 	
1340000	-1.99611	 	15.9689	 	-0.105046	 	3.99355	 	0.998721	 	0	 	0.00378375	 	0.0310321	 	
1342000	-1.99611	 	15.9688	 	-0.10489	 	3.99354	 	0.998718	 	0	 	0.00379372	 	0.0310928	 	
1344000	-1.99611	 	15.9689	 	-0.104734	 	3.99355	 	0.998718	 	0	 	0.00379179	 	0.0310704	 	
1346000	-1.99609	 	15.9687	 	-0.104579	 	3.99352	 	0.998713	 	0	 	0.00380318	 	0.0312256	 	
1348000	-1.99609	 	15.9687	 	-0.104424	 	3.99352	 	0.998714	 	0	 	0.00379903	 	0.031203	 	
1350000	-1.99609	 	15.9687	 	-0.10411	 	3.99351	 	0.998713	 	0	 	0.0038067	 	0.0312277	 	
1352000	-1.99608	 	15.9687	 	-0.102481	 	3.99351	 	0.998711	 	0	 	0.00381066	 	0.0312641	 	
1354000	-1.99609	 	15.9687	 	-0.100853	 	3.99352	 	0.998713	 	0	 	0.00380504	 	0.031218	 	
1356000	-1.99609	 	15.9687	 	-0.0992316	 	3.99352	 	0.998713	 	0	 	0.00380606	 	0.0312073	 	
1358000	-1.99609	 	15.9687	 	-0.0986572	 	3.99352	 	0.998713	 	0	 	0.00380707	 	0.0311967	 	
1360000	-1.9961	 	15.9688	 	-0.0999827	 	3.99353	 	0.998715	 	0	 	0.00380148	 	0.0311509	 	
1362000	-1.9961	 	15.9688	 	-0.101303	 	3.99353	 	0.998716	 	0	 	0.00379957	 	0.0311286	 	
1364000	-1.9961	 	15.9688	 	-0.102119	 	3.99353	 	0.998714	 	0	 	0.00380644	 	0.0311415	 	
1366000	-1.9961	 	15.9688	 	-0.102495	 	3.99353	 	0.998714	 	0	 	0.00380817	 	0.0311427	 	
1368000	-1.9961	 	15.9688	 	-0.103395	 	3.99352	 	0.998713	 	0	 	0.00381063	 	0.0311555	 	
1370000	-1.99609	 	15.9688	 	-0.103249	 	3.99352	 	0.998712	 	0	 	0.00381599	 	0.0311799	 	
1372000	-1.99609	 	15.9687	 	-0.104071	 	3.99351	 	0.99871	 	0	 	0.00381987	 	0.0312507	 	
1374000	-1.99608	 	15.9687	 	-0.104504	 	3.9935	 	0.99871	 	0	 	0.00382012	 	0.0312633	 	
1376000	-1.99608	 	15.9687	 	-0.105286	 	3.9935	 	0.998709	 	0	 	0.00382472	 	0.0312758	 	
1378000	-1.99608	 	15.9687	 	-0.106582	 	3.9935	 	0.998709	 	0	 	0.00382135	 	0.0312652	 	
1380000	-1.99608	 	15.9687	 	-0.106635	 	3.9935	 	0.998709	 	0	 	0.00382376	 	0.0312777	 	
1382000	-1.99608	 	15.9686	 	-0.10642	 	3.9935	 	0.998708	 	0	 	0.00382473	 	0.0313018	 	
1384000	-1.99608	 	15.9686	 	-0.105536	 	3.99349	 	0.998707	 	0	 	0.00382785	 	0.0313257	 	
1386000	-1.99608	 	15.9686	 	-0.105975	 	3.99349	 	0.998708	 	0	 	0.00382449	 	0.0313151	 	
1388000	-1.99608	 	15.9687	 	-0.107263	 	3.9935	 	0.998709	 	0	 	0.00381971	 	0.0312815	 	
1390000	-1.99608	 	15.9687	 	-0.107688	 	3.99351	 	0.99871	 	0	 	0.0038178	 	0.0312596	 	
1392000	-1.99608	 	15.9686	 	-0.108631	 	3.99349	 	0.998708	 	0	 	0.00382665	 	0.0313063	 	
1394000	-1.99608	 	15.9686	 	-0.108473	 	3.99349	 	0.998707	 	0	 	0.00382976	 	0.0312958	 	
1396000	-1.99608	 	15.9686	 	-0.108436	 	3.99349	 	0.998707	 	0	 	0.00382784	 	0.0313081	 	
1398000	-1.99607	 	15.9686	 	-0.108652	 	3.99349	 	0.998706	 	0	 	0.00383379	 	0.0313432	 	
1400000	-1.99608	 	15.9686	 	-0.108497	 	3.99349	 	0.998707	 	0	 	0.00382832	 	0.0312985	 	
1402000	-1.99608	 	15.9686	 	-0.108346	 	3.99349	 	0.998707	 	0	 	0.00383069	 	0.0313108	 	
1404000	-1.99608	 	15.9686	 	-0.109117	 	3.99349	 	0.998706	 	0	 	0.00383162	 	0.0313344	 	
1406000	-1.99608	 	15.9686	 	-0.110383	 	3.99349	 	0.998707	 	0	 	0.00382831	 	0.0313239	 	
1408000	-1.99608	 	15.9687	 	-0.111646	 	3.9935	 	0.998709	 	0	 	0.00382288	 	0.0312795	 	
1410000	-1.99608	 	15.9686	 	-0.111851	 	3.99349	 	0.998707	 	0	 	0.00382736	 	0.0313257	 	
1412000	-1.99608	 	15.9686	 	-0.112846	 	3.9935	 	0.998708	 	0	 	0.00382477	 	0.0312927	 	
1414000	-1.99608	 	15.9687	 	-0.112688	 	3.9935	 	0.998709	 	0	 	0.0038236	 	0.0312823	 	
1416000	-1.99607	 	15.9686	 	-0.112494	 	3.99348	 	0.998705	 	0	 	0.0038344	 	0.031362	 	
1418000	-1.99608	 	15.9686	 	-0.113642	 	3.99349	 	0.998706	 	0	 	0.00383181	 	0.0313291	 	
1420000	-1.99607	 	15.9686	 	-0.113025	 	3.99349	 	0.998706	 	0	 	0.00383414	 	0.0313412	 	
1422000	-1.99608	 	15.9686	 	-0.114068	 	3.99349	 	0.998706	 	0	 	0.00383086	 	0.0313308	 	
1424000	-1.99607	 	15.9686	 	-0.114741	 	3.99348	 	0.998705	 	0	 	0.00383389	 	0.031354	 	
1426000	-1.99607	 	15.9686	 	-0.114698	 	3.99348	 	0.998705	 	0	 	0.00383341	 	0.0313549	 	
1428000	-1.99608	 	15.9686	 	-0.114538	 	3.99349	 	0.998707	 	0	 	0.00382805	 	0.031311	 	
1430000	-1.99608	 	15.9686	 	-0.114377	 	3.9935	 	0.998708	 	0	 	0.0038241	 	0.0312896	 	
1432000	-1.99609	 	15.9687	 	-0.115171	 	3.99351	 	0.99871	 	0	 	0.00381876	 	0.031246	 	
1434000	-1.99609	 	15.9687	 	-0.115229	 	3.99351	 	0.998711	 	0	 	0.00381762	 	0.0312359	 	
1436000	-1.99609	 	15.9687	 	-0.115069	 	3.99351	 	0.99871	 	0	 	0.00381925	 	0.0312368	 	
1438000	-1.99609	 	15.9687	 	-0.114693	 	3.99351	 	0.998711	 	0	 	0.00381533	 	0.0312156	 	
1440000	-1.99609	 	15.9687	 	-0.11591	 	3.99351	 	0.998711	 	0	 	0.00381628	 	0.0312056	 	
1442000	-1.99609	 	15.9687	 	-0.115842	 	3.99351	 	0.99871	 	0	 	0.0038179	 	0.0312397	 	
1444000	-1.99609	 	15.9687	 	-0.115798	 	3.99352	 	0.998712	 	0	 	0.00381331	 	0.0312076	 	
1446000	-1.99609	 	15.9687	 	-0.116176	 	3.99351	 	0.998711	 	0	 	0.0038177	 	0.0312196	 	
1448000	-1.99609	 	15.9687	 	-0.114635	 	3.99352	 	0.998712	 	0	 	0.00381381	 	0.0311986	 	
1450000	-1.99609	 	15.9688	 	-0.114263	 	3.99352	 	0.998712	 	0	 	0.00381474	 	0.0311886	 	
1452000	-1.9961	 	15.9688	 	-0.113894	 	3.99352	 	0.998713	 	0	 	0.00381293	 	0.0311677	 	
1454000	-1.9961	 	15.9688	 	-0.112362	 	3.99353	 	0.998714	 	0	 	0.00380838	 	0.0311359	 	
1456000	-1.9961	 	15.9688	 	-0.110835	 	3.99354	 	0.998715	 	0	 	0.0038059	 	0.0311041	 	
1458000	-1.99611	 	15.9689	 	-0.109882	 	3.99354	 	0.998717	 	0	 	0.00380137	 	0.0310725	 	
1460000	-1.99611	 	15.9688	 	-0.109733	 	3.99354	 	0.998716	 	0	 	0.00380231	 	0.0310955	 	
1462000	-1.99611	 	15.9689	 	-0.109595	 	3.99354	 	0.998716	 	0	 	0.00380121	 	0.0310857	 	
1464000	-1.99611	 	15.9689	 	-0.110811	 	3.99355	 	0.998718	 	0	 	0.0037967	 	0.0310542	 	
1466000	-1.99611	 	15.9689	 	-0.112023	 	3.99355	 	0.998719	 	0	 	0.00379289	 	0.0310337	 	
1468000	-1.99612	 	15.9689	 	-0.113232	 	3.99356	 	0.99872	 	0	 	0.00378909	 	0.0310132	 	
1470000	-1.99611	 	15.9689	 	-0.113741	 	3.99355	 	0.998719	 	0	 	0.00378868	 	0.031047	 	
1472000	-1.99611	 	15.9689	 	-0.11248	 	3.99355	 	0.99872	 	0	 	0.0037876	 	0.0310374	 	
1474000	-1.99612	 	15.9689	 	-0.110972	 	3.99356	 	0.99872	 	0	 	0.00378585	 	0.031017	 	
1476000	-1.99611	 	15.9689	 	-0.110112	 	3.99355	 	0.99872	 	0	 	0.00378613	 	0.031029	 	
1478000	-1.99612	 	15.969	 	-0.111317	 	3.99356	 	0.998722	 	0	 	0.00378102	 	0.0309871	 	
1480000	-1.99612	 	15.969	 	-0.111941	 	3.99357	 	0.998724	 	0	 	0.00377592	 	0.0309453	 	
1482000	-1.99613	 	15.969	 	-0.111789	 	3.99358	 	0.998725	 	0	 	0.00377083	 	0.0309036	 	
1484000	-1.99613	 	15.9691	 	-0.11075	 	3.99358	 	0.998726	 	0	 	0.0037671	 	0.0308836	 	
1486000	-1.99613	 	15.9691	 	-0.109256	 	3.99359	 	0.998727	 	0	 	0.00376606	 	0.0308742	 	
1488000	-1.99614	 	15.9691	 	-0.107766	 	3.99359	 	0.998728	 	0	 	0.00376369	 	0.0308435	 	
1490000	-1.99614	 	15.9691	 	-0.106526	 	3.99359	 	0.998728	 	0	 	0.00376132	 	0.030845	 	
1492000	-1.99614	 	15.9691	 	-0.106134	 	3.9936	 	0.998729	 	0	 	0.00376163	 	0.0308251	 	
1494000	-1.99614	 	15.9691	 	-0.105338	 	3.9936	 	0.998728	 	0	 	0.00376328	 	0.0308266	 	
1496000	-1.99614	 	15.9691	 	-0.105197	 	3.9936	 	0.99873	 	0	 	0.00375892	 	0.0307961	 	
1498000	-1.99613	 	15.9691	 	-0.105729	 	3.99358	 	0.998726	 	0	 	0.00377188	 	0.0308827	 	
1500000	-1.99614	 	15.9691	 	-0.105524	 	3.99359	 	0.998727	 	0	 	0.00376752	 	0.0308523	 	
1502000	-1.99614	 	15.9691	 	-0.10517	 	3.99359	 	0.998727	 	0	 	0.00376715	 	0.0308537	 	
1504000	-1.99614	 	15.9691	 	-0.104063	 	3.9936	 	0.998728	 	0	 	0.00376281	 	0.0308234	 	
1506000	-1.99614	 	15.9691	 	-0.102597	 	3.9936	 	0.99873	 	0	 	0.00375849	 	0.0307931	 	
1508000	-1.99614	 	15.9691	 	-0.101719	 	3.9936	 	0.99873	 	0	 	0.00375813	 	0.0307946	 	
1510000	-1.99615	 	15.9692	 	-0.101585	 	3.99361	 	0.998731	 	0	 	0.00375581	 	0.0307645	 	
1512000	-1.99615	 	15.9692	 	-0.101451	 	3.99362	 	0.998732	 	0	 	0.00375085	 	0.0307238	 	
1514000	-1.99615	 	15.9692	 	-0.101312	 	3.9936	 	0.99873	 	0	 	0.00376171	 	0.0307781	 	
1516000	-1.99614	 	15.9691	 	-0.100486	 	3.9936	 	0.998728	 	0	 	0.00376925	 	0.0308111	 	
1518000	-1.99614	 	15.9691	 	-0.0998396	 	3.99359	 	0.998727	 	0	 	0.00377283	 	0.0308126	 	
1520000	-1.99615	 	15.9692	 	-0.0997082	 	3.9936	 	0.998729	 	0	 	0.00376788	 	0.0307722	 	
1522000	-1.99614	 	15.9692	 	-0.0995752	 	3.9936	 	0.998728	 	0	 	0.00376817	 	0.0307842	 	
1524000	-1.99613	 	15.9691	 	-0.0994961	 	3.99358	 	0.998725	 	0	 	0.00377696	 	0.0308693	 	
1526000	-1.99613	 	15.9691	 	-0.100224	 	3.99358	 	0.998724	 	0	 	0.00378117	 	0.0308812	 	
1528000	-1.99614	 	15.9691	 	-0.100093	 	3.99359	 	0.998726	 	0	 	0.00377623	 	0.0308408	 	
1530000	-1.99614	 	15.9691	 	-0.0999621	 	3.9936	 	0.998727	 	0	 	0.0037713	 	0.0308006	 	
1532000	-1.99614	 	15.9691	 	-0.0988949	 	3.9936	 	0.998727	 	0	 	0.00377159	 	0.0308125	 	
1534000	-1.99614	 	15.9691	 	-0.0978722	 	3.99359	 	0.998726	 	0	 	0.00377447	 	0.0308347	 	
1536000	-1.99614	 	15.9691	 	-0.0972428	 	3.99359	 	0.998726	 	0	 	0.00377476	 	0.0308466	 	
1538000	-1.99614	 	15.9691	 	-0.0967289	 	3.99359	 	0.998726	 	0	 	0.00377374	 	0.0308376	 	
1540000	-1.99614	 	15.9691	 	-0.0977578	 	3.99359	 	0.998727	 	0	 	0.00377144	 	0.030839	 	
1542000	-1.99614	 	15.9691	 	-0.0989267	 	3.99359	 	0.998727	 	0	 	0.00377173	 	0.0308198	 	
1544000	-1.99615	 	15.9692	 	-0.0999165	 	3.9936	 	0.998729	 	0	 	0.00376685	 	0.0307799	 	
1546000	-1.99614	 	15.9692	 	-0.099261	 	3.9936	 	0.998728	 	0	 	0.00377037	 	0.0307814	 	
1548000	-1.99614	 	15.9691	 	-0.0991286	 	3.99359	 	0.998726	 	0	 	0.00377387	 	0.0308447	 	
1550000	-1.99613	 	15.9691	 	-0.098321	 	3.99358	 	0.998725	 	0	 	0.00377737	 	0.030877	 	
1552000	-1.99612	 	15.969	 	-0.0971933	 	3.99357	 	0.998722	 	0	 	0.00378471	 	0.0309399	 	
1554000	-1.99612	 	15.969	 	-0.0962899	 	3.99357	 	0.998722	 	0	 	0.0037869	 	0.0309515	 	
1556000	-1.99613	 	15.969	 	-0.095365	 	3.99357	 	0.998722	 	0	 	0.00378524	 	0.0309323	 	
1558000	-1.99613	 	15.969	 	-0.0939599	 	3.99357	 	0.998723	 	0	 	0.00378231	 	0.0309233	 	
1560000	-1.99613	 	15.969	 	-0.0934619	 	3.99357	 	0.998723	 	0	 	0.00378386	 	0.0309246	 	
1562000	-1.99613	 	15.969	 	-0.0932535	 	3.99357	 	0.998723	 	0	 	0.00378349	 	0.0309259	 	
1564000	-1.99613	 	15.9691	 	-0.0931343	 	3.99358	 	0.998724	 	0	 	0.00377866	 	0.0308864	 	
1566000	-1.99613	 	15.969	 	-0.0932551	 	3.99358	 	0.998723	 	0	 	0.00378339	 	0.0309081	 	
1568000	-1.99613	 	15.969	 	-0.093729	 	3.99357	 	0.998722	 	0	 	0.00378938	 	0.0309196	 	
1570000	-1.99613	 	15.9691	 	-0.0936096	 	3.99358	 	0.998724	 	0	 	0.00378457	 	0.0308803	 	
1572000	-1.99613	 	15.969	 	-0.0935073	 	3.99357	 	0.998722	 	0	 	0.00378927	 	0.0309323	 	
1574000	-1.99613	 	15.969	 	-0.0933885	 	3.99358	 	0.998723	 	0	 	0.00378446	 	0.0308931	 	
1576000	-1.99613	 	15.969	 	-0.0938344	 	3.99358	 	0.998723	 	0	 	0.00378409	 	0.0308944	 	
1578000	-1.99613	 	15.9691	 	-0.0937177	 	3.99358	 	0.998724	 	0	 	0.00378119	 	0.0308856	 	
1580000	-1.99613	 	15.9691	 	-0.0947658	 	3.99358	 	0.998723	 	0	 	0.00378462	 	0.030887	 	
1582000	-1.99613	 	15.9691	 	-0.0957244	 	3.99358	 	0.998724	 	0	 	0.00378236	 	0.0308883	 	
1584000	-1.99613	 	15.9691	 	-0.0956051	 	3.99358	 	0.998724	 	0	 	0.003782	 	0.0308896	 	
1586000	-1.99613	 	15.9691	 	-0.0954842	 	3.99359	 	0.998725	 	0	 	0.00377786	 	0.0308608	 	
1588000	-1.99612	 	15.969	 	-0.0959669	 	3.99357	 	0.998722	 	0	 	0.00378503	 	0.0309525	 	
1590000	-1.99612	 	15.969	 	-0.0971028	 	3.99357	 	0.998722	 	0	 	0.00378404	 	0.0309437	 	
1592000	-1.99612	 	15.9689	 	-0.0976932	 	3.99356	 	0.99872	 	0	 	0.0037893	 	0.031005	 	
1594000	-1.99612	 	15.969	 	-0.0963993	 	3.99356	 	0.998721	 	0	 	0.00378706	 	0.0309762	 	
1596000	-1.99612	 	15.969	 	-0.0950266	 	3.99356	 	0.998721	 	0	 	0.00378482	 	0.0309774	 	
1598000	-1.99612	 	15.969	 	-0.0936574	 	3.99356	 	0.998722	 	0	 	0.00378258	 	0.0309786	 	
1600000	-1.99612	 	15.9689	 	-0.0926384	 	3.99356	 	0.99872	 	0	 	0.00378907	 	0.0309997	 	
1602000	-1.99612	 	15.9689	 	-0.0913452	 	3.99356	 	0.99872	 	1	 	0.00378871	 	0.0310009	 	
1604000	-1.99612	 	15.969	 	-0.089985	 	3.99356	 	0.998721	 	0	 	0.00378523	 	0.0309822	 	
1606000	-1.99612	 	15.969	 	-0.0898191	 	3.99356	 	0.998721	 	0	 	0.00378487	 	0.0309834	 	
1608000	-1.99612	 	15.969	 	-0.0908825	 	3.99357	 	0.998723	 	0	 	0.00378079	 	0.0309548	 	
1610000	-1.99613	 	15.969	 	-0.0907696	 	3.99357	 	0.998724	 	0	 	0.00377733	 	0.0309362	 	
1612000	-1.99613	 	15.969	 	-0.0898238	 	3.99357	 	0.998723	 	0	 	0.00377884	 	0.0309375	 	
1614000	-1.99612	 	15.969	 	-0.0884768	 	3.99357	 	0.998721	 	0	 	0.00378714	 	0.0309585	 	
1616000	-1.99611	 	15.9689	 	-0.0874873	 	3.99354	 	0.998717	 	0	 	0.00380096	 	0.0310682	 	
1618000	-1.99611	 	15.9689	 	-0.0868007	 	3.99354	 	0.998717	 	0	 	0.0038012	 	0.0310791	 	
1620000	-1.99611	 	15.9689	 	-0.0866941	 	3.99355	 	0.998718	 	0	 	0.00379898	 	0.0310506	 	
1622000	-1.99611	 	15.9689	 	-0.0865875	 	3.99355	 	0.998719	 	0	 	0.00379491	 	0.0310222	 	
1624000	-1.99612	 	15.969	 	-0.0864809	 	3.99356	 	0.99872	 	0	 	0.00379025	 	0.0309841	 	
1626000	-1.99612	 	15.9689	 	-0.0866593	 	3.99355	 	0.998719	 	0	 	0.0037954	 	0.0310147	 	
1628000	-1.99611	 	15.9689	 	-0.0854466	 	3.99354	 	0.998716	 	0	 	0.00380422	 	0.0310745	 	
1630000	-1.99609	 	15.9687	 	-0.0857687	 	3.99352	 	0.998712	 	0	 	0.00381667	 	0.0311929	 	
1632000	-1.9961	 	15.9688	 	-0.0844381	 	3.99352	 	0.998713	 	0	 	0.003812	 	0.0311548	 	
1634000	-1.9961	 	15.9688	 	-0.0831561	 	3.99352	 	0.998713	 	0	 	0.00381345	 	0.0311557	 	
1636000	-1.9961	 	15.9688	 	-0.0841742	 	3.99352	 	0.998712	 	0	 	0.00381733	 	0.0311664	 	
1638000	-1.9961	 	15.9688	 	-0.0852915	 	3.99352	 	0.998713	 	0	 	0.00381572	 	0.0311479	 	
1640000	-1.9961	 	15.9688	 	-0.0864049	 	3.99352	 	0.998713	 	0	 	0.00381532	 	0.0311489	 	
1642000	-1.9961	 	15.9688	 	-0.0875177	 	3.99353	 	0.998714	 	0	 	0.00381068	 	0.031111	 	
1644000	-1.99611	 	15.9689	 	-0.0886277	 	3.99354	 	0.998716	 	0	 	0.00380606	 	0.0310732	 	
1646000	-1.99611	 	15.9689	 	-0.0897351	 	3.99355	 	0.998717	 	0	 	0.00380144	 	0.0310356	 	
1648000	-1.99612	 	15.9689	 	-0.0908398	 	3.99356	 	0.998719	 	0	 	0.00379683	 	0.030998	 	
1650000	-1.99612	 	15.9689	 	-0.0919397	 	3.99356	 	0.998719	 	0	 	0.00379647	 	0.0309991	 	
1652000	-1.99612	 	15.969	 	-0.0930387	 	3.99356	 	0.99872	 	0	 	0.00379248	 	0.0309713	 	
1654000	-1.99612	 	15.9689	 	-0.0941321	 	3.99356	 	0.998719	 	0	 	0.00379694	 	0.0309917	 	
1656000	-1.99612	 	15.9689	 	-0.0949037	 	3.99355	 	0.998718	 	0	 	0.00379959	 	0.0310121	 	
1658000	-1.99611	 	15.9689	 	-0.0955669	 	3.99354	 	0.998716	 	0	 	0.00380643	 	0.0310709	 	
1660000	-1.99611	 	15.9689	 	-0.0966557	 	3.99354	 	0.998717	 	0	 	0.00380365	 	0.0310624	 	
1662000	-1.99611	 	15.9689	 	-0.0977422	 	3.99355	 	0.998718	 	0	 	0.00380148	 	0.0310346	 	
1664000	-1.99611	 	15.9689	 	-0.0976115	 	3.99354	 	0.998716	 	0	 	0.0038053	 	0.031074	 	
1666000	-1.99611	 	15.9689	 	-0.0962944	 	3.99354	 	0.998717	 	0	 	0.00380194	 	0.0310559	 	
1668000	-1.99611	 	15.9688	 	-0.0949838	 	3.99354	 	0.998715	 	0	 	0.00380755	 	0.0310952	 	
1670000	-1.99611	 	15.9689	 	-0.0944934	 	3.99354	 	0.998716	 	0	 	0.00380538	 	0.0310676	 	
1672000	-1.99611	 	15.9689	 	-0.0943795	 	3.99354	 	0.998717	 	0	 	0.00380382	 	0.0310496	 	
1674000	-1.99611	 	15.9689	 	-0.0940275	 	3.99354	 	0.998716	 	0	 	0.00380822	 	0.0310697	 	
1676000	-1.99611	 	15.9689	 	-0.092722	 	3.99355	 	0.998717	 	0	 	0.00380368	 	0.0310327	 	
1678000	-1.99611	 	15.9689	 	-0.0930167	 	3.99355	 	0.998717	 	0	 	0.0038051	 	0.0310337	 	
1680000	-1.99611	 	15.9689	 	-0.0934917	 	3.99355	 	0.998717	 	0	 	0.00380532	 	0.0310443	 	
1682000	-1.99612	 	15.9689	 	-0.0933805	 	3.99355	 	0.998718	 	0	 	0.0038008	 	0.0310075	 	
1684000	-1.99611	 	15.9689	 	-0.0927099	 	3.99355	 	0.998717	 	0	 	0.00380399	 	0.0310369	 	
1686000	-1.99612	 	15.9689	 	-0.0932304	 	3.99355	 	0.998718	 	0	 	0.00380185	 	0.0310097	 	
1688000	-1.99611	 	15.9689	 	-0.0943009	 	3.99355	 	0.998717	 	0	 	0.00380266	 	0.0310296	 	
1690000	-1.9961	 	15.9688	 	-0.0950388	 	3.99353	 	0.998714	 	0	 	0.00381055	 	0.0311062	 	
1692000	-1.9961	 	15.9688	 	-0.0946998	 	3.99353	 	0.998714	 	0	 	0.00381135	 	0.031126	 	
1694000	-1.99611	 	15.9689	 	-0.0934073	 	3.99354	 	0.998715	 	0	 	0.00380686	 	0.0310893	 	
1696000	-1.99611	 	15.9689	 	-0.0921182	 	3.99354	 	0.998717	 	0	 	0.00380296	 	0.0310621	 	
1698000	-1.9961	 	15.9688	 	-0.0911037	 	3.99354	 	0.998716	 	0	 	0.00380494	 	0.0311007	 	
1700000	-1.9961	 	15.9688	 	-0.0912794	 	3.99353	 	0.998715	 	0	 	0.00380751	 	0.0311204	 	
1702000	-1.9961	 	15.9688	 	-0.0923467	 	3.99354	 	0.998716	 	0	 	0.00380421	 	0.0311026	 	
1704000	-1.99611	 	15.9688	 	-0.0934111	 	3.99354	 	0.998716	 	0	 	0.00380151	 	0.0310943	 	
1706000	-1.99611	 	15.9688	 	-0.0937512	 	3.99354	 	0.998717	 	0	 	0.00379939	 	0.0310953	 	
1708000	-1.9961	 	15.9688	 	-0.0939634	 	3.99353	 	0.998715	 	0	 	0.00380312	 	0.0311336	 	
1710000	-1.9961	 	15.9688	 	-0.0940178	 	3.99353	 	0.998715	 	0	 	0.00380451	 	0.0311345	 	
1712000	-1.9961	 	15.9688	 	-0.0939083	 	3.99353	 	0.998716	 	0	 	0.00380298	 	0.0311168	 	
1714000	-1.9961	 	15.9688	 	-0.0935198	 	3.99352	 	0.998712	 	0	 	0.00381484	 	0.0311736	 	
1716000	-1.9961	 	15.9688	 	-0.0934111	 	3.99353	 	0.998714	 	0	 	0.00381098	 	0.0311466	 	
1718000	-1.9961	 	15.9688	 	-0.0933027	 	3.99353	 	0.998715	 	0	 	0.00380713	 	0.0311197	 	
1720000	-1.99611	 	15.9688	 	-0.0931939	 	3.99354	 	0.998716	 	0	 	0.00380329	 	0.0310928	 	
1722000	-1.9961	 	15.9688	 	-0.0941565	 	3.99353	 	0.998715	 	0	 	0.00380699	 	0.0311031	 	
1724000	-1.99611	 	15.9689	 	-0.0952065	 	3.99354	 	0.998716	 	0	 	0.00380547	 	0.0310855	 	
1726000	-1.99611	 	15.9689	 	-0.0956359	 	3.99354	 	0.998717	 	0	 	0.00380164	 	0.0310588	 	
1728000	-1.99611	 	15.9689	 	-0.0957957	 	3.99355	 	0.998718	 	0	 	0.00379783	 	0.0310322	 	
1730000	-1.99611	 	15.9689	 	-0.0964543	 	3.99355	 	0.998717	 	0	 	0.00380036	 	0.0310516	 	
1732000	-1.99611	 	15.9689	 	-0.0964861	 	3.99355	 	0.998718	 	0	 	0.00379827	 	0.0310527	 	
1734000	-1.99611	 	15.9689	 	-0.097528	 	3.99355	 	0.998719	 	0	 	0.00379447	 	0.0310261	 	
1736000	-1.99611	 	15.9689	 	-0.0985349	 	3.99355	 	0.998718	 	0	 	0.003797	 	0.0310455	 	
1738000	-1.99611	 	15.9689	 	-0.0988743	 	3.99355	 	0.998719	 	0	 	0.00379378	 	0.0310282	 	
1740000	-1.99612	 	15.9689	 	-0.0999092	 	3.99356	 	0.99872	 	0	 	0.00379229	 	0.0310109	 	
1742000	-1.99612	 	15.9689	 	-0.100941	 	3.99356	 	0.99872	 	0	 	0.00378909	 	0.0309937	 	
1744000	-1.99611	 	15.9689	 	-0.101847	 	3.99355	 	0.998718	 	0	 	0.00379504	 	0.0310405	 	
1746000	-1.99612	 	15.9689	 	-0.102876	 	3.99355	 	0.99872	 	0	 	0.00379127	 	0.0310141	 	
1748000	-1.99612	 	15.969	 	-0.103902	 	3.99356	 	0.998721	 	0	 	0.00378694	 	0.0309787	 	
1750000	-1.99612	 	15.969	 	-0.104706	 	3.99356	 	0.998721	 	0	 	0.00378603	 	0.0309707	 	
1752000	-1.99612	 	15.969	 	-0.103978	 	3.99356	 	0.998721	 	0	 	0.00378798	 	0.0309809	 	
1754000	-1.99612	 	15.969	 	-0.10272	 	3.99356	 	0.998721	 	0	 	0.00378707	 	0.0309729	 	
1756000	-1.99612	 	15.969	 	-0.101464	 	3.99357	 	0.998722	 	0	 	0.00378333	 	0.0309467	 	
1758000	-1.99613	 	15.969	 	-0.100213	 	3.99357	 	0.998722	 	0	 	0.00378414	 	0.0309388	 	
1760000	-1.99613	 	15.969	 	-0.0989625	 	3.99358	 	0.998724	 	0	 	0.00377985	 	0.0309037	 	
1762000	-1.99613	 	15.9691	 	-0.0977154	 	3.99358	 	0.998725	 	0	 	0.00377613	 	0.0308778	 	
1764000	-1.99613	 	15.969	 	-0.0973776	 	3.99357	 	0.998723	 	0	 	0.0037792	 	0.0309332	 	
1766000	-1.99612	 	15.969	 	-0.0970646	 	3.99356	 	0.998721	 	0	 	0.00378508	 	0.0309794	 	
1768000	-1.99612	 	15.969	 	-0.0970535	 	3.99357	 	0.998723	 	0	 	0.00378137	 	0.0309535	 	
1770000	-1.99612	 	15.969	 	-0.0972	 	3.99357	 	0.998723	 	0	 	0.00378217	 	0.0309456	 	
1772000	-1.99612	 	15.969	 	-0.0966047	 	3.99357	 	0.998722	 	0	 	0.00378297	 	0.0309647	 	
1774000	-1.99612	 	15.9689	 	-0.0962945	 	3.99356	 	0.998721	 	0	 	0.00378433	 	0.0309927	 	
1776000	-1.99612	 	15.969	 	-0.0961861	 	3.99357	 	0.998723	 	0	 	0.00378007	 	0.0309579	 	
1778000	-1.99612	 	15.969	 	-0.0953206	 	3.99356	 	0.998722	 	0	 	0.00378087	 	0.0309769	 	
1780000	-1.99612	 	15.969	 	-0.0950671	 	3.99356	 	0.998722	 	0	 	0.00378279	 	0.0309869	 	
1782000	-1.99612	 	15.9689	 	-0.0949635	 	3.99356	 	0.998721	 	0	 	0.0037847	 	0.030997	 	
1784000	-1.99611	 	15.9689	 	-0.0948573	 	3.99355	 	0.998718	 	0	 	0.00379444	 	0.0310516	 	
1786000	-1.99611	 	15.9689	 	-0.0946755	 	3.99354	 	0.998718	 	0	 	0.00379577	 	0.0310794	 	
1788000	-1.99611	 	15.9689	 	-0.0945694	 	3.99355	 	0.998719	 	0	 	0.00379209	 	0.0310536	 	
1790000	-1.99611	 	15.9689	 	-0.0944631	 	3.99355	 	0.99872	 	0	 	0.00378897	 	0.0310368	 	
1792000	-1.99611	 	15.9689	 	-0.0944182	 	3.99355	 	0.998718	 	0	 	0.00379198	 	0.0310645	 	
1794000	-1.9961	 	15.9688	 	-0.0949437	 	3.99353	 	0.998715	 	0	 	0.0038061	 	0.0311365	 	
1796000	-1.9961	 	15.9688	 	-0.095951	 	3.99353	 	0.998715	 	0	 	0.00380409	 	0.0311108	 	
1798000	-1.99611	 	15.9689	 	-0.0959235	 	3.99354	 	0.998717	 	0	 	0.00380042	 	0.0310851	 	
1800000	-1.99611	 	15.9689	 	-0.0962294	 	3.99355	 	0.998718	 	0	 	0.00379676	 	0.0310595	 	
1802000	-1.99611	 	15.9689	 	-0.0972306	 	3.99355	 	0.998718	 	0	 	0.00379642	 	0.0310604	 	
1804000	-1.99611	 	15.9689	 	-0.0977154	 	3.99355	 	0.998719	 	0	 	0.00379443	 	0.0310349	 	
1806000	-1.99612	 	15.9689	 	-0.0976071	 	3.99356	 	0.99872	 	0	 	0.00379024	 	0.0310006	 	
1808000	-1.99611	 	15.9689	 	-0.0976858	 	3.99355	 	0.998718	 	0	 	0.00379432	 	0.0310457	 	
1810000	-1.99612	 	15.9689	 	-0.0975779	 	3.99356	 	0.99872	 	0	 	0.00379013	 	0.0310115	 	
1812000	-1.99612	 	15.969	 	-0.0974699	 	3.99356	 	0.998721	 	0	 	0.0037865	 	0.0309861	 	
1814000	-1.99612	 	15.969	 	-0.0973638	 	3.99356	 	0.998722	 	0	 	0.00378398	 	0.0309784	 	
1816000	-1.99612	 	15.969	 	-0.0967971	 	3.99357	 	0.998723	 	0	 	0.00378037	 	0.0309531	 	
1818000	-1.99612	 	15.969	 	-0.0959799	 	3.99356	 	0.998721	 	0	 	0.00378389	 	0.0309893	 	
1820000	-1.99612	 	15.969	 	-0.0963354	 	3.99357	 	0.998722	 	0	 	0.00378083	 	0.0309728	 	
1822000	-1.99611	 	15.9689	 	-0.0959344	 	3.99355	 	0.998719	 	0	 	0.00378871	 	0.0310788	 	
1824000	-1.9961	 	15.9688	 	-0.0955367	 	3.99353	 	0.998715	 	0	 	0.00379932	 	0.0311496	 	
1826000	-1.9961	 	15.9688	 	-0.0954321	 	3.99354	 	0.998717	 	0	 	0.00379517	 	0.0311156	 	
1828000	-1.9961	 	15.9688	 	-0.0953247	 	3.99353	 	0.998716	 	0	 	0.00379593	 	0.0311339	 	
1830000	-1.9961	 	15.9688	 	-0.0952208	 	3.99354	 	0.998717	 	0	 	0.00379233	 	0.0311087	 	
1832000	-1.9961	 	15.9688	 	-0.0953264	 	3.99354	 	0.998717	 	0	 	0.00379364	 	0.0311096	 	
1834000	-1.9961	 	15.9688	 	-0.0945632	 	3.99353	 	0.998716	 	0	 	0.00379494	 	0.0311366	 	
1836000	-1.9961	 	15.9688	 	-0.0944627	 	3.99353	 	0.998716	 	0	 	0.00379678	 	0.0311461	 	
1838000	-1.9961	 	15.9688	 	-0.0943599	 	3.99354	 	0.998717	 	0	 	0.00379266	 	0.0311123	 	
1840000	-1.99611	 	15.9689	 	-0.0942571	 	3.99354	 	0.998718	 	0	 	0.00378908	 	0.0310872	 	
1842000	-1.9961	 	15.9688	 	-0.0948331	 	3.99354	 	0.998717	 	0	 	0.00379309	 	0.0311054	 	
1844000	-1.9961	 	15.9688	 	-0.0957579	 	3.99353	 	0.998716	 	0	 	0.00379547	 	0.0311495	 	
1846000	-1.9961	 	15.9688	 	-0.0956547	 	3.99353	 	0.998717	 	0	 	0.00379244	 	0.0311331	 	
1848000	-1.9961	 	15.9688	 	-0.0955519	 	3.99353	 	0.998716	 	0	 	0.00379643	 	0.0311512	 	
1850000	-1.9961	 	15.9688	 	-0.095447	 	3.99353	 	0.998716	 	0	 	0.00379665	 	0.0311607	 	
1852000	-1.9961	 	15.9688	 	-0.0953437	 	3.99353	 	0.998717	 	0	 	0.00379309	 	0.0311357	 	
1854000	-1.9961	 	15.9688	 	-0.0952395	 	3.99353	 	0.998716	 	0	 	0.00379276	 	0.0311624	 	
1856000	-1.9961	 	15.9688	 	-0.0956918	 	3.99353	 	0.998717	 	0	 	0.00378975	 	0.031146	 	
1858000	-1.9961	 	15.9688	 	-0.0965441	 	3.99353	 	0.998716	 	0	 	0.00379212	 	0.031164	 	
1860000	-1.99609	 	15.9688	 	-0.0972183	 	3.99353	 	0.998716	 	0	 	0.00379448	 	0.031182	 	
1862000	-1.99609	 	15.9687	 	-0.0960983	 	3.99352	 	0.998715	 	0	 	0.00379683	 	0.0311999	 	
1864000	-1.99609	 	15.9687	 	-0.0955276	 	3.99352	 	0.998714	 	0	 	0.00379757	 	0.0312178	 	
1866000	-1.99609	 	15.9687	 	-0.0954258	 	3.99352	 	0.998715	 	0	 	0.00379565	 	0.031193	 	
1868000	-1.9961	 	15.9688	 	-0.0953239	 	3.99353	 	0.998716	 	0	 	0.00379212	 	0.0311682	 	
1870000	-1.99609	 	15.9687	 	-0.0952184	 	3.99352	 	0.998715	 	0	 	0.00379393	 	0.0312031	 	
1872000	-1.9961	 	15.9688	 	-0.0951165	 	3.99353	 	0.998716	 	0	 	0.00379042	 	0.0311783	 	
1874000	-1.99609	 	15.9688	 	-0.0958874	 	3.99352	 	0.998715	 	0	 	0.00379702	 	0.0311876	 	
1876000	-1.99609	 	15.9687	 	-0.0968449	 	3.99351	 	0.998712	 	0	 	0.00380893	 	0.0312564	 	
1878000	-1.99608	 	15.9686	 	-0.0969686	 	3.9935	 	0.99871	 	0	 	0.00381336	 	0.031308	 	
1880000	-1.99608	 	15.9686	 	-0.0968279	 	3.9935	 	0.99871	 	0	 	0.00381196	 	0.0312918	 	
1882000	-1.99608	 	15.9687	 	-0.0967253	 	3.99351	 	0.998711	 	0	 	0.00380845	 	0.031267	 	
1884000	-1.99608	 	15.9686	 	-0.0961592	 	3.9935	 	0.99871	 	0	 	0.00381287	 	0.0313185	 	
1886000	-1.99608	 	15.9686	 	-0.0961599	 	3.99349	 	0.998709	 	0	 	0.00381359	 	0.0313361	 	
1888000	-1.99608	 	15.9686	 	-0.096058	 	3.9935	 	0.998711	 	0	 	0.00380956	 	0.0313029	 	
1890000	-1.99608	 	15.9686	 	-0.0954722	 	3.9935	 	0.99871	 	0	 	0.00380975	 	0.031312	 	
1892000	-1.99608	 	15.9687	 	-0.0943145	 	3.9935	 	0.998711	 	0	 	0.00380625	 	0.0312874	 	
1894000	-1.99608	 	15.9687	 	-0.0940832	 	3.99351	 	0.998713	 	0	 	0.00380277	 	0.0312629	 	
1896000	-1.99608	 	15.9686	 	-0.0932685	 	3.9935	 	0.998709	 	0	 	0.00381401	 	0.0313224	 	
1898000	-1.99608	 	15.9686	 	-0.0936615	 	3.9935	 	0.998709	 	0	 	0.00381367	 	0.0313231	 	
1900000	-1.99608	 	15.9686	 	-0.0946155	 	3.9935	 	0.998711	 	0	 	0.00380967	 	0.0312901	 	
1902000	-1.99608	 	15.9686	 	-0.0949897	 	3.9935	 	0.998711	 	0	 	0.00380776	 	0.0312908	 	
1904000	-1.99609	 	15.9687	 	-0.0938395	 	3.99351	 	0.998712	 	0	 	0.00380377	 	0.031258	 	
1906000	-1.99608	 	15.9687	 	-0.0932794	 	3.99351	 	0.998712	 	0	 	0.00380396	 	0.0312671	 	
1908000	-1.99609	 	15.9687	 	-0.09293	 	3.99351	 	0.998713	 	0	 	0.00380417	 	0.0312511	 	
1910000	-1.99608	 	15.9687	 	-0.0917887	 	3.99351	 	0.998711	 	0	 	0.00380854	 	0.0312768	 	
1912000	-1.99608	 	15.9686	 	-0.0910013	 	3.9935	 	0.998709	 	0	 	0.00381394	 	0.0313192	 	
1914000	-1.99607	 	15.9686	 	-0.0906202	 	3.99349	 	0.998707	 	0	 	0.00382299	 	0.0313448	 	
1916000	-1.99608	 	15.9686	 	-0.0913622	 	3.99349	 	0.998708	 	0	 	0.00382109	 	0.0313205	 	
1918000	-1.99608	 	15.9686	 	-0.0912198	 	3.99349	 	0.998708	 	0	 	0.00382283	 	0.0313294	 	
1920000	-1.99608	 	15.9686	 	-0.0900831	 	3.9935	 	0.998709	 	0	 	0.00381886	 	0.0312969	 	
1922000	-1.99608	 	15.9687	 	-0.0889488	 	3.99351	 	0.99871	 	0	 	0.00381489	 	0.0312644	 	
1924000	-1.99609	 	15.9687	 	-0.087817	 	3.99351	 	0.998712	 	0	 	0.00381145	 	0.0312402	 	
1926000	-1.99609	 	15.9687	 	-0.0868162	 	3.99351	 	0.998711	 	0	 	0.00381267	 	0.0312409	 	
1928000	-1.99609	 	15.9687	 	-0.0866203	 	3.99351	 	0.998712	 	0	 	0.00381079	 	0.0312417	 	
1930000	-1.99609	 	15.9687	 	-0.0867772	 	3.99351	 	0.998712	 	0	 	0.00380788	 	0.0312259	 	
1932000	-1.99609	 	15.9687	 	-0.0869138	 	3.99351	 	0.998712	 	0	 	0.00380962	 	0.0312349	 	
1934000	-1.99609	 	15.9687	 	-0.0871649	 	3.99351	 	0.998712	 	0	 	0.00380826	 	0.0312438	 	
1936000	-1.99609	 	15.9687	 	-0.0880282	 	3.99351	 	0.998712	 	0	 	0.00380793	 	0.0312445	 	
1938000	-1.99609	 	15.9687	 	-0.088588	 	3.99351	 	0.998711	 	0	 	0.00381121	 	0.0312535	 	
1940000	-1.99608	 	15.9687	 	-0.0890866	 	3.9935	 	0.99871	 	0	 	0.003815	 	0.0312706	 	
1942000	-1.99609	 	15.9687	 	-0.0889946	 	3.99351	 	0.998711	 	0	 	0.00381159	 	0.0312467	 	
1944000	-1.99609	 	15.9687	 	-0.0886788	 	3.99351	 	0.998711	 	0	 	0.00381485	 	0.0312556	 	
1946000	-1.99609	 	15.9687	 	-0.0878137	 	3.99351	 	0.998711	 	0	 	0.00381196	 	0.0312399	 	
1948000	-1.99609	 	15.9687	 	-0.0866974	 	3.99351	 	0.998712	 	0	 	0.00380908	 	0.0312242	 	
1950000	-1.99609	 	15.9687	 	-0.0855836	 	3.99352	 	0.998713	 	0	 	0.00380773	 	0.0312086	 	
1952000	-1.99609	 	15.9687	 	-0.085269	 	3.99352	 	0.998713	 	0	 	0.00380997	 	0.0312012	 	
1954000	-1.99609	 	15.9688	 	-0.0862045	 	3.99352	 	0.998713	 	0	 	0.00380863	 	0.0311857	 	
1956000	-1.9961	 	15.9688	 	-0.0871375	 	3.99352	 	0.998714	 	0	 	0.00380627	 	0.0311783	 	
1958000	-1.9961	 	15.9688	 	-0.08807	 	3.99353	 	0.998715	 	0	 	0.00380238	 	0.0311465	 	
1960000	-1.9961	 	15.9688	 	-0.0884538	 	3.99353	 	0.998716	 	0	 	0.00380003	 	0.0311392	 	
1962000	-1.9961	 	15.9688	 	-0.0893129	 	3.99353	 	0.998716	 	0	 	0.00379871	 	0.0311237	 	
1964000	-1.99611	 	15.9688	 	-0.089222	 	3.99354	 	0.998717	 	0	 	0.00379485	 	0.0310921	 	
1966000	-1.99611	 	15.9689	 	-0.0891307	 	3.99354	 	0.998718	 	0	 	0.003792	 	0.0310767	 	
1968000	-1.9961	 	15.9688	 	-0.088689	 	3.99354	 	0.998716	 	0	 	0.00379727	 	0.0311181	 	
1970000	-1.99611	 	15.9689	 	-0.088599	 	3.99354	 	0.998718	 	0	 	0.00379342	 	0.0310866	 	
1972000	-1.9961	 	15.9688	 	-0.0884224	 	3.99353	 	0.998715	 	0	 	0.00380273	 	0.031144	 	
1974000	-1.9961	 	15.9688	 	-0.0883346	 	3.99353	 	0.998715	 	0	 	0.00380241	 	0.0311448	 	
1976000	-1.9961	 	15.9688	 	-0.0882447	 	3.99353	 	0.998716	 	0	 	0.00379958	 	0.0311295	 	
1978000	-1.9961	 	15.9688	 	-0.088541	 	3.99353	 	0.998716	 	0	 	0.00379826	 	0.0311384	 	
1980000	-1.9961	 	15.9688	 	-0.0894614	 	3.99354	 	0.998717	 	0	 	0.00379493	 	0.031115	 	
1982000	-1.9961	 	15.9688	 	-0.0896241	 	3.99353	 	0.998716	 	0	 	0.00379764	 	0.03114	 	
1984000	-1.9961	 	15.9688	 	-0.0897162	 	3.99353	 	0.998716	 	0	 	0.00379885	 	0.0311408	 	
1986000	-1.9961	 	15.9688	 	-0.0896302	 	3.99353	 	0.998715	 	0	 	0.00380155	 	0.0311656	 	
1988000	-1.9961	 	15.9688	 	-0.0897887	 	3.99353	 	0.998716	 	0	 	0.00379823	 	0.0311424	 	
1990000	-1.9961	 	15.9688	 	-0.090453	 	3.99354	 	0.998717	 	0	 	0.00379492	 	0.0311191	 	
1992000	-1.99611	 	15.9689	 	-0.0913662	 	3.99354	 	0.998718	 	0	 	0.00379112	 	0.031088	 	
1994000	-1.99611	 	15.9689	 	-0.0922049	 	3.99354	 	0.998718	 	0	 	0.00379032	 	0.0310808	 	
1996000	-1.99611	 	15.9689	 	-0.0926498	 	3.99355	 	0.998719	 	0	 	0.00378802	 	0.0310737	 	
1998000	-1.9961	 	15.9688	 	-0.0917005	 	3.99354	 	0.998717	 	0	 	0.00379271	 	0.0311304	 	
