MCcycles: 10000000	 L = 2	 T = 1	 Randomstart = 1
MCcycles 	 E 		 E2 		 M 		 M2 		 Mabs 		 accepted		 X 		 Cv
1	-2	 	16	 	-1	 	4	 	1	 	2	 	0	 	0	 	
10000	-1.996	 	15.968	 	0.3671	 	3.993	 	0.9985	 	82	 	0.004991	 	0.031936	 	
20000	-1.9968	 	15.9744	 	0.1653	 	3.9946	 	0.9989	 	136	 	0.00339516	 	0.025559	 	
30000	-1.99593	 	15.9675	 	0.354633	 	3.99313	 	0.9986	 	234	 	0.00432549	 	0.0324672	 	
40000	-1.99595	 	15.9676	 	0.38345	 	3.99325	 	0.99865	 	310	 	0.00404271	 	0.0323344	 	
50000	-1.99604	 	15.9683	 	0.3358	 	3.99336	 	0.99866	 	380	 	0.00407282	 	0.0316173	 	
60000	-1.99603	 	15.9683	 	0.224333	 	3.99337	 	0.998667	 	460	 	0.00402622	 	0.0316704	 	
70000	-1.99611	 	15.9689	 	0.181314	 	3.99349	 	0.998686	 	530	 	0.00399309	 	0.0310253	 	
80000	-1.99625	 	15.97	 	0.1025	 	3.9937	 	0.998725	 	588	 	0.0038935	 	0.0299437	 	
90000	-1.99596	 	15.9676	 	0.179622	 	3.9932	 	0.998622	 	708	 	0.00421463	 	0.0322901	 	
100000	-1.99602	 	15.9682	 	0.123405	 	3.99333	 	0.998655	 	790	 	0.00408276	 	0.0317766	 	
110000	-1.99605	 	15.9684	 	0.1428	 	3.99342	 	0.998682	 	860	 	0.00395669	 	0.0315014	 	
120000	-1.99603	 	15.9683	 	0.101038	 	3.99337	 	0.998671	 	932	 	0.00400127	 	0.0316704	 	
130000	-1.99614	 	15.9691	 	0.135269	 	3.99355	 	0.998708	 	990	 	0.00388563	 	0.0308327	 	
140000	-1.99621	 	15.9697	 	0.105193	 	3.99366	 	0.998721	 	1052	 	0.00387918	 	0.0302284	 	
150000	-1.99617	 	15.9694	 	0.10577	 	3.99361	 	0.998717	 	1136	 	0.00386675	 	0.0305548	 	
160000	-1.9962	 	15.9696	 	0.0923188	 	3.99366	 	0.998731	 	1196	 	0.00380606	 	0.0303422	 	
170000	-1.99608	 	15.9687	 	0.0638853	 	3.99348	 	0.998697	 	1302	 	0.00389321	 	0.0312798	 	
180000	-1.99608	 	15.9686	 	0.0828917	 	3.99348	 	0.998703	 	1388	 	0.00385438	 	0.0313162	 	
190000	-1.99616	 	15.9693	 	0.0682684	 	3.99362	 	0.998732	 	1438	 	0.00376199	 	0.0306778	 	
200000	-1.99617	 	15.9694	 	0.0317575	 	3.99363	 	0.998727	 	1512	 	0.00379852	 	0.0305813	 	
210000	-1.99615	 	15.9692	 	0.00972143	 	3.9936	 	0.998726	 	1578	 	0.00378875	 	0.0307217	 	
220000	-1.99626	 	15.9701	 	0.0311523	 	3.9938	 	0.998766	 	1612	 	0.00366209	 	0.0298351	 	
230000	-1.99625	 	15.97	 	-0.00577391	 	3.99379	 	0.99877	 	1680	 	0.00362873	 	0.0299264	 	
240000	-1.99618	 	15.9694	 	-0.008175	 	3.99367	 	0.998746	 	1784	 	0.00369371	 	0.0305415	 	
250000	-1.9962	 	15.9696	 	0.010384	 	3.99371	 	0.998756	 	1848	 	0.00365781	 	0.0303422	 	
260000	-1.99625	 	15.97	 	0.0241923	 	3.99378	 	0.998769	 	1904	 	0.00362471	 	0.0299744	 	
270000	-1.99624	 	15.9699	 	0.0122481	 	3.99376	 	0.998763	 	1978	 	0.00365314	 	0.0300471	 	
280000	-1.99618	 	15.9694	 	0.00844464	 	3.99367	 	0.998745	 	2086	 	0.00370441	 	0.030513	 	
290000	-1.99624	 	15.9699	 	-0.00268103	 	3.99377	 	0.998764	 	2134	 	0.00365251	 	0.0300125	 	
300000	-1.99619	 	15.9695	 	-0.0263533	 	3.99369	 	0.998747	 	2242	 	0.00370705	 	0.0303954	 	
310000	-1.99624	 	15.9699	 	-0.0426339	 	3.99375	 	0.998756	 	2296	 	0.00369381	 	0.0300337	 	
320000	-1.99621	 	15.9697	 	-0.0453391	 	3.9937	 	0.998742	 	2398	 	0.00375305	 	0.0302426	 	
330000	-1.99615	 	15.9692	 	-0.0314985	 	3.99359	 	0.99872	 	2514	 	0.00382678	 	0.0307286	 	
340000	-1.9961	 	15.9688	 	-0.0183015	 	3.99351	 	0.998707	 	2626	 	0.0038492	 	0.0311392	 	
350000	-1.99612	 	15.969	 	-0.00131429	 	3.99355	 	0.998714	 	2702	 	0.00382767	 	0.0309798	 	
360000	-1.99613	 	15.9691	 	-0.00847222	 	3.99357	 	0.998719	 	2764	 	0.00381011	 	0.0308735	 	
370000	-1.99617	 	15.9693	 	0.00692297	 	3.99363	 	0.998731	 	2820	 	0.00377464	 	0.0306007	 	
380000	-1.99617	 	15.9693	 	0.0205211	 	3.99363	 	0.998729	 	2890	 	0.00378827	 	0.0305939	 	
390000	-1.99621	 	15.9697	 	0.0274179	 	3.9937	 	0.998744	 	2946	 	0.0037424	 	0.0302605	 	
400000	-1.99622	 	15.9698	 	0.0202638	 	3.99372	 	0.998746	 	3022	 	0.00374121	 	0.030143	 	
410000	-1.99623	 	15.9698	 	0.0383134	 	3.99373	 	0.99875	 	3092	 	0.00372302	 	0.030109	 	
420000	-1.99621	 	15.9697	 	0.0573548	 	3.9937	 	0.998743	 	3182	 	0.00374606	 	0.0302663	 	
430000	-1.99617	 	15.9694	 	0.0467756	 	3.99363	 	0.998729	 	3280	 	0.00379121	 	0.0305646	 	
440000	-1.99613	 	15.9691	 	0.0391557	 	3.99355	 	0.99871	 	3402	 	0.0038638	 	0.0308856	 	
450000	-1.9961	 	15.9688	 	0.0333222	 	3.99352	 	0.998707	 	3506	 	0.00385553	 	0.0311215	 	
460000	-1.99604	 	15.9683	 	0.0356196	 	3.99342	 	0.998689	 	3654	 	0.00389747	 	0.0316242	 	
470000	-1.99602	 	15.9682	 	0.0229319	 	3.99339	 	0.998683	 	3742	 	0.00391647	 	0.0317665	 	
480000	-1.99596	 	15.9677	 	0.0192677	 	3.99328	 	0.998661	 	3872	 	0.00398242	 	0.032268	 	
490000	-1.99593	 	15.9674	 	0.0156969	 	3.99322	 	0.998646	 	3982	 	0.00404369	 	0.0325214	 	
500000	-1.99594	 	15.9675	 	0.021209	 	3.99324	 	0.998651	 	4060	 	0.00402272	 	0.0324459	 	
510000	-1.99595	 	15.9676	 	0.0288637	 	3.99324	 	0.998648	 	4142	 	0.00404955	 	0.0323734	 	
520000	-1.99595	 	15.9676	 	0.0217846	 	3.99325	 	0.99865	 	4212	 	0.00404271	 	0.0323344	 	
530000	-1.99598	 	15.9678	 	0.00422547	 	3.9933	 	0.998658	 	4278	 	0.00402864	 	0.0320863	 	
540000	-1.99594	 	15.9676	 	0.00238333	 	3.99324	 	0.998646	 	4404	 	0.00405934	 	0.0323787	 	
550000	-1.99591	 	15.9673	 	0.0126036	 	3.99319	 	0.998636	 	4496	 	0.00408711	 	0.0326314	 	
560000	-1.99591	 	15.9673	 	-0.0006125	 	3.99319	 	0.998639	 	4576	 	0.00406759	 	0.0326474	 	
570000	-1.99592	 	15.9673	 	-0.00335526	 	3.99319	 	0.998638	 	4656	 	0.00408205	 	0.032607	 	
580000	-1.99594	 	15.9675	 	-0.00787931	 	3.99323	 	0.998647	 	4708	 	0.00405129	 	0.0324306	 	
590000	-1.99596	 	15.9676	 	-0.0190534	 	3.99326	 	0.998653	 	4762	 	0.00402834	 	0.0322871	 	
600000	-1.99596	 	15.9677	 	-0.0138325	 	3.99327	 	0.998654	 	4840	 	0.00403109	 	0.0322282	 	
610000	-1.99596	 	15.9677	 	-0.00557951	 	3.99325	 	0.998648	 	4938	 	0.00405991	 	0.0322756	 	
620000	-1.99598	 	15.9678	 	-0.00796694	 	3.9933	 	0.998657	 	5000	 	0.00402988	 	0.0320902	 	
630000	-1.99599	 	15.9679	 	-0.00422937	 	3.99331	 	0.998661	 	5080	 	0.00401346	 	0.0320372	 	
640000	-1.996	 	15.968	 	-0.00169063	 	3.99333	 	0.998664	 	5152	 	0.00400536	 	0.0319609	 	
650000	-1.99601	 	15.968	 	-0.000391538	 	3.99335	 	0.99867	 	5226	 	0.00397908	 	0.031887	 	
660000	-1.99602	 	15.9681	 	0.000290909	 	3.99337	 	0.998676	 	5294	 	0.00395662	 	0.0317911	 	
670000	-1.99604	 	15.9683	 	0.0102679	 	3.9934	 	0.998681	 	5350	 	0.00394379	 	0.0316268	 	
680000	-1.99602	 	15.9682	 	0.0157926	 	3.99337	 	0.998675	 	5454	 	0.00396357	 	0.031772	 	
690000	-1.99601	 	15.9681	 	0.0217268	 	3.99335	 	0.99867	 	5542	 	0.00398278	 	0.0318436	 	
700000	-1.99603	 	15.9682	 	0.0264879	 	3.99338	 	0.998676	 	5612	 	0.00396299	 	0.0317083	 	
710000	-1.99606	 	15.9685	 	0.0237838	 	3.99344	 	0.998688	 	5646	 	0.00392692	 	0.0314422	 	
720000	-1.99608	 	15.9686	 	0.0294819	 	3.99346	 	0.998693	 	5706	 	0.00391261	 	0.0313162	 	
730000	-1.9961	 	15.9688	 	0.0383568	 	3.9935	 	0.998699	 	5758	 	0.00389597	 	0.0311501	 	
740000	-1.9961	 	15.9688	 	0.0446108	 	3.99351	 	0.998703	 	5834	 	0.00387975	 	0.0311176	 	
750000	-1.9961	 	15.9688	 	0.046902	 	3.99351	 	0.998703	 	5900	 	0.00387461	 	0.0311285	 	
760000	-1.99608	 	15.9686	 	0.0530276	 	3.99347	 	0.998696	 	6004	 	0.00389583	 	0.0313069	 	
770000	-1.99609	 	15.9687	 	0.0442078	 	3.99349	 	0.9987	 	6066	 	0.00388155	 	0.0312323	 	
780000	-1.99605	 	15.9684	 	0.0483494	 	3.99343	 	0.998689	 	6190	 	0.00391236	 	0.0315069	 	
790000	-1.99608	 	15.9686	 	0.0442684	 	3.99348	 	0.9987	 	6232	 	0.00387425	 	0.0312905	 	
800000	-1.99604	 	15.9683	 	0.0477875	 	3.99342	 	0.998686	 	6366	 	0.0039181	 	0.0315974	 	
810000	-1.99605	 	15.9684	 	0.0553741	 	3.99344	 	0.998693	 	6422	 	0.00388946	 	0.0315228	 	
820000	-1.99605	 	15.9684	 	0.0573976	 	3.99344	 	0.998694	 	6498	 	0.00388098	 	0.0315279	 	
830000	-1.99607	 	15.9685	 	0.0556	 	3.99346	 	0.998699	 	6562	 	0.00386552	 	0.0314176	 	
840000	-1.99608	 	15.9686	 	0.0615613	 	3.99348	 	0.998703	 	6612	 	0.00385399	 	0.0313099	 	
850000	-1.99608	 	15.9686	 	0.0522265	 	3.99348	 	0.998704	 	6696	 	0.00384387	 	0.031336	 	
860000	-1.99604	 	15.9683	 	0.052414	 	3.99342	 	0.998691	 	6830	 	0.00388849	 	0.031621	 	
870000	-1.99605	 	15.9684	 	0.0582943	 	3.99343	 	0.998692	 	6902	 	0.00389201	 	0.031533	 	
880000	-1.99608	 	15.9686	 	0.0491153	 	3.99347	 	0.998699	 	6940	 	0.00387164	 	0.0313384	 	
890000	-1.99605	 	15.9685	 	0.0475736	 	3.99344	 	0.998692	 	7064	 	0.00389989	 	0.0315422	 	
900000	-1.99606	 	15.9686	 	0.0536039	 	3.99346	 	0.998695	 	7122	 	0.00388985	 	0.031458	 	
910000	-1.99604	 	15.9683	 	0.0520802	 	3.99341	 	0.998686	 	7238	 	0.00391837	 	0.0316735	 	
920000	-1.99603	 	15.9683	 	0.0526946	 	3.9934	 	0.998685	 	7322	 	0.00391482	 	0.0317456	 	
930000	-1.99602	 	15.9682	 	0.0519495	 	3.99338	 	0.99868	 	7416	 	0.00393281	 	0.0318505	 	
940000	-1.99603	 	15.9683	 	0.0568436	 	3.99341	 	0.998685	 	7464	 	0.00391862	 	0.0316988	 	
950000	-1.99603	 	15.9683	 	0.0528979	 	3.9934	 	0.998683	 	7544	 	0.0039257	 	0.0317348	 	
960000	-1.99602	 	15.9682	 	0.0550182	 	3.99338	 	0.99868	 	7642	 	0.00393574	 	0.0318199	 	
970000	-1.99601	 	15.9681	 	0.0525639	 	3.99336	 	0.998676	 	7730	 	0.00394557	 	0.0319033	 	
980000	-1.99598	 	15.9678	 	0.0430388	 	3.99331	 	0.998668	 	7854	 	0.00396025	 	0.0321638	 	
990000	-1.99595	 	15.9677	 	0.0433793	 	3.99328	 	0.99866	 	7976	 	0.00398777	 	0.0323385	 	
1000000	-1.99592	 	15.9674	 	0.043327	 	3.99322	 	0.998649	 	8114	 	0.0040247	 	0.0325735	 	
1010000	-1.99593	 	15.9675	 	0.046054	 	3.99323	 	0.998649	 	8196	 	0.00402933	 	0.0325357	 	
1020000	-1.99594	 	15.9676	 	0.0380162	 	3.99326	 	0.998655	 	8246	 	0.00400551	 	0.0324204	 	
1030000	-1.99594	 	15.9676	 	0.0365558	 	3.99326	 	0.998657	 	8322	 	0.00399764	 	0.0324157	 	
1040000	-1.99592	 	15.9674	 	0.0320962	 	3.99321	 	0.998644	 	8450	 	0.00405226	 	0.0325797	 	
1050000	-1.99592	 	15.9674	 	0.02929	 	3.9932	 	0.99864	 	8548	 	0.00406975	 	0.0326191	 	
1060000	-1.99589	 	15.9671	 	0.0284877	 	3.99315	 	0.998629	 	8680	 	0.00410758	 	0.0328531	 	
1070000	-1.99589	 	15.9671	 	0.0232879	 	3.99315	 	0.99863	 	8762	 	0.00410464	 	0.0328446	 	
1080000	-1.9959	 	15.9673	 	0.0185894	 	3.99318	 	0.998636	 	8814	 	0.00408422	 	0.0327329	 	
1090000	-1.99591	 	15.9673	 	0.0233413	 	3.99318	 	0.998636	 	8892	 	0.00408613	 	0.032711	 	
1100000	-1.9959	 	15.9672	 	0.0215286	 	3.99317	 	0.998632	 	8988	 	0.0041007	 	0.0327619	 	
1110000	-1.9959	 	15.9673	 	0.0201712	 	3.99317	 	0.998631	 	9060	 	0.00411502	 	0.0327257	 	
1120000	-1.99591	 	15.9673	 	0.0131625	 	3.99318	 	0.998633	 	9116	 	0.00410681	 	0.032676	 	
1130000	-1.99592	 	15.9674	 	0.0143478	 	3.9932	 	0.998638	 	9180	 	0.00408639	 	0.0325989	 	
1140000	-1.99592	 	15.9674	 	0.0107	 	3.9932	 	0.998639	 	9262	 	0.00408557	 	0.0325791	 	
1150000	-1.99591	 	15.9673	 	0.0150265	 	3.99319	 	0.998637	 	9372	 	0.00408561	 	0.0326567	 	
1160000	-1.99589	 	15.9671	 	0.0148267	 	3.99315	 	0.998628	 	9512	 	0.00411833	 	0.0328428	 	
1170000	-1.99589	 	15.9672	 	0.0154782	 	3.99315	 	0.998628	 	9608	 	0.00411811	 	0.032835	 	
1180000	-1.99588	 	15.9671	 	0.0135424	 	3.99313	 	0.998625	 	9708	 	0.00412295	 	0.0329084	 	
1190000	-1.99587	 	15.967	 	0.0113235	 	3.99312	 	0.998622	 	9806	 	0.00413694	 	0.0329672	 	
1200000	-1.99586	 	15.9669	 	0.00964292	 	3.9931	 	0.998616	 	9918	 	0.00415984	 	0.0330516	 	
1210000	-1.99582	 	15.9666	 	0.00704628	 	3.99303	 	0.998602	 	10090	 	0.0041988	 	0.0333979	 	
1220000	-1.99581	 	15.9665	 	0.00877295	 	3.99301	 	0.998598	 	10180	 	0.00421181	 	0.0334904	 	
1230000	-1.99579	 	15.9663	 	0.00818943	 	3.99297	 	0.99859	 	10308	 	0.0042392	 	0.0336591	 	
1240000	-1.99579	 	15.9664	 	0.00830121	 	3.99298	 	0.998592	 	10380	 	0.0042332	 	0.0336066	 	
1250000	-1.9958	 	15.9665	 	0.0157896	 	3.993	 	0.998598	 	10432	 	0.00421293	 	0.0335168	 	
1260000	-1.99582	 	15.9666	 	0.010019	 	3.99302	 	0.998602	 	10476	 	0.0042017	 	0.0334157	 	
1270000	-1.99582	 	15.9666	 	0.00939055	 	3.99303	 	0.998602	 	10546	 	0.00419849	 	0.0334041	 	
1280000	-1.99581	 	15.9665	 	0.0104625	 	3.99302	 	0.998602	 	10644	 	0.0041953	 	0.0334673	 	
1290000	-1.99582	 	15.9666	 	0.00839264	 	3.99303	 	0.998606	 	10704	 	0.00417905	 	0.0333937	 	
1300000	-1.99581	 	15.9665	 	0.00754038	 	3.99301	 	0.998602	 	10830	 	0.00418987	 	0.0334928	 	
1310000	-1.99582	 	15.9666	 	0.00888206	 	3.99303	 	0.998606	 	10884	 	0.00418077	 	0.0333836	 	
1320000	-1.99577	 	15.9662	 	0.00860265	 	3.99294	 	0.998586	 	11098	 	0.00424731	 	0.0337951	 	
1330000	-1.99579	 	15.9663	 	0.00578045	 	3.99297	 	0.998592	 	11144	 	0.00422966	 	0.0336613	 	
1340000	-1.9958	 	15.9664	 	0.00446754	 	3.99299	 	0.998594	 	11212	 	0.00422419	 	0.0335771	 	
1350000	-1.9958	 	15.9664	 	0.00714926	 	3.993	 	0.998597	 	11278	 	0.00421657	 	0.0335295	 	
1360000	-1.9958	 	15.9665	 	0.011746	 	3.993	 	0.998598	 	11346	 	0.00420905	 	0.0335178	 	
1370000	-1.9958	 	15.9664	 	0.0106858	 	3.99299	 	0.998595	 	11446	 	0.00421911	 	0.0335761	 	
1380000	-1.99581	 	15.9665	 	0.0124743	 	3.99301	 	0.998599	 	11496	 	0.00420592	 	0.0335064	 	
1390000	-1.99578	 	15.9663	 	0.011827	 	3.99297	 	0.99859	 	11640	 	0.00423594	 	0.0336785	 	
1400000	-1.99579	 	15.9663	 	0.00880571	 	3.99297	 	0.998591	 	11710	 	0.00423777	 	0.0336433	 	
1410000	-1.99579	 	15.9664	 	0.00601631	 	3.99298	 	0.998591	 	11786	 	0.00423604	 	0.0336199	 	
1420000	-1.99578	 	15.9663	 	0.00611444	 	3.99296	 	0.998588	 	11892	 	0.00425188	 	0.0336754	 	
1430000	-1.99579	 	15.9664	 	0.0057993	 	3.99297	 	0.99859	 	11954	 	0.0042438	 	0.0336187	 	
1440000	-1.99577	 	15.9662	 	0.00922639	 	3.99293	 	0.998582	 	12094	 	0.00426973	 	0.0338061	 	
1450000	-1.9958	 	15.9664	 	0.016059	 	3.99298	 	0.998591	 	12104	 	0.00424103	 	0.0335845	 	
1460000	-1.99577	 	15.9662	 	0.0116267	 	3.99295	 	0.998586	 	12248	 	0.00425227	 	0.0337696	 	
1470000	-1.99578	 	15.9663	 	0.0107014	 	3.99296	 	0.998588	 	12308	 	0.0042478	 	0.0337029	 	
1480000	-1.99578	 	15.9662	 	0.0162628	 	3.99295	 	0.998586	 	12402	 	0.00425282	 	0.0337233	 	
1490000	-1.99576	 	15.9661	 	0.0115805	 	3.99292	 	0.998581	 	12538	 	0.00427114	 	0.033861	 	
1500000	-1.99577	 	15.9662	 	0.0162467	 	3.99294	 	0.998584	 	12596	 	0.00425998	 	0.0337845	 	
1510000	-1.99577	 	15.9662	 	0.012649	 	3.99293	 	0.998582	 	12704	 	0.00426746	 	0.0338144	 	
1520000	-1.99576	 	15.9661	 	0.0158428	 	3.99292	 	0.99858	 	12812	 	0.00426957	 	0.0338859	 	
1530000	-1.99577	 	15.9662	 	0.0178817	 	3.99294	 	0.998583	 	12868	 	0.00426517	 	0.0337899	 	
1540000	-1.99577	 	15.9662	 	0.0122536	 	3.99294	 	0.998585	 	12952	 	0.00425238	 	0.0338089	 	
1550000	-1.99578	 	15.9662	 	0.00938419	 	3.99295	 	0.998587	 	13006	 	0.00424428	 	0.0337454	 	
1560000	-1.99577	 	15.9662	 	0.00796603	 	3.99294	 	0.998586	 	13098	 	0.00424585	 	0.0338053	 	
1570000	-1.99578	 	15.9663	 	0.00530223	 	3.99297	 	0.998591	 	13134	 	0.00422837	 	0.0336817	 	
1580000	-1.99579	 	15.9664	 	0.00797278	 	3.99298	 	0.998594	 	13188	 	0.00422121	 	0.0336001	 	
1590000	-1.99579	 	15.9664	 	0.00490786	 	3.99298	 	0.998594	 	13270	 	0.00422417	 	0.0335896	 	
1600000	-1.99578	 	15.9663	 	0.000854063	 	3.99296	 	0.998588	 	13390	 	0.0042464	 	0.0337088	 	
1610000	-1.99578	 	15.9662	 	-0.00374845	 	3.99295	 	0.998586	 	13490	 	0.00425535	 	0.0337373	 	
1620000	-1.99579	 	15.9663	 	-0.00427284	 	3.99297	 	0.99859	 	13534	 	0.00424513	 	0.0336377	 	
1630000	-1.99578	 	15.9663	 	-0.00769755	 	3.99296	 	0.998588	 	13640	 	0.00424969	 	0.0336859	 	
1640000	-1.9958	 	15.9664	 	-0.0130436	 	3.99298	 	0.998592	 	13684	 	0.00423415	 	0.0335878	 	
1650000	-1.9958	 	15.9664	 	-0.00741909	 	3.99299	 	0.998595	 	13730	 	0.00422181	 	0.0335392	 	
1660000	-1.99581	 	15.9665	 	-0.00460994	 	3.993	 	0.998597	 	13798	 	0.00422044	 	0.0334911	 	
1670000	-1.99582	 	15.9666	 	-0.00365898	 	3.99302	 	0.9986	 	13860	 	0.00420833	 	0.033415	 	
1680000	-1.99583	 	15.9667	 	-0.00783006	 	3.99305	 	0.998606	 	13886	 	0.00419401	 	0.0332735	 	
1690000	-1.99585	 	15.9668	 	-0.00972544	 	3.99308	 	0.998612	 	13926	 	0.00417336	 	0.033143	 	
1700000	-1.99584	 	15.9668	 	-0.0148459	 	3.99306	 	0.998609	 	14048	 	0.00418402	 	0.0332015	 	
1710000	-1.99584	 	15.9667	 	-0.0135716	 	3.99306	 	0.998608	 	14150	 	0.00418465	 	0.0332407	 	
1720000	-1.99582	 	15.9666	 	-0.0105855	 	3.99302	 	0.998601	 	14302	 	0.00421077	 	0.0333813	 	
1730000	-1.99582	 	15.9666	 	-0.00818642	 	3.99303	 	0.998601	 	14390	 	0.00420778	 	0.0333637	 	
1740000	-1.99583	 	15.9666	 	-0.00483793	 	3.99304	 	0.998603	 	14458	 	0.00420484	 	0.0333189	 	
1750000	-1.99583	 	15.9667	 	-0.00585	 	3.99304	 	0.998604	 	14538	 	0.00420306	 	0.0332928	 	
1760000	-1.99584	 	15.9668	 	-0.00718153	 	3.99306	 	0.998608	 	14592	 	0.00419054	 	0.0332036	 	
1770000	-1.99586	 	15.9669	 	-0.00672599	 	3.99308	 	0.998612	 	14640	 	0.00417535	 	0.0330974	 	
1780000	-1.99587	 	15.9669	 	-0.0104402	 	3.9931	 	0.998616	 	14682	 	0.00416256	 	0.0330282	 	
1790000	-1.99586	 	15.9669	 	-0.00901061	 	3.9931	 	0.998616	 	14764	 	0.00415994	 	0.0330399	 	
1800000	-1.99586	 	15.9669	 	-0.0103192	 	3.99309	 	0.998615	 	14848	 	0.004164	 	0.0330515	 	
1810000	-1.99587	 	15.967	 	-0.0157809	 	3.99311	 	0.998618	 	14898	 	0.00415534	 	0.0329925	 	
1820000	-1.99588	 	15.967	 	-0.0152462	 	3.99312	 	0.998621	 	14954	 	0.00414514	 	0.0329342	 	
1830000	-1.99588	 	15.9671	 	-0.0148385	 	3.99312	 	0.998622	 	15024	 	0.00414377	 	0.0329113	 	
1840000	-1.99586	 	15.9669	 	-0.0143489	 	3.9931	 	0.998616	 	15144	 	0.00415973	 	0.0330359	 	
1850000	-1.99587	 	15.967	 	-0.0151922	 	3.99311	 	0.998619	 	15204	 	0.00414966	 	0.0330041	 	
1860000	-1.99587	 	15.967	 	-0.013007	 	3.99311	 	0.998619	 	15302	 	0.00414721	 	0.0329898	 	
1870000	-1.99588	 	15.9671	 	-0.0130067	 	3.99313	 	0.998624	 	15342	 	0.004132	 	0.0328734	 	
1880000	-1.9959	 	15.9672	 	-0.00762101	 	3.99316	 	0.998629	 	15386	 	0.00411642	 	0.0327752	 	
1890000	-1.9959	 	15.9672	 	-0.00470582	 	3.99316	 	0.998631	 	15452	 	0.00410996	 	0.0327455	 	
1900000	-1.99589	 	15.9672	 	-0.00425816	 	3.99315	 	0.99863	 	15560	 	0.00410881	 	0.0327999	 	
1910000	-1.9959	 	15.9672	 	-0.00913298	 	3.99317	 	0.998633	 	15602	 	0.00409933	 	0.0327203	 	
1920000	-1.9959	 	15.9672	 	-0.0133977	 	3.99317	 	0.998632	 	15692	 	0.00410449	 	0.0327245	 	
1930000	-1.9959	 	15.9672	 	-0.0135938	 	3.99316	 	0.99863	 	15784	 	0.0041127	 	0.0327535	 	
1940000	-1.99589	 	15.9672	 	-0.00949716	 	3.99315	 	0.998629	 	15880	 	0.00411567	 	0.0327985	 	
1950000	-1.99589	 	15.9671	 	-0.00921026	 	3.99315	 	0.998628	 	15974	 	0.0041176	 	0.0328268	 	
1960000	-1.99589	 	15.9671	 	-0.0123747	 	3.99315	 	0.998627	 	16054	 	0.0041195	 	0.0328304	 	
1970000	-1.9959	 	15.9672	 	-0.00788756	 	3.99316	 	0.99863	 	16116	 	0.00411076	 	0.0327854	 	
1980000	-1.99589	 	15.9671	 	-0.00867753	 	3.99315	 	0.998628	 	16210	 	0.0041152	 	0.0328294	 	
1990000	-1.99589	 	15.9671	 	-0.0067397	 	3.99314	 	0.998627	 	16306	 	0.00411909	 	0.0328409	 	
2000000	-1.99588	 	15.967	 	-0.005816	 	3.99313	 	0.998623	 	16432	 	0.00413442	 	0.0329161	 	
2010000	-1.99587	 	15.967	 	-0.00431343	 	3.99311	 	0.998619	 	16562	 	0.00414759	 	0.0330063	 	
2020000	-1.99587	 	15.9669	 	-0.00552401	 	3.9931	 	0.998617	 	16658	 	0.0041572	 	0.0330168	 	
2030000	-1.99587	 	15.967	 	-0.00547759	 	3.99311	 	0.998618	 	16720	 	0.00415541	 	0.0329879	 	
2040000	-1.99586	 	15.9669	 	-0.00757672	 	3.99308	 	0.998614	 	16850	 	0.00416535	 	0.0330999	 	
2050000	-1.99587	 	15.9669	 	-0.00532073	 	3.9931	 	0.998617	 	16890	 	0.00415479	 	0.0330243	 	
2060000	-1.99587	 	15.967	 	-0.00198519	 	3.99311	 	0.998618	 	16958	 	0.00415692	 	0.0329881	 	
2070000	-1.99587	 	15.967	 	-0.00189155	 	3.99311	 	0.998619	 	17032	 	0.00415324	 	0.0329753	 	
2080000	-1.99587	 	15.967	 	0.000373317	 	3.99311	 	0.998619	 	17112	 	0.0041515	 	0.0329933	 	
2090000	-1.99588	 	15.967	 	0.00146627	 	3.99312	 	0.998621	 	17164	 	0.00414502	 	0.0329349	 	
2100000	-1.99587	 	15.967	 	0.00300476	 	3.99311	 	0.998619	 	17284	 	0.00414951	 	0.0329832	 	
2110000	-1.99588	 	15.9671	 	0.00559645	 	3.99312	 	0.998622	 	17336	 	0.00414075	 	0.0329103	 	
2120000	-1.99588	 	15.967	 	0.00707382	 	3.99312	 	0.998621	 	17432	 	0.00414098	 	0.0329358	 	
2130000	-1.99588	 	15.9671	 	0.00839859	 	3.99313	 	0.998624	 	17506	 	0.00413139	 	0.0328937	 	
2140000	-1.99588	 	15.9671	 	0.00533294	 	3.99313	 	0.998623	 	17596	 	0.00413494	 	0.0329041	 	
2150000	-1.99589	 	15.9672	 	0.00520116	 	3.99315	 	0.998627	 	17630	 	0.00412223	 	0.0328106	 	
2160000	-1.9959	 	15.9672	 	0.00654097	 	3.99315	 	0.998628	 	17692	 	0.00412071	 	0.0327845	 	
2170000	-1.9959	 	15.9672	 	0.00548986	 	3.99315	 	0.998628	 	17768	 	0.0041215	 	0.0327732	 	
2180000	-1.9959	 	15.9672	 	0.00436904	 	3.99316	 	0.99863	 	17838	 	0.00411497	 	0.0327328	 	
2190000	-1.99591	 	15.9673	 	0.0037363	 	3.99317	 	0.998632	 	17902	 	0.00410895	 	0.0327001	 	
2200000	-1.99592	 	15.9674	 	0.00636386	 	3.99319	 	0.998636	 	17928	 	0.00409574	 	0.0325952	 	
2210000	-1.99592	 	15.9673	 	0.00663439	 	3.99319	 	0.998635	 	18018	 	0.00410024	 	0.0326211	 	
2220000	-1.99593	 	15.9674	 	0.0032991	 	3.99321	 	0.998639	 	18056	 	0.00408898	 	0.0325247	 	
2230000	-1.99594	 	15.9675	 	0.00283408	 	3.99323	 	0.998643	 	18092	 	0.00407783	 	0.0324291	 	
2240000	-1.99593	 	15.9674	 	0.000533705	 	3.99321	 	0.998638	 	18206	 	0.00409659	 	0.0325123	 	
2250000	-1.99594	 	15.9675	 	-0.00327311	 	3.99322	 	0.998641	 	18248	 	0.00408639	 	0.0324531	 	
2260000	-1.99593	 	15.9674	 	-0.00301128	 	3.9932	 	0.998638	 	18362	 	0.00409479	 	0.0325213	 	
2270000	-1.99593	 	15.9674	 	0.000404405	 	3.9932	 	0.998638	 	18440	 	0.00409214	 	0.0325398	 	
2280000	-1.99593	 	15.9674	 	0.000278947	 	3.9932	 	0.998637	 	18538	 	0.0040952	 	0.0325441	 	
2290000	-1.99594	 	15.9675	 	0.00259389	 	3.99322	 	0.998641	 	18564	 	0.0040817	 	0.032451	 	
2300000	-1.99594	 	15.9675	 	0.00295435	 	3.99323	 	0.998643	 	18634	 	0.00407698	 	0.0324349	 	
2310000	-1.99594	 	15.9676	 	0.006371	 	3.99323	 	0.998645	 	18690	 	0.00407057	 	0.0323914	 	
2320000	-1.99595	 	15.9676	 	0.00636746	 	3.99324	 	0.998645	 	18752	 	0.00407067	 	0.0323688	 	
2330000	-1.99595	 	15.9676	 	0.00431266	 	3.99325	 	0.998647	 	18818	 	0.00406606	 	0.0323327	 	
2340000	-1.99596	 	15.9677	 	0.00279103	 	3.99325	 	0.998648	 	18896	 	0.00405936	 	0.0323038	 	
2350000	-1.99596	 	15.9677	 	0.00141277	 	3.99327	 	0.998651	 	18950	 	0.00405059	 	0.0322412	 	
2360000	-1.99597	 	15.9678	 	0.00383919	 	3.99328	 	0.998654	 	18990	 	0.00404063	 	0.0321791	 	
2370000	-1.99598	 	15.9678	 	0.00152679	 	3.99329	 	0.998656	 	19050	 	0.00403623	 	0.0321243	 	
2380000	-1.99598	 	15.9679	 	-0.00215546	 	3.99329	 	0.998656	 	19116	 	0.00403732	 	0.0320968	 	
2390000	-1.99598	 	15.9678	 	-0.000212134	 	3.99328	 	0.998654	 	19220	 	0.00404547	 	0.0321428	 	
2400000	-1.99596	 	15.9677	 	-0.00140833	 	3.99327	 	0.99865	 	19344	 	0.00406104	 	0.0322282	 	
2410000	-1.99596	 	15.9677	 	-0.00359834	 	3.99326	 	0.99865	 	19424	 	0.00405827	 	0.0322402	 	
2420000	-1.99597	 	15.9678	 	-0.00589504	 	3.99328	 	0.998653	 	19466	 	0.00404646	 	0.0321665	 	
2430000	-1.99598	 	15.9678	 	-0.00946872	 	3.99329	 	0.998655	 	19532	 	0.00404214	 	0.0321328	 	
2440000	-1.99598	 	15.9678	 	-0.00673955	 	3.99329	 	0.998655	 	19616	 	0.00404154	 	0.0321189	 	
2450000	-1.99598	 	15.9679	 	-0.00524551	 	3.99329	 	0.998656	 	19686	 	0.00403808	 	0.0320987	 	
2460000	-1.99598	 	15.9679	 	-0.00695061	 	3.99329	 	0.998656	 	19752	 	0.00403709	 	0.032098	 	
2470000	-1.99599	 	15.9679	 	-0.00858543	 	3.9933	 	0.998658	 	19804	 	0.00403086	 	0.0320522	 	
2480000	-1.99599	 	15.9679	 	-0.00835403	 	3.9933	 	0.998658	 	19892	 	0.00403151	 	0.0320581	 	
2490000	-1.99598	 	15.9679	 	-0.00637711	 	3.9933	 	0.998657	 	19976	 	0.00403616	 	0.0320705	 	
2500000	-1.99598	 	15.9679	 	-0.00536	 	3.9933	 	0.998656	 	20070	 	0.00404317	 	0.0320827	 	
2510000	-1.99598	 	15.9678	 	-0.00672351	 	3.99328	 	0.998653	 	20182	 	0.00405012	 	0.0321329	 	
2520000	-1.99597	 	15.9678	 	-0.00811488	 	3.99328	 	0.998652	 	20288	 	0.00405344	 	0.0321827	 	
2530000	-1.99598	 	15.9679	 	-0.00839901	 	3.99329	 	0.998655	 	20322	 	0.00404375	 	0.0320998	 	
2540000	-1.99599	 	15.9679	 	-0.0112661	 	3.9933	 	0.998657	 	20378	 	0.00403452	 	0.0320615	 	
2550000	-1.99599	 	15.968	 	-0.0121749	 	3.99331	 	0.99866	 	20426	 	0.00402968	 	0.0319985	 	
2560000	-1.99601	 	15.9681	 	-0.0160324	 	3.99333	 	0.998664	 	20460	 	0.00401786	 	0.0318987	 	
2570000	-1.99601	 	15.9681	 	-0.0198541	 	3.99333	 	0.998663	 	20544	 	0.00401854	 	0.031905	 	
2580000	-1.99601	 	15.9681	 	-0.0215498	 	3.99334	 	0.998665	 	20602	 	0.00401264	 	0.0318805	 	
2590000	-1.99601	 	15.9681	 	-0.0236994	 	3.99334	 	0.998666	 	20672	 	0.00401103	 	0.0318499	 	
2600000	-1.99602	 	15.9682	 	-0.0250438	 	3.99335	 	0.998668	 	20728	 	0.00400521	 	0.0318073	 	
2610000	-1.99602	 	15.9682	 	-0.0272533	 	3.99336	 	0.998668	 	20804	 	0.00400517	 	0.0317834	 	
2620000	-1.99603	 	15.9682	 	-0.0298239	 	3.99337	 	0.99867	 	20856	 	0.00400018	 	0.0317353	 	
2630000	-1.99603	 	15.9683	 	-0.033457	 	3.99338	 	0.998673	 	20906	 	0.00399219	 	0.0316755	 	
2640000	-1.99604	 	15.9683	 	-0.0329938	 	3.99338	 	0.998673	 	20970	 	0.00399107	 	0.0316523	 	
2650000	-1.99604	 	15.9683	 	-0.0347685	 	3.99339	 	0.998673	 	21042	 	0.00399183	 	0.0316414	 	
2660000	-1.99605	 	15.9684	 	-0.0341594	 	3.9934	 	0.998677	 	21080	 	0.00398247	 	0.0315586	 	
2670000	-1.99605	 	15.9684	 	-0.0354315	 	3.99341	 	0.998677	 	21152	 	0.00398401	 	0.0315421	 	
2680000	-1.99605	 	15.9684	 	-0.0355114	 	3.99341	 	0.998677	 	21222	 	0.00398292	 	0.0315376	 	
2690000	-1.99604	 	15.9683	 	-0.0358944	 	3.99339	 	0.998673	 	21362	 	0.0039937	 	0.0316339	 	
2700000	-1.99603	 	15.9683	 	-0.0356598	 	3.99337	 	0.99867	 	21474	 	0.00400737	 	0.0316881	 	
2710000	-1.99602	 	15.9682	 	-0.0347338	 	3.99336	 	0.998668	 	21590	 	0.00401172	 	0.0317538	 	
2720000	-1.99603	 	15.9682	 	-0.0375187	 	3.99337	 	0.998669	 	21642	 	0.00400542	 	0.0317193	 	
2730000	-1.99603	 	15.9682	 	-0.0357005	 	3.99337	 	0.998669	 	21734	 	0.00400501	 	0.0317259	 	
2740000	-1.99604	 	15.9683	 	-0.0347557	 	3.99339	 	0.998673	 	21772	 	0.00399259	 	0.0316452	 	
2750000	-1.99603	 	15.9683	 	-0.0356547	 	3.99337	 	0.998671	 	21896	 	0.00399912	 	0.0316927	 	
2760000	-1.99604	 	15.9683	 	-0.0351228	 	3.99338	 	0.998673	 	21962	 	0.00399295	 	0.0316589	 	
2770000	-1.99604	 	15.9683	 	-0.0360267	 	3.99339	 	0.998674	 	22032	 	0.00398792	 	0.0316254	 	
2780000	-1.99605	 	15.9684	 	-0.0391665	 	3.9934	 	0.998677	 	22074	 	0.00397861	 	0.0315577	 	
2790000	-1.99606	 	15.9685	 	-0.0378577	 	3.99342	 	0.99868	 	22120	 	0.00397009	 	0.0315019	 	
2800000	-1.99606	 	15.9685	 	-0.0358973	 	3.99342	 	0.998682	 	22172	 	0.00396483	 	0.0314636	 	
2810000	-1.99607	 	15.9685	 	-0.0377456	 	3.99343	 	0.998684	 	22224	 	0.00395748	 	0.0314256	 	
2820000	-1.99606	 	15.9685	 	-0.0392789	 	3.99343	 	0.998683	 	22310	 	0.0039615	 	0.0314331	 	
2830000	-1.99607	 	15.9686	 	-0.037908	 	3.99344	 	0.998685	 	22366	 	0.00395598	 	0.0313898	 	
2840000	-1.99606	 	15.9685	 	-0.0386664	 	3.99343	 	0.998683	 	22478	 	0.0039568	 	0.0314478	 	
2850000	-1.99606	 	15.9685	 	-0.0392923	 	3.99343	 	0.998683	 	22564	 	0.00395797	 	0.0314607	 	
2860000	-1.99606	 	15.9685	 	-0.0373678	 	3.99343	 	0.998683	 	22644	 	0.0039574	 	0.0314624	 	
2870000	-1.99606	 	15.9685	 	-0.0358725	 	3.99343	 	0.998683	 	22726	 	0.00395474	 	0.0314641	 	
2880000	-1.99606	 	15.9685	 	-0.0332175	 	3.99343	 	0.998684	 	22808	 	0.00395314	 	0.0314657	 	
2890000	-1.99606	 	15.9685	 	-0.0338542	 	3.99343	 	0.998683	 	22890	 	0.00395396	 	0.0314728	 	
2900000	-1.99607	 	15.9686	 	-0.0366584	 	3.99344	 	0.998686	 	22920	 	0.00394792	 	0.031403	 	
2910000	-1.99607	 	15.9686	 	-0.034816	 	3.99344	 	0.998686	 	22986	 	0.00394533	 	0.0314048	 	
2920000	-1.99607	 	15.9685	 	-0.0348089	 	3.99344	 	0.998685	 	23086	 	0.0039472	 	0.0314285	 	
2930000	-1.99607	 	15.9686	 	-0.03568	 	3.99345	 	0.998688	 	23124	 	0.00393817	 	0.0313595	 	
2940000	-1.99607	 	15.9686	 	-0.0366247	 	3.99345	 	0.998688	 	23218	 	0.00394039	 	0.0313723	 	
2950000	-1.99606	 	15.9685	 	-0.0366814	 	3.99344	 	0.998685	 	23334	 	0.00394766	 	0.0314336	 	
2960000	-1.99606	 	15.9685	 	-0.0398461	 	3.99343	 	0.998684	 	23420	 	0.00395085	 	0.0314461	 	
2970000	-1.99606	 	15.9685	 	-0.0394823	 	3.99342	 	0.998683	 	23520	 	0.00395299	 	0.0314907	 	
2980000	-1.99605	 	15.9684	 	-0.036901	 	3.99342	 	0.998682	 	23620	 	0.00395547	 	0.0315243	 	
2990000	-1.99606	 	15.9685	 	-0.0386697	 	3.99342	 	0.998683	 	23674	 	0.00395259	 	0.0314883	 	
3000000	-1.99606	 	15.9685	 	-0.0390202	 	3.99343	 	0.998686	 	23718	 	0.00394409	 	0.031442	 	
3010000	-1.99606	 	15.9685	 	-0.0400894	 	3.99344	 	0.998686	 	23790	 	0.00394326	 	0.0314384	 	
3020000	-1.99606	 	15.9685	 	-0.0402084	 	3.99343	 	0.998685	 	23874	 	0.00394573	 	0.03144	 	
3030000	-1.99606	 	15.9685	 	-0.0403908	 	3.99343	 	0.998685	 	23970	 	0.00394424	 	0.0314416	 	
3040000	-1.99607	 	15.9686	 	-0.0372066	 	3.99344	 	0.998687	 	24014	 	0.00393785	 	0.0313961	 	
3050000	-1.99607	 	15.9686	 	-0.0353134	 	3.99345	 	0.998689	 	24066	 	0.00393345	 	0.0313508	 	
3060000	-1.99608	 	15.9686	 	-0.0359332	 	3.99346	 	0.99869	 	24134	 	0.00393137	 	0.0313267	 	
3070000	-1.99608	 	15.9687	 	-0.0383969	 	3.99346	 	0.998691	 	24194	 	0.00392833	 	0.0313027	 	
3080000	-1.99608	 	15.9687	 	-0.0395399	 	3.99346	 	0.998691	 	24260	 	0.00393016	 	0.0312944	 	
3090000	-1.99608	 	15.9686	 	-0.039777	 	3.99345	 	0.998688	 	24384	 	0.00394328	 	0.0313275	 	
3100000	-1.99608	 	15.9686	 	-0.0394619	 	3.99345	 	0.998687	 	24462	 	0.00394665	 	0.0313448	 	
3110000	-1.99607	 	15.9686	 	-0.0378566	 	3.99345	 	0.998687	 	24556	 	0.00394487	 	0.031357	 	
3120000	-1.99608	 	15.9686	 	-0.0392301	 	3.99346	 	0.998688	 	24616	 	0.00394312	 	0.0313231	 	
3130000	-1.99608	 	15.9687	 	-0.0402411	 	3.99346	 	0.998689	 	24676	 	0.0039385	 	0.0313047	 	
3140000	-1.99608	 	15.9687	 	-0.0413003	 	3.99346	 	0.99869	 	24750	 	0.00393645	 	0.0312965	 	
3150000	-1.99608	 	15.9687	 	-0.0433686	 	3.99347	 	0.998691	 	24814	 	0.00393283	 	0.0312783	 	
3160000	-1.99608	 	15.9686	 	-0.0418402	 	3.99346	 	0.998689	 	24916	 	0.00394186	 	0.0313107	 	
3170000	-1.99607	 	15.9686	 	-0.0425219	 	3.99344	 	0.998686	 	25040	 	0.00394924	 	0.031378	 	
3180000	-1.99607	 	15.9686	 	-0.0417796	 	3.99345	 	0.998686	 	25114	 	0.00394656	 	0.0313748	 	
3190000	-1.99607	 	15.9686	 	-0.0390234	 	3.99344	 	0.998686	 	25202	 	0.00394827	 	0.0313815	 	
3200000	-1.99607	 	15.9686	 	-0.0378139	 	3.99344	 	0.998686	 	25280	 	0.00394778	 	0.0313832	 	
3210000	-1.99607	 	15.9685	 	-0.0395322	 	3.99344	 	0.998685	 	25372	 	0.00394916	 	0.0314148	 	
3220000	-1.99607	 	15.9685	 	-0.0403562	 	3.99344	 	0.998685	 	25446	 	0.00395209	 	0.0314114	 	
3230000	-1.99606	 	15.9685	 	-0.0400854	 	3.99343	 	0.998682	 	25572	 	0.00396209	 	0.0314624	 	
3240000	-1.99605	 	15.9684	 	-0.03991	 	3.9934	 	0.998678	 	25726	 	0.00397603	 	0.0315622	 	
3250000	-1.99605	 	15.9684	 	-0.0409702	 	3.99341	 	0.998679	 	25786	 	0.00396964	 	0.031529	 	
3260000	-1.99604	 	15.9684	 	-0.0403936	 	3.9934	 	0.998676	 	25910	 	0.00398011	 	0.031589	 	
3270000	-1.99605	 	15.9684	 	-0.0387885	 	3.99341	 	0.998679	 	25954	 	0.00397253	 	0.0315364	 	
3280000	-1.99605	 	15.9684	 	-0.0390546	 	3.99341	 	0.99868	 	26014	 	0.00396925	 	0.0315231	 	
3290000	-1.99606	 	15.9685	 	-0.0371304	 	3.99342	 	0.998681	 	26066	 	0.00396386	 	0.0314904	 	
3300000	-1.99606	 	15.9685	 	-0.0376683	 	3.99342	 	0.998682	 	26136	 	0.00396123	 	0.0314724	 	
3310000	-1.99606	 	15.9685	 	-0.0353841	 	3.99343	 	0.998683	 	26202	 	0.00395832	 	0.0314353	 	
3320000	-1.99606	 	15.9685	 	-0.0346146	 	3.99342	 	0.998681	 	26316	 	0.00396383	 	0.0314752	 	
3330000	-1.99606	 	15.9685	 	-0.0322806	 	3.99343	 	0.998682	 	26378	 	0.00395972	 	0.0314623	 	
3340000	-1.99607	 	15.9685	 	-0.0318018	 	3.99343	 	0.998684	 	26426	 	0.00395236	 	0.0314255	 	
3350000	-1.99606	 	15.9685	 	-0.0330051	 	3.99343	 	0.998683	 	26532	 	0.00395963	 	0.0314508	 	
3360000	-1.99606	 	15.9685	 	-0.0334915	 	3.99342	 	0.998682	 	26626	 	0.00396299	 	0.0314712	 	
3370000	-1.99606	 	15.9685	 	-0.0347131	 	3.99343	 	0.998683	 	26694	 	0.00395627	 	0.0314442	 	
3380000	-1.99606	 	15.9685	 	-0.0353416	 	3.99342	 	0.998682	 	26790	 	0.00395785	 	0.0314787	 	
3390000	-1.99606	 	15.9685	 	-0.034467	 	3.99343	 	0.998685	 	26824	 	0.0039506	 	0.0314283	 	
3400000	-1.99606	 	15.9685	 	-0.0338653	 	3.99343	 	0.998685	 	26902	 	0.00395014	 	0.0314298	 	
3410000	-1.99606	 	15.9685	 	-0.0337199	 	3.99343	 	0.998683	 	27006	 	0.00395553	 	0.0314687	 	
3420000	-1.99607	 	15.9685	 	-0.0319732	 	3.99344	 	0.998685	 	27058	 	0.00394835	 	0.0314188	 	
3430000	-1.99607	 	15.9686	 	-0.0294028	 	3.99344	 	0.998686	 	27110	 	0.00394383	 	0.0313971	 	
3440000	-1.99607	 	15.9685	 	-0.0304078	 	3.99344	 	0.998685	 	27204	 	0.00394832	 	0.0314079	 	
3450000	-1.99607	 	15.9686	 	-0.0298407	 	3.99345	 	0.998688	 	27246	 	0.00394065	 	0.0313632	 	
3460000	-1.99608	 	15.9687	 	-0.0288042	 	3.99346	 	0.998691	 	27270	 	0.00393158	 	0.0312958	 	
3470000	-1.99607	 	15.9686	 	-0.0295788	 	3.99345	 	0.998688	 	27378	 	0.00393865	 	0.0313482	 	
3480000	-1.99607	 	15.9686	 	-0.0273599	 	3.99344	 	0.998686	 	27492	 	0.00394568	 	0.0313865	 	
3490000	-1.99607	 	15.9686	 	-0.0281367	 	3.99344	 	0.998686	 	27566	 	0.00394839	 	0.0313972	 	
3500000	-1.99607	 	15.9686	 	-0.0282177	 	3.99344	 	0.998686	 	27632	 	0.00394909	 	0.031376	 	
3510000	-1.99606	 	15.9685	 	-0.0261546	 	3.99343	 	0.998684	 	27758	 	0.00395461	 	0.0314321	 	
3520000	-1.99606	 	15.9685	 	-0.0260188	 	3.99343	 	0.998684	 	27826	 	0.0039533	 	0.0314335	 	
3530000	-1.99607	 	15.9686	 	-0.0268217	 	3.99344	 	0.998687	 	27854	 	0.00394522	 	0.0313807	 	
3540000	-1.99608	 	15.9686	 	-0.0265312	 	3.99345	 	0.998688	 	27914	 	0.00394255	 	0.0313463	 	
3550000	-1.99607	 	15.9685	 	-0.0267837	 	3.99343	 	0.998684	 	28050	 	0.00395533	 	0.0314243	 	
3560000	-1.99607	 	15.9686	 	-0.0257483	 	3.99344	 	0.998686	 	28088	 	0.00395039	 	0.0313944	 	
3570000	-1.99606	 	15.9685	 	-0.0260803	 	3.99343	 	0.998684	 	28204	 	0.00395637	 	0.031445	 	
3580000	-1.99606	 	15.9685	 	-0.0266383	 	3.99343	 	0.998684	 	28274	 	0.00395508	 	0.0314464	 	
3590000	-1.99607	 	15.9686	 	-0.0277604	 	3.99345	 	0.998687	 	28292	 	0.0039463	 	0.0313812	 	
3600000	-1.99608	 	15.9686	 	-0.0260762	 	3.99345	 	0.998688	 	28348	 	0.00394172	 	0.0313562	 	
3610000	-1.99607	 	15.9686	 	-0.0273807	 	3.99345	 	0.998688	 	28422	 	0.0039391	 	0.0313622	 	
3620000	-1.99608	 	15.9686	 	-0.0252014	 	3.99346	 	0.99869	 	28470	 	0.00393346	 	0.0313329	 	
3630000	-1.99608	 	15.9687	 	-0.0224023	 	3.99347	 	0.998691	 	28520	 	0.00392841	 	0.0312995	 	
3640000	-1.99608	 	15.9687	 	-0.021954	 	3.99347	 	0.998691	 	28598	 	0.00392859	 	0.0312969	 	
3650000	-1.99608	 	15.9687	 	-0.0213562	 	3.99347	 	0.998692	 	28656	 	0.00392686	 	0.0312768	 	
3660000	-1.99609	 	15.9687	 	-0.0204485	 	3.99348	 	0.998694	 	28694	 	0.00392077	 	0.0312394	 	
3670000	-1.99609	 	15.9687	 	-0.0215857	 	3.99348	 	0.998694	 	28762	 	0.00392206	 	0.0312283	 	
3680000	-1.99609	 	15.9688	 	-0.0207755	 	3.99348	 	0.998695	 	28842	 	0.00391819	 	0.0312129	 	
3690000	-1.9961	 	15.9688	 	-0.020806	 	3.99349	 	0.998696	 	28900	 	0.00391461	 	0.0311889	 	
3700000	-1.99609	 	15.9687	 	-0.0213354	 	3.99348	 	0.998695	 	29012	 	0.00391481	 	0.0312254	 	
3710000	-1.99609	 	15.9688	 	-0.0196034	 	3.99349	 	0.998696	 	29072	 	0.00391045	 	0.0312015	 	
3720000	-1.99609	 	15.9688	 	-0.0183657	 	3.99349	 	0.998696	 	29166	 	0.00391389	 	0.0312121	 	
3730000	-1.99608	 	15.9687	 	-0.0164794	 	3.99347	 	0.998692	 	29340	 	0.00392613	 	0.0312995	 	
3740000	-1.99608	 	15.9687	 	-0.0159584	 	3.99347	 	0.998692	 	29418	 	0.00392764	 	0.0312926	 	
3750000	-1.99609	 	15.9687	 	-0.0167333	 	3.99347	 	0.998692	 	29486	 	0.00392596	 	0.0312731	 	
3760000	-1.99609	 	15.9687	 	-0.0184797	 	3.99348	 	0.998694	 	29530	 	0.00391898	 	0.0312325	 	
3770000	-1.99609	 	15.9688	 	-0.0176207	 	3.99349	 	0.998695	 	29590	 	0.00391521	 	0.0312048	 	
3780000	-1.9961	 	15.9688	 	-0.0159929	 	3.99349	 	0.998697	 	29650	 	0.00391173	 	0.0311687	 	
3790000	-1.9961	 	15.9688	 	-0.0159354	 	3.99349	 	0.998696	 	29748	 	0.00391194	 	0.0311918	 	
3800000	-1.9961	 	15.9688	 	-0.0172909	 	3.9935	 	0.998699	 	29770	 	0.00390454	 	0.0311434	 	
3810000	-1.9961	 	15.9689	 	-0.0189327	 	3.99351	 	0.9987	 	29830	 	0.00390163	 	0.0311162	 	
3820000	-1.9961	 	15.9688	 	-0.016883	 	3.9935	 	0.998699	 	29916	 	0.00390266	 	0.0311267	 	
3830000	-1.99611	 	15.9689	 	-0.0164649	 	3.99351	 	0.998701	 	29958	 	0.00389743	 	0.0310872	 	
3840000	-1.99611	 	15.9689	 	-0.0147685	 	3.99352	 	0.998702	 	30020	 	0.00389378	 	0.0310604	 	
3850000	-1.99611	 	15.9689	 	-0.0143142	 	3.99352	 	0.998702	 	30094	 	0.00389378	 	0.0310544	 	
3860000	-1.99611	 	15.9689	 	-0.0160825	 	3.99352	 	0.998702	 	30188	 	0.00389456	 	0.0310608	 	
3870000	-1.99612	 	15.969	 	-0.0170216	 	3.99353	 	0.998704	 	30214	 	0.00388657	 	0.0310136	 	
3880000	-1.99612	 	15.969	 	-0.0182822	 	3.99353	 	0.998705	 	30278	 	0.00388299	 	0.0309872	 	
3890000	-1.99612	 	15.969	 	-0.0194031	 	3.99353	 	0.998705	 	30348	 	0.00388327	 	0.0309856	 	
3900000	-1.99612	 	15.969	 	-0.0215133	 	3.99354	 	0.998706	 	30398	 	0.003881	 	0.0309676	 	
3910000	-1.99611	 	15.9689	 	-0.0220967	 	3.99352	 	0.998703	 	30548	 	0.00389096	 	0.0310597	 	
3920000	-1.99612	 	15.9689	 	-0.0217165	 	3.99352	 	0.998704	 	30592	 	0.00388741	 	0.0310335	 	
3930000	-1.99612	 	15.969	 	-0.0200959	 	3.99353	 	0.998705	 	30652	 	0.00388388	 	0.0310074	 	
3940000	-1.99612	 	15.969	 	-0.0196165	 	3.99353	 	0.998705	 	30716	 	0.00388314	 	0.0309896	 	
3950000	-1.99612	 	15.969	 	-0.0195439	 	3.99354	 	0.998706	 	30782	 	0.00388014	 	0.0309718	 	
3960000	-1.99612	 	15.969	 	-0.0219605	 	3.99354	 	0.998707	 	30860	 	0.00387538	 	0.0309742	 	
3970000	-1.99612	 	15.969	 	-0.0209372	 	3.99353	 	0.998705	 	30976	 	0.00388271	 	0.0310128	 	
3980000	-1.99612	 	15.9689	 	-0.0211666	 	3.99352	 	0.998704	 	31090	 	0.00388725	 	0.0310311	 	
3990000	-1.99612	 	15.9689	 	-0.0224999	 	3.99352	 	0.998703	 	31168	 	0.00388977	 	0.0310294	 	
4000000	-1.99612	 	15.969	 	-0.0228289	 	3.99353	 	0.998704	 	31220	 	0.00388704	 	0.0310038	 	
4010000	-1.99612	 	15.969	 	-0.0232667	 	3.99354	 	0.998706	 	31266	 	0.00388183	 	0.0309743	 	
4020000	-1.99612	 	15.969	 	-0.0224007	 	3.99353	 	0.998704	 	31376	 	0.00388731	 	0.0310203	 	
4030000	-1.99612	 	15.969	 	-0.0213996	 	3.99353	 	0.998705	 	31442	 	0.00388634	 	0.0309988	 	
4040000	-1.99612	 	15.969	 	-0.020396	 	3.99354	 	0.998706	 	31486	 	0.00388291	 	0.0309617	 	
4050000	-1.99613	 	15.969	 	-0.0215169	 	3.99354	 	0.998707	 	31540	 	0.00387949	 	0.0309366	 	
4060000	-1.99613	 	15.969	 	-0.02144	 	3.99354	 	0.998707	 	31602	 	0.00387977	 	0.0309233	 	
4070000	-1.99613	 	15.969	 	-0.0205425	 	3.99354	 	0.998707	 	31680	 	0.00388078	 	0.0309219	 	
4080000	-1.99612	 	15.969	 	-0.0210342	 	3.99353	 	0.998705	 	31818	 	0.00388667	 	0.0309986	 	
4090000	-1.99611	 	15.9689	 	-0.0199582	 	3.99352	 	0.998703	 	31930	 	0.00389302	 	0.031036	 	
4100000	-1.99611	 	15.9689	 	-0.018565	 	3.99352	 	0.998701	 	32030	 	0.00389886	 	0.0310537	 	
4110000	-1.99611	 	15.9689	 	-0.0191106	 	3.99352	 	0.998701	 	32116	 	0.00389958	 	0.0310597	 	
4120000	-1.99611	 	15.9689	 	-0.0178171	 	3.99352	 	0.998701	 	32188	 	0.00389835	 	0.031058	 	
4130000	-1.99612	 	15.9689	 	-0.0164397	 	3.99352	 	0.998703	 	32232	 	0.00389351	 	0.0310215	 	
4140000	-1.99612	 	15.969	 	-0.0182345	 	3.99353	 	0.998704	 	32294	 	0.00389183	 	0.0310006	 	
4150000	-1.99612	 	15.969	 	-0.0184996	 	3.99353	 	0.998704	 	32366	 	0.00388991	 	0.030976	 	
4160000	-1.99613	 	15.969	 	-0.0208576	 	3.99354	 	0.998706	 	32404	 	0.00388393	 	0.0309323	 	
4170000	-1.99613	 	15.969	 	-0.0212125	 	3.99354	 	0.998706	 	32502	 	0.00388347	 	0.0309424	 	
4180000	-1.99613	 	15.969	 	-0.0217309	 	3.99354	 	0.998707	 	32558	 	0.0038804	 	0.0309219	 	
4190000	-1.99612	 	15.969	 	-0.022231	 	3.99353	 	0.998705	 	32688	 	0.00388732	 	0.0309814	 	
4200000	-1.99612	 	15.969	 	-0.0241026	 	3.99353	 	0.998705	 	32774	 	0.0038871	 	0.030995	 	
4210000	-1.99612	 	15.9689	 	-0.0250356	 	3.99352	 	0.998703	 	32876	 	0.00389493	 	0.0310238	 	
4220000	-1.99612	 	15.9689	 	-0.0241198	 	3.99352	 	0.998702	 	32978	 	0.00389587	 	0.0310335	 	
4230000	-1.99612	 	15.9689	 	-0.0256067	 	3.99352	 	0.998703	 	33048	 	0.00389421	 	0.0310243	 	
4240000	-1.99612	 	15.969	 	-0.0246946	 	3.99353	 	0.998703	 	33114	 	0.00389233	 	0.0310114	 	
4250000	-1.99611	 	15.9689	 	-0.0257796	 	3.99352	 	0.998702	 	33230	 	0.00389843	 	0.0310361	 	
4260000	-1.99611	 	15.9689	 	-0.0255987	 	3.99351	 	0.998701	 	33348	 	0.00389959	 	0.0310719	 	
4270000	-1.99611	 	15.9689	 	-0.0277833	 	3.99352	 	0.998702	 	33402	 	0.00389747	 	0.031044	 	
4280000	-1.99611	 	15.9689	 	-0.029129	 	3.99351	 	0.9987	 	33500	 	0.00390166	 	0.0310722	 	
4290000	-1.99611	 	15.9689	 	-0.0289786	 	3.99351	 	0.998701	 	33568	 	0.00389861	 	0.0310631	 	
4300000	-1.99611	 	15.9689	 	-0.0283698	 	3.99351	 	0.998701	 	33646	 	0.00390069	 	0.0310688	 	
4310000	-1.99611	 	15.9689	 	-0.0285268	 	3.99351	 	0.998699	 	33746	 	0.00390391	 	0.0311041	 	
4320000	-1.99611	 	15.9689	 	-0.0274878	 	3.99351	 	0.998699	 	33808	 	0.00390411	 	0.0311023	 	
4330000	-1.99611	 	15.9689	 	-0.0260415	 	3.99351	 	0.9987	 	33876	 	0.00390386	 	0.0310932	 	
4340000	-1.99611	 	15.9689	 	-0.0257381	 	3.99351	 	0.998699	 	33954	 	0.00390406	 	0.0311025	 	
4350000	-1.99611	 	15.9689	 	-0.0265936	 	3.99351	 	0.9987	 	34030	 	0.00390037	 	0.0310934	 	
4360000	-1.9961	 	15.9688	 	-0.0249286	 	3.9935	 	0.998699	 	34148	 	0.00390492	 	0.0311283	 	
4370000	-1.9961	 	15.9689	 	-0.0240634	 	3.9935	 	0.998699	 	34208	 	0.00390444	 	0.0311155	 	
4380000	-1.9961	 	15.9688	 	-0.024397	 	3.9935	 	0.998697	 	34308	 	0.00391148	 	0.0311465	 	
4390000	-1.9961	 	15.9688	 	-0.0236541	 	3.9935	 	0.998698	 	34356	 	0.00390826	 	0.0311229	 	
4400000	-1.9961	 	15.9688	 	-0.0244516	 	3.9935	 	0.998698	 	34448	 	0.00390777	 	0.031132	 	
4410000	-1.9961	 	15.9688	 	-0.0247913	 	3.9935	 	0.998699	 	34510	 	0.00390593	 	0.0311193	 	
4420000	-1.9961	 	15.9688	 	-0.0243885	 	3.9935	 	0.998698	 	34622	 	0.0039095	 	0.03115	 	
4430000	-1.9961	 	15.9688	 	-0.022137	 	3.9935	 	0.998698	 	34702	 	0.00390969	 	0.0311482	 	
4440000	-1.9961	 	15.9688	 	-0.0226157	 	3.99349	 	0.998697	 	34800	 	0.00391055	 	0.0311679	 	
4450000	-1.9961	 	15.9688	 	-0.0224776	 	3.9935	 	0.998698	 	34858	 	0.0039085	 	0.0311518	 	
4460000	-1.9961	 	15.9688	 	-0.0234416	 	3.99349	 	0.998697	 	34950	 	0.0039145	 	0.0311571	 	
4470000	-1.9961	 	15.9688	 	-0.0220359	 	3.99349	 	0.998697	 	35018	 	0.00391468	 	0.0311553	 	
4480000	-1.9961	 	15.9688	 	-0.0202777	 	3.9935	 	0.998697	 	35088	 	0.0039133	 	0.0311392	 	
4490000	-1.9961	 	15.9688	 	-0.0181546	 	3.99349	 	0.998696	 	35200	 	0.00391569	 	0.0311729	 	
4500000	-1.9961	 	15.9688	 	-0.0167778	 	3.9935	 	0.998697	 	35256	 	0.00391321	 	0.0311498	 	
4510000	-1.9961	 	15.9688	 	-0.0175988	 	3.9935	 	0.998697	 	35334	 	0.00391184	 	0.0311445	 	
4520000	-1.9961	 	15.9688	 	-0.0181608	 	3.99349	 	0.998696	 	35454	 	0.00391576	 	0.0311709	 	
4530000	-1.99609	 	15.9688	 	-0.0184804	 	3.99349	 	0.998695	 	35560	 	0.00391593	 	0.0312008	 	
4540000	-1.99609	 	15.9688	 	-0.019661	 	3.99348	 	0.998694	 	35660	 	0.00391917	 	0.0312164	 	
4550000	-1.99609	 	15.9687	 	-0.0209362	 	3.99348	 	0.998694	 	35756	 	0.00391999	 	0.0312355	 	
4560000	-1.9961	 	15.9688	 	-0.0220706	 	3.99349	 	0.998696	 	35794	 	0.00391425	 	0.0311916	 	
4570000	-1.99609	 	15.9687	 	-0.0232409	 	3.99348	 	0.998693	 	35926	 	0.00392315	 	0.0312456	 	
4580000	-1.99609	 	15.9687	 	-0.0239703	 	3.99347	 	0.998692	 	36016	 	0.00392722	 	0.0312645	 	
4590000	-1.99609	 	15.9687	 	-0.0230344	 	3.99347	 	0.998693	 	36078	 	0.00392606	 	0.0312521	 	
4600000	-1.99608	 	15.9687	 	-0.0233588	 	3.99347	 	0.998691	 	36190	 	0.00393119	 	0.0312778	 	
4610000	-1.99608	 	15.9686	 	-0.0235769	 	3.99345	 	0.998688	 	36338	 	0.00394084	 	0.0313449	 	
4620000	-1.99608	 	15.9686	 	-0.0230947	 	3.99346	 	0.998689	 	36408	 	0.00394009	 	0.0313289	 	
4630000	-1.99608	 	15.9687	 	-0.0236829	 	3.99346	 	0.99869	 	36456	 	0.00393526	 	0.031289	 	
4640000	-1.99609	 	15.9687	 	-0.0234781	 	3.99347	 	0.998692	 	36490	 	0.00393001	 	0.0312526	 	
4650000	-1.99609	 	15.9687	 	-0.0215468	 	3.99348	 	0.998693	 	36558	 	0.00392628	 	0.0312403	 	
4660000	-1.99609	 	15.9687	 	-0.0215433	 	3.99348	 	0.998694	 	36614	 	0.00392279	 	0.0312213	 	
4670000	-1.99609	 	15.9688	 	-0.022217	 	3.99348	 	0.998694	 	36702	 	0.00392273	 	0.031216	 	
4680000	-1.99609	 	15.9687	 	-0.0204693	 	3.99348	 	0.998693	 	36802	 	0.0039233	 	0.0312312	 	
4690000	-1.99609	 	15.9687	 	-0.0205136	 	3.99347	 	0.998693	 	36900	 	0.00392451	 	0.0312565	 	
4700000	-1.99609	 	15.9687	 	-0.0207355	 	3.99347	 	0.998693	 	36980	 	0.00392253	 	0.0312511	 	
4710000	-1.99609	 	15.9687	 	-0.0190116	 	3.99347	 	0.998693	 	37070	 	0.00392416	 	0.0312526	 	
4720000	-1.99608	 	15.9687	 	-0.0182524	 	3.99347	 	0.998691	 	37192	 	0.00392938	 	0.031281	 	
4730000	-1.99608	 	15.9686	 	-0.0185513	 	3.99346	 	0.99869	 	37304	 	0.0039333	 	0.0313195	 	
4740000	-1.99608	 	15.9687	 	-0.0191665	 	3.99346	 	0.998691	 	37372	 	0.00393027	 	0.0313073	 	
4750000	-1.99609	 	15.9687	 	-0.0176986	 	3.99347	 	0.998692	 	37406	 	0.003926	 	0.031265	 	
4760000	-1.99609	 	15.9687	 	-0.0171188	 	3.99347	 	0.998693	 	37474	 	0.00392573	 	0.0312564	 	
4770000	-1.99608	 	15.9687	 	-0.0171416	 	3.99346	 	0.99869	 	37614	 	0.00393088	 	0.0313146	 	
4780000	-1.99608	 	15.9686	 	-0.0171308	 	3.99346	 	0.99869	 	37712	 	0.00393205	 	0.0313293	 	
4790000	-1.99608	 	15.9687	 	-0.0163288	 	3.99347	 	0.998691	 	37754	 	0.00392801	 	0.0312906	 	
4800000	-1.99608	 	15.9687	 	-0.0159877	 	3.99346	 	0.998691	 	37852	 	0.00392939	 	0.0313085	 	
4810000	-1.99609	 	15.9687	 	-0.0170647	 	3.99347	 	0.998693	 	37886	 	0.00392455	 	0.0312668	 	
4820000	-1.99609	 	15.9687	 	-0.0179223	 	3.99347	 	0.998693	 	37954	 	0.00392491	 	0.0312582	 	
4830000	-1.99609	 	15.9687	 	-0.0159382	 	3.99347	 	0.998693	 	38034	 	0.00392381	 	0.0312564	 	
4840000	-1.99609	 	15.9687	 	-0.0166031	 	3.99348	 	0.998693	 	38112	 	0.00392251	 	0.0312413	 	
4850000	-1.99609	 	15.9687	 	-0.0165825	 	3.99347	 	0.998692	 	38218	 	0.00392553	 	0.0312657	 	
4860000	-1.99608	 	15.9687	 	-0.016233	 	3.99347	 	0.998692	 	38310	 	0.00392834	 	0.0312769	 	
4870000	-1.99608	 	15.9687	 	-0.0169401	 	3.99346	 	0.998691	 	38414	 	0.00393092	 	0.0313045	 	
4880000	-1.99608	 	15.9686	 	-0.0171422	 	3.99346	 	0.99869	 	38528	 	0.00393329	 	0.0313384	 	
4890000	-1.99608	 	15.9686	 	-0.018764	 	3.99346	 	0.99869	 	38600	 	0.0039326	 	0.0313331	 	
4900000	-1.99608	 	15.9687	 	-0.0172578	 	3.99347	 	0.998692	 	38622	 	0.00392622	 	0.0312856	 	
4910000	-1.99608	 	15.9687	 	-0.0183549	 	3.99347	 	0.998692	 	38698	 	0.00392696	 	0.0312934	 	
4920000	-1.99608	 	15.9686	 	-0.0179945	 	3.99346	 	0.99869	 	38828	 	0.00393256	 	0.03134	 	
4930000	-1.99608	 	15.9686	 	-0.0189813	 	3.99346	 	0.99869	 	38882	 	0.00393107	 	0.0313219	 	
4940000	-1.99608	 	15.9686	 	-0.0193647	 	3.99346	 	0.99869	 	38972	 	0.0039314	 	0.0313231	 	
4950000	-1.99608	 	15.9686	 	-0.0192493	 	3.99346	 	0.99869	 	39058	 	0.00393172	 	0.0313243	 	
4960000	-1.99608	 	15.9687	 	-0.0207822	 	3.99346	 	0.998691	 	39130	 	0.00393004	 	0.0313127	 	
4970000	-1.99608	 	15.9687	 	-0.0224136	 	3.99347	 	0.998692	 	39176	 	0.00392495	 	0.0312851	 	
4980000	-1.99608	 	15.9687	 	-0.0230352	 	3.99347	 	0.998692	 	39262	 	0.00392669	 	0.0312896	 	
4990000	-1.99608	 	15.9687	 	-0.0229099	 	3.99346	 	0.998691	 	39344	 	0.00392762	 	0.0313005	 	
5000000	-1.99608	 	15.9687	 	-0.0210927	 	3.99347	 	0.998692	 	39400	 	0.00392576	 	0.0312858	 	
5010000	-1.99608	 	15.9687	 	-0.0215047	 	3.99347	 	0.998693	 	39468	 	0.00392231	 	0.0312744	 	
5020000	-1.99608	 	15.9687	 	-0.0210966	 	3.99347	 	0.998692	 	39550	 	0.00392384	 	0.0312757	 	
5030000	-1.99609	 	15.9687	 	-0.0199394	 	3.99347	 	0.998693	 	39614	 	0.003922	 	0.0312517	 	
5040000	-1.99609	 	15.9687	 	-0.0197147	 	3.99347	 	0.998693	 	39702	 	0.00392332	 	0.0312689	 	
5050000	-1.99608	 	15.9687	 	-0.0200953	 	3.99347	 	0.998692	 	39800	 	0.00392563	 	0.0312828	 	
5060000	-1.99608	 	15.9686	 	-0.0200288	 	3.99346	 	0.998691	 	39928	 	0.00392812	 	0.0313187	 	
5070000	-1.99608	 	15.9687	 	-0.0208345	 	3.99346	 	0.998691	 	40004	 	0.00392806	 	0.0313137	 	
5080000	-1.99608	 	15.9686	 	-0.0217866	 	3.99346	 	0.99869	 	40094	 	0.00393054	 	0.0313306	 	
5090000	-1.99607	 	15.9686	 	-0.0227773	 	3.99345	 	0.998688	 	40218	 	0.00393713	 	0.0313662	 	
5100000	-1.99607	 	15.9686	 	-0.0220112	 	3.99345	 	0.998687	 	40326	 	0.00393978	 	0.0313861	 	
5110000	-1.99607	 	15.9686	 	-0.0216962	 	3.99344	 	0.998687	 	40428	 	0.00394359	 	0.0313965	 	
5120000	-1.99607	 	15.9686	 	-0.0220602	 	3.99345	 	0.998687	 	40494	 	0.00394311	 	0.0313758	 	
5130000	-1.99607	 	15.9686	 	-0.021722	 	3.99344	 	0.998687	 	40592	 	0.00394359	 	0.0313986	 	
5140000	-1.99607	 	15.9686	 	-0.0215267	 	3.99345	 	0.998687	 	40654	 	0.00394291	 	0.0313842	 	
5150000	-1.99607	 	15.9685	 	-0.0216221	 	3.99344	 	0.998686	 	40766	 	0.00394455	 	0.0314162	 	
5160000	-1.99607	 	15.9686	 	-0.0205124	 	3.99344	 	0.998687	 	40820	 	0.00394271	 	0.0314017	 	
5170000	-1.99607	 	15.9686	 	-0.0203515	 	3.99345	 	0.998688	 	40860	 	0.00393915	 	0.0313781	 	
5180000	-1.99607	 	15.9686	 	-0.0204098	 	3.99345	 	0.998688	 	40954	 	0.0039379	 	0.0313915	 	
5190000	-1.99607	 	15.9686	 	-0.0193465	 	3.99345	 	0.998688	 	41040	 	0.00393666	 	0.0313864	 	
5200000	-1.99607	 	15.9686	 	-0.0182799	 	3.99345	 	0.998688	 	41130	 	0.00393677	 	0.0313936	 	
5210000	-1.99607	 	15.9686	 	-0.0190956	 	3.99345	 	0.998688	 	41198	 	0.00393745	 	0.0313916	 	
5220000	-1.99607	 	15.9686	 	-0.0187179	 	3.99345	 	0.998689	 	41248	 	0.00393431	 	0.0313743	 	
5230000	-1.99607	 	15.9686	 	-0.0175698	 	3.99345	 	0.998688	 	41340	 	0.00393766	 	0.0313876	 	
5240000	-1.99607	 	15.9686	 	-0.0172822	 	3.99344	 	0.998687	 	41436	 	0.0039391	 	0.0313977	 	
5250000	-1.99607	 	15.9686	 	-0.0182802	 	3.99345	 	0.998689	 	41474	 	0.0039356	 	0.0313654	 	
5260000	-1.99607	 	15.9686	 	-0.0179077	 	3.99345	 	0.998688	 	41554	 	0.00393552	 	0.0313695	 	
5270000	-1.99607	 	15.9686	 	-0.0185964	 	3.99345	 	0.998688	 	41642	 	0.00393657	 	0.0313827	 	
5280000	-1.99607	 	15.9686	 	-0.0184797	 	3.99345	 	0.998689	 	41700	 	0.00393517	 	0.0313656	 	
5290000	-1.99608	 	15.9686	 	-0.0188992	 	3.99346	 	0.99869	 	41742	 	0.00393113	 	0.0313335	 	
5300000	-1.99608	 	15.9686	 	-0.018857	 	3.99346	 	0.998691	 	41792	 	0.00392786	 	0.0313136	 	
5310000	-1.99608	 	15.9686	 	-0.0187057	 	3.99346	 	0.99869	 	41880	 	0.00393043	 	0.0313238	 	
5320000	-1.99608	 	15.9687	 	-0.0167925	 	3.99347	 	0.998691	 	41916	 	0.00392774	 	0.031295	 	
5330000	-1.99608	 	15.9687	 	-0.0172222	 	3.99347	 	0.998692	 	41964	 	0.00392505	 	0.0312753	 	
5340000	-1.99608	 	15.9687	 	-0.0188463	 	3.99346	 	0.998691	 	42078	 	0.00392835	 	0.0312974	 	
5350000	-1.99608	 	15.9687	 	-0.0184451	 	3.99347	 	0.998691	 	42158	 	0.00392866	 	0.0312896	 	
5360000	-1.99608	 	15.9687	 	-0.0187374	 	3.99347	 	0.998691	 	42248	 	0.00392766	 	0.0312968	 	
5370000	-1.99608	 	15.9687	 	-0.0178765	 	3.99347	 	0.998692	 	42304	 	0.00392389	 	0.0312772	 	
5380000	-1.99608	 	15.9687	 	-0.0176098	 	3.99347	 	0.998692	 	42382	 	0.00392531	 	0.0312873	 	
5390000	-1.99608	 	15.9687	 	-0.0164133	 	3.99346	 	0.998691	 	42468	 	0.0039284	 	0.0312974	 	
5400000	-1.99608	 	15.9687	 	-0.0149514	 	3.99347	 	0.998692	 	42508	 	0.00392483	 	0.031272	 	
5410000	-1.99609	 	15.9687	 	-0.0139344	 	3.99347	 	0.998693	 	42568	 	0.00392145	 	0.0312585	 	
5420000	-1.99608	 	15.9687	 	-0.0132663	 	3.99347	 	0.998693	 	42670	 	0.00392324	 	0.0312745	 	
5430000	-1.99609	 	15.9687	 	-0.0139735	 	3.99347	 	0.998693	 	42742	 	0.00392098	 	0.0312698	 	
5440000	-1.99609	 	15.9687	 	-0.0129518	 	3.99347	 	0.998693	 	42792	 	0.00392111	 	0.0312593	 	
5450000	-1.99609	 	15.9687	 	-0.0125032	 	3.99347	 	0.998693	 	42882	 	0.00392216	 	0.0312635	 	
5460000	-1.99609	 	15.9687	 	-0.01252	 	3.99347	 	0.998693	 	42960	 	0.0039232	 	0.0312589	 	
5470000	-1.99609	 	15.9687	 	-0.0121464	 	3.99347	 	0.998693	 	43024	 	0.00392151	 	0.0312543	 	
5480000	-1.99609	 	15.9687	 	-0.0122162	 	3.99348	 	0.998694	 	43088	 	0.00391945	 	0.0312439	 	
5490000	-1.99609	 	15.9687	 	-0.0114168	 	3.99348	 	0.998694	 	43176	 	0.00391922	 	0.0312452	 	
5500000	-1.99608	 	15.9687	 	-0.0106365	 	3.99347	 	0.998692	 	43298	 	0.00392461	 	0.0312754	 	
5510000	-1.99608	 	15.9687	 	-0.010333	 	3.99347	 	0.998691	 	43416	 	0.00392673	 	0.0312968	 	
5520000	-1.99608	 	15.9687	 	-0.0109416	 	3.99347	 	0.998693	 	43454	 	0.00392269	 	0.031272	 	
5530000	-1.99608	 	15.9687	 	-0.0102664	 	3.99347	 	0.998692	 	43550	 	0.00392697	 	0.0312847	 	
5540000	-1.99608	 	15.9687	 	-0.0106747	 	3.99347	 	0.998692	 	43612	 	0.00392493	 	0.0312744	 	
5550000	-1.99609	 	15.9687	 	-0.00969387	 	3.99347	 	0.998693	 	43686	 	0.00392218	 	0.0312612	 	
5560000	-1.99609	 	15.9687	 	-0.00921367	 	3.99348	 	0.998694	 	43744	 	0.00391979	 	0.0312367	 	
5570000	-1.99609	 	15.9687	 	-0.0106487	 	3.99348	 	0.998695	 	43802	 	0.00391706	 	0.0312236	 	
5580000	-1.99609	 	15.9687	 	-0.0118987	 	3.99348	 	0.998693	 	43912	 	0.00392059	 	0.0312506	 	
5590000	-1.99609	 	15.9687	 	-0.0109225	 	3.99348	 	0.998694	 	43980	 	0.00391929	 	0.0312518	 	
5600000	-1.99609	 	15.9687	 	-0.0111214	 	3.99348	 	0.998695	 	44030	 	0.00391462	 	0.0312246	 	
5610000	-1.99609	 	15.9687	 	-0.0115027	 	3.99348	 	0.998695	 	44100	 	0.00391476	 	0.031223	 	
5620000	-1.99609	 	15.9688	 	-0.0121019	 	3.99349	 	0.998696	 	44158	 	0.00391117	 	0.0312044	 	
5630000	-1.99609	 	15.9688	 	-0.0135383	 	3.99349	 	0.998696	 	44222	 	0.0039099	 	0.0311972	 	
5640000	-1.99609	 	15.9688	 	-0.0130055	 	3.99349	 	0.998696	 	44320	 	0.00391093	 	0.0312098	 	
5650000	-1.99609	 	15.9687	 	-0.0137414	 	3.99348	 	0.998694	 	44432	 	0.00391566	 	0.0312478	 	
5660000	-1.99609	 	15.9687	 	-0.0133253	 	3.99348	 	0.998694	 	44508	 	0.00391509	 	0.0312518	 	
5670000	-1.99609	 	15.9687	 	-0.0138145	 	3.99347	 	0.998694	 	44588	 	0.00391875	 	0.0312559	 	
5680000	-1.99609	 	15.9687	 	-0.0137913	 	3.99347	 	0.998693	 	44688	 	0.00392116	 	0.0312655	 	
5690000	-1.99609	 	15.9687	 	-0.0134659	 	3.99347	 	0.998694	 	44752	 	0.00391866	 	0.0312554	 	
5700000	-1.99609	 	15.9687	 	-0.0128451	 	3.99348	 	0.998694	 	44812	 	0.00391564	 	0.0312455	 	
5710000	-1.99609	 	15.9687	 	-0.0115151	 	3.99348	 	0.998695	 	44866	 	0.0039128	 	0.0312299	 	
5720000	-1.99609	 	15.9687	 	-0.0112258	 	3.99348	 	0.998696	 	44936	 	0.00390946	 	0.0312228	 	
5730000	-1.99609	 	15.9688	 	-0.0110462	 	3.99349	 	0.998697	 	44986	 	0.00390769	 	0.0312073	 	
5740000	-1.99609	 	15.9688	 	-0.0102699	 	3.99349	 	0.998697	 	45066	 	0.00390819	 	0.0312031	 	
5750000	-1.99609	 	15.9687	 	-0.00918722	 	3.99348	 	0.998696	 	45176	 	0.00391198	 	0.0312182	 	
5760000	-1.99609	 	15.9687	 	-0.0091375	 	3.99348	 	0.998694	 	45274	 	0.00391506	 	0.0312471	 	
5770000	-1.99609	 	15.9687	 	-0.0092065	 	3.99348	 	0.998695	 	45326	 	0.00391191	 	0.0312262	 	
5780000	-1.99609	 	15.9687	 	-0.0103288	 	3.99348	 	0.998695	 	45418	 	0.00391205	 	0.0312412	 	
5790000	-1.99609	 	15.9687	 	-0.0106539	 	3.99348	 	0.998694	 	45504	 	0.00391477	 	0.0312479	 	
5800000	-1.99608	 	15.9687	 	-0.0102175	 	3.99347	 	0.998694	 	45608	 	0.00391714	 	0.0312738	 	
5810000	-1.99608	 	15.9687	 	-0.0111725	 	3.99347	 	0.998693	 	45692	 	0.0039171	 	0.0312777	 	
5820000	-1.99609	 	15.9687	 	-0.0100705	 	3.99348	 	0.998694	 	45740	 	0.00391432	 	0.0312542	 	
5830000	-1.99609	 	15.9687	 	-0.00983259	 	3.99348	 	0.998695	 	45814	 	0.00391291	 	0.0312527	 	
5840000	-1.99609	 	15.9687	 	-0.00989717	 	3.99347	 	0.998694	 	45906	 	0.00391664	 	0.0312593	 	
5850000	-1.99609	 	15.9687	 	-0.00981692	 	3.99348	 	0.998694	 	45974	 	0.00391591	 	0.0312523	 	
5860000	-1.99609	 	15.9687	 	-0.0102403	 	3.99348	 	0.998695	 	46034	 	0.00391503	 	0.0312426	 	
5870000	-1.99609	 	15.9687	 	-0.0102455	 	3.99347	 	0.998694	 	46144	 	0.00391719	 	0.0312655	 	
5880000	-1.99608	 	15.9687	 	-0.0112052	 	3.99347	 	0.998692	 	46260	 	0.00392326	 	0.0312937	 	
5890000	-1.99608	 	15.9687	 	-0.0113538	 	3.99346	 	0.998692	 	46358	 	0.0039249	 	0.0313083	 	
5900000	-1.99608	 	15.9687	 	-0.010636	 	3.99346	 	0.998692	 	46422	 	0.00392349	 	0.0313067	 	
5910000	-1.99608	 	15.9686	 	-0.0102681	 	3.99346	 	0.998691	 	46520	 	0.00392395	 	0.0313185	 	
5920000	-1.99608	 	15.9686	 	-0.00999172	 	3.99346	 	0.99869	 	46636	 	0.00392962	 	0.0313411	 	
5930000	-1.99608	 	15.9686	 	-0.0100102	 	3.99346	 	0.998691	 	46714	 	0.00392687	 	0.0313341	 	
5940000	-1.99608	 	15.9686	 	-0.00986995	 	3.99346	 	0.998691	 	46774	 	0.00392564	 	0.031327	 	
5950000	-1.99608	 	15.9686	 	-0.00978303	 	3.99346	 	0.998691	 	46842	 	0.00392424	 	0.0313254	 	
5960000	-1.99608	 	15.9686	 	-0.00886636	 	3.99346	 	0.998691	 	46938	 	0.00392452	 	0.0313344	 	
5970000	-1.99608	 	15.9686	 	-0.0084876	 	3.99346	 	0.998692	 	46990	 	0.0039208	 	0.0313114	 	
5980000	-1.99608	 	15.9686	 	-0.00938587	 	3.99346	 	0.998691	 	47090	 	0.00392442	 	0.0313258	 	
5990000	-1.99608	 	15.9687	 	-0.00858623	 	3.99347	 	0.998692	 	47130	 	0.00392021	 	0.0313028	 	
6000000	-1.99608	 	15.9687	 	-0.00930467	 	3.99347	 	0.998694	 	47164	 	0.00391651	 	0.031272	 	
6010000	-1.99609	 	15.9687	 	-0.00964418	 	3.99348	 	0.998695	 	47218	 	0.00391282	 	0.0312493	 	
6020000	-1.99609	 	15.9687	 	-0.00828106	 	3.99348	 	0.998695	 	47290	 	0.00391246	 	0.0312477	 	
6030000	-1.99609	 	15.9687	 	-0.00707396	 	3.99348	 	0.998695	 	47390	 	0.00391325	 	0.0312568	 	
6040000	-1.99609	 	15.9687	 	-0.00691018	 	3.99348	 	0.998696	 	47428	 	0.0039086	 	0.0312263	 	
6050000	-1.99609	 	15.9687	 	-0.00655851	 	3.99348	 	0.998696	 	47492	 	0.00390725	 	0.0312169	 	
6060000	-1.99608	 	15.9687	 	-0.0069882	 	3.99347	 	0.998693	 	47646	 	0.00391644	 	0.0312812	 	
6070000	-1.99608	 	15.9687	 	-0.00804465	 	3.99347	 	0.998693	 	47728	 	0.0039164	 	0.0312849	 	
6080000	-1.99609	 	15.9687	 	-0.00945855	 	3.99348	 	0.998694	 	47784	 	0.00391423	 	0.0312624	 	
6090000	-1.99609	 	15.9687	 	-0.0110263	 	3.99348	 	0.998695	 	47828	 	0.00391043	 	0.0312452	 	
6100000	-1.99608	 	15.9687	 	-0.0115794	 	3.99347	 	0.998693	 	47984	 	0.00391857	 	0.0313012	 	
6110000	-1.99608	 	15.9687	 	-0.0116251	 	3.99347	 	0.998692	 	48058	 	0.00391967	 	0.0313074	 	
6120000	-1.99608	 	15.9687	 	-0.0115565	 	3.99347	 	0.998693	 	48120	 	0.00391751	 	0.0312928	 	
6130000	-1.99608	 	15.9687	 	-0.0122656	 	3.99347	 	0.998693	 	48206	 	0.0039178	 	0.0312939	 	
6140000	-1.99609	 	15.9687	 	-0.0129572	 	3.99347	 	0.998694	 	48254	 	0.00391386	 	0.0312664	 	
6150000	-1.99609	 	15.9687	 	-0.0122516	 	3.99348	 	0.998695	 	48316	 	0.00391237	 	0.0312545	 	
6160000	-1.99608	 	15.9687	 	-0.0130485	 	3.99347	 	0.998693	 	48448	 	0.00391703	 	0.0312944	 	
6170000	-1.99608	 	15.9687	 	-0.0139449	 	3.99347	 	0.998694	 	48492	 	0.00391279	 	0.0312696	 	
6180000	-1.99609	 	15.9687	 	-0.0155015	 	3.99348	 	0.998696	 	48522	 	0.00390954	 	0.0312372	 	
6190000	-1.99609	 	15.9687	 	-0.0170015	 	3.99348	 	0.998696	 	48592	 	0.00390806	 	0.0312332	 	
6200000	-1.99609	 	15.9687	 	-0.0179451	 	3.99349	 	0.998697	 	48650	 	0.00390595	 	0.0312189	 	
6210000	-1.99609	 	15.9687	 	-0.0167461	 	3.99349	 	0.998697	 	48728	 	0.00390609	 	0.0312175	 	
6220000	-1.99609	 	15.9687	 	-0.0180562	 	3.99349	 	0.998697	 	48812	 	0.00390559	 	0.0312135	 	
6230000	-1.99609	 	15.9688	 	-0.0174167	 	3.99349	 	0.998698	 	48870	 	0.00390172	 	0.0311942	 	
6240000	-1.99609	 	15.9688	 	-0.0166141	 	3.99349	 	0.998698	 	48938	 	0.00390123	 	0.0311903	 	
6250000	-1.9961	 	15.9688	 	-0.0164766	 	3.9935	 	0.998699	 	48986	 	0.00389963	 	0.0311685	 	
6260000	-1.9961	 	15.9688	 	-0.0167743	 	3.9935	 	0.998699	 	49064	 	0.00389993	 	0.0311698	 	
6270000	-1.9961	 	15.9688	 	-0.0161022	 	3.99349	 	0.998698	 	49158	 	0.00390199	 	0.0311837	 	
6280000	-1.9961	 	15.9688	 	-0.0157924	 	3.99349	 	0.998698	 	49244	 	0.0039015	 	0.0311798	 	
6290000	-1.9961	 	15.9688	 	-0.0152026	 	3.9935	 	0.998699	 	49308	 	0.00389863	 	0.0311607	 	
6300000	-1.9961	 	15.9688	 	-0.0147553	 	3.9935	 	0.9987	 	49346	 	0.0038953	 	0.0311341	 	
6310000	-1.9961	 	15.9688	 	-0.0140468	 	3.9935	 	0.998699	 	49444	 	0.00390083	 	0.0311506	 	
6320000	-1.9961	 	15.9688	 	-0.0128555	 	3.9935	 	0.9987	 	49488	 	0.00389909	 	0.0311266	 	
6330000	-1.9961	 	15.9688	 	-0.0121992	 	3.9935	 	0.998699	 	49574	 	0.00389908	 	0.0311379	 	
6340000	-1.9961	 	15.9688	 	-0.0118364	 	3.9935	 	0.9987	 	49634	 	0.00389891	 	0.0311317	 	
6350000	-1.9961	 	15.9688	 	-0.0115108	 	3.99351	 	0.998701	 	49680	 	0.00389545	 	0.0311103	 	
6360000	-1.9961	 	15.9688	 	-0.0107657	 	3.9935	 	0.9987	 	49764	 	0.00389764	 	0.0311192	 	
6370000	-1.99611	 	15.9689	 	-0.0113986	 	3.99351	 	0.998701	 	49788	 	0.00389341	 	0.0310854	 	
6380000	-1.99611	 	15.9689	 	-0.0117663	 	3.99352	 	0.998703	 	49814	 	0.00388919	 	0.0310518	 	
6390000	-1.99611	 	15.9689	 	-0.0119012	 	3.99352	 	0.998702	 	49896	 	0.00389076	 	0.0310581	 	
6400000	-1.99612	 	15.9689	 	-0.0103209	 	3.99352	 	0.998704	 	49934	 	0.00388718	 	0.0310271	 	
6410000	-1.99611	 	15.9689	 	-0.0103421	 	3.99352	 	0.998703	 	50028	 	0.00388875	 	0.031041	 	
6420000	-1.99611	 	15.9689	 	-0.0107858	 	3.99352	 	0.998702	 	50130	 	0.00389233	 	0.0310647	 	
6430000	-1.99611	 	15.9689	 	-0.0105956	 	3.99351	 	0.998702	 	50232	 	0.00389124	 	0.031081	 	
6440000	-1.99611	 	15.9689	 	-0.0105469	 	3.99351	 	0.998702	 	50314	 	0.00389109	 	0.0310823	 	
6450000	-1.99611	 	15.9689	 	-0.0111163	 	3.99351	 	0.998702	 	50402	 	0.00389155	 	0.0310861	 	
6460000	-1.99611	 	15.9689	 	-0.00963506	 	3.99352	 	0.998703	 	50444	 	0.00388878	 	0.0310677	 	
6470000	-1.99611	 	15.9689	 	-0.0088745	 	3.99352	 	0.998703	 	50498	 	0.00388756	 	0.0310444	 	
6480000	-1.99611	 	15.9689	 	-0.0084561	 	3.99352	 	0.998703	 	50570	 	0.00388756	 	0.0310408	 	
6490000	-1.99611	 	15.9689	 	-0.00737435	 	3.99352	 	0.998703	 	50642	 	0.00388773	 	0.0310397	 	
6500000	-1.99611	 	15.9689	 	-0.00622431	 	3.99352	 	0.998703	 	50734	 	0.00388865	 	0.0310509	 	
6510000	-1.99611	 	15.9689	 	-0.0066828	 	3.99352	 	0.998702	 	50834	 	0.00388943	 	0.031067	 	
6520000	-1.99611	 	15.9689	 	-0.00754279	 	3.99352	 	0.998704	 	50874	 	0.00388561	 	0.031039	 	
6530000	-1.99612	 	15.9689	 	-0.00793553	 	3.99353	 	0.998705	 	50918	 	0.00388242	 	0.0310135	 	
6540000	-1.99612	 	15.969	 	-0.00906865	 	3.99353	 	0.998705	 	50972	 	0.00388076	 	0.0309979	 	
6550000	-1.99611	 	15.9689	 	-0.00903924	 	3.99352	 	0.998704	 	51100	 	0.00388519	 	0.0310358	 	
6560000	-1.99612	 	15.9689	 	-0.00859101	 	3.99353	 	0.998705	 	51150	 	0.00388292	 	0.0310177	 	
6570000	-1.99611	 	15.9689	 	-0.00985814	 	3.99352	 	0.998703	 	51266	 	0.00388643	 	0.0310482	 	
6580000	-1.99612	 	15.9689	 	-0.00832386	 	3.99353	 	0.998705	 	51292	 	0.00388204	 	0.0310108	 	
6590000	-1.99612	 	15.969	 	-0.00833263	 	3.99353	 	0.998705	 	51350	 	0.0038804	 	0.0310026	 	
6600000	-1.99612	 	15.969	 	-0.00791356	 	3.99353	 	0.998706	 	51400	 	0.00387921	 	0.0309871	 	
6610000	-1.99611	 	15.9689	 	-0.00789796	 	3.99352	 	0.998703	 	51576	 	0.00388752	 	0.0310512	 	
6620000	-1.99611	 	15.9689	 	-0.00823882	 	3.99352	 	0.998703	 	51676	 	0.00388843	 	0.0310694	 	
6630000	-1.99611	 	15.9689	 	-0.0076095	 	3.99351	 	0.998701	 	51798	 	0.0038919	 	0.0310995	 	
6640000	-1.99611	 	15.9689	 	-0.00746024	 	3.99351	 	0.998702	 	51876	 	0.00389145	 	0.031096	 	
6650000	-1.9961	 	15.9688	 	-0.00789887	 	3.9935	 	0.9987	 	51986	 	0.00389505	 	0.0311212	 	
6660000	-1.9961	 	15.9688	 	-0.00835225	 	3.9935	 	0.9987	 	52098	 	0.00389594	 	0.0311392	 	
6670000	-1.9961	 	15.9688	 	-0.00774573	 	3.9935	 	0.9987	 	52152	 	0.00389339	 	0.0311308	 	
6680000	-1.9961	 	15.9688	 	-0.00729296	 	3.99351	 	0.998701	 	52210	 	0.00389265	 	0.0311225	 	
6690000	-1.9961	 	15.9688	 	-0.00672175	 	3.9935	 	0.9987	 	52300	 	0.00389384	 	0.0311309	 	
6700000	-1.9961	 	15.9688	 	-0.00565097	 	3.9935	 	0.998701	 	52374	 	0.00389339	 	0.0311273	 	
6710000	-1.9961	 	15.9688	 	-0.00644642	 	3.99351	 	0.998701	 	52452	 	0.00389235	 	0.0311214	 	
6720000	-1.9961	 	15.9688	 	-0.00514777	 	3.99351	 	0.998701	 	52498	 	0.00388968	 	0.0311107	 	
6730000	-1.9961	 	15.9688	 	-0.0040416	 	3.99351	 	0.998701	 	52608	 	0.00389161	 	0.0311238	 	
6740000	-1.99611	 	15.9689	 	-0.00480312	 	3.99351	 	0.998702	 	52654	 	0.0038897	 	0.0311037	 	
6750000	-1.99611	 	15.9689	 	-0.00499978	 	3.99351	 	0.998702	 	52724	 	0.00389059	 	0.0311002	 	
6760000	-1.99611	 	15.9689	 	-0.00513713	 	3.99351	 	0.998702	 	52794	 	0.00389	 	0.0310944	 	
6770000	-1.99611	 	15.9689	 	-0.00520318	 	3.99351	 	0.998702	 	52858	 	0.00388854	 	0.0310886	 	
6780000	-1.99611	 	15.9689	 	-0.00524454	 	3.99351	 	0.998702	 	52930	 	0.00388766	 	0.0310851	 	
6790000	-1.99611	 	15.9689	 	-0.00540788	 	3.99352	 	0.998703	 	52998	 	0.00388649	 	0.031077	 	
6800000	-1.99611	 	15.9689	 	-0.0046425	 	3.99352	 	0.998704	 	53040	 	0.00388328	 	0.0310572	 	
6810000	-1.99611	 	15.9689	 	-0.00418113	 	3.99352	 	0.998704	 	53120	 	0.00388329	 	0.0310608	 	
6820000	-1.99611	 	15.9689	 	-0.00515579	 	3.99352	 	0.998704	 	53208	 	0.00388257	 	0.0310668	 	
6830000	-1.99611	 	15.9689	 	-0.00567372	 	3.99351	 	0.998703	 	53312	 	0.00388419	 	0.031089	 	
6840000	-1.99611	 	15.9689	 	-0.00457061	 	3.99352	 	0.998703	 	53376	 	0.00388216	 	0.0310809	 	
6850000	-1.99611	 	15.9689	 	-0.00387839	 	3.99352	 	0.998704	 	53448	 	0.00388116	 	0.0310752	 	
6860000	-1.99611	 	15.9689	 	-0.0039852	 	3.99352	 	0.998704	 	53512	 	0.00388089	 	0.0310672	 	
6870000	-1.99611	 	15.9689	 	-0.00543362	 	3.99352	 	0.998704	 	53566	 	0.00388004	 	0.0310499	 	
6880000	-1.99611	 	15.9689	 	-0.00610952	 	3.99352	 	0.998703	 	53676	 	0.00388208	 	0.031079	 	
6890000	-1.99611	 	15.9689	 	-0.00570842	 	3.99352	 	0.998703	 	53740	 	0.00388268	 	0.031071	 	
6900000	-1.99611	 	15.9689	 	-0.00673362	 	3.99352	 	0.998704	 	53798	 	0.00388313	 	0.0310607	 	
6910000	-1.99611	 	15.9689	 	-0.00680738	 	3.99351	 	0.998703	 	53912	 	0.00388675	 	0.0310804	 	
6920000	-1.99611	 	15.9689	 	-0.00626597	 	3.99351	 	0.998702	 	54008	 	0.00388763	 	0.0310839	 	
6930000	-1.99611	 	15.9689	 	-0.00581861	 	3.99351	 	0.998701	 	54104	 	0.00389109	 	0.0311012	 	
6940000	-1.99611	 	15.9689	 	-0.00708876	 	3.99351	 	0.998702	 	54176	 	0.00388923	 	0.0310887	 	
6950000	-1.99611	 	15.9689	 	-0.00684547	 	3.99352	 	0.998703	 	54224	 	0.00388651	 	0.0310624	 	
6960000	-1.99611	 	15.9689	 	-0.00692981	 	3.99352	 	0.998702	 	54322	 	0.00388939	 	0.0310705	 	
6970000	-1.99611	 	15.9689	 	-0.00797339	 	3.99352	 	0.998703	 	54394	 	0.00388782	 	0.0310626	 	
6980000	-1.99611	 	15.9689	 	-0.00852564	 	3.99351	 	0.998702	 	54506	 	0.00389011	 	0.0310753	 	
6990000	-1.99611	 	15.9689	 	-0.00784814	 	3.99351	 	0.998701	 	54618	 	0.00389211	 	0.031097	 	
7000000	-1.99611	 	15.9689	 	-0.00834636	 	3.99351	 	0.998701	 	54702	 	0.00389311	 	0.0310959	 	
7010000	-1.99611	 	15.9689	 	-0.00756255	 	3.99351	 	0.998701	 	54784	 	0.00389439	 	0.0310994	 	
7020000	-1.99611	 	15.9689	 	-0.00685513	 	3.99351	 	0.998701	 	54854	 	0.00389411	 	0.0310915	 	
7030000	-1.99611	 	15.9689	 	-0.00742909	 	3.99351	 	0.998701	 	54930	 	0.00389354	 	0.0310927	 	
7040000	-1.99611	 	15.9689	 	-0.00792919	 	3.99351	 	0.998701	 	55034	 	0.00389396	 	0.031103	 	
7050000	-1.99611	 	15.9689	 	-0.00803291	 	3.99351	 	0.998702	 	55092	 	0.00389056	 	0.0310929	 	
7060000	-1.99611	 	15.9689	 	-0.00727698	 	3.99351	 	0.998702	 	55172	 	0.00389028	 	0.0310918	 	
7070000	-1.99611	 	15.9689	 	-0.00768324	 	3.99351	 	0.998701	 	55260	 	0.00389156	 	0.0310952	 	
7080000	-1.99611	 	15.9689	 	-0.00695805	 	3.99351	 	0.998702	 	55318	 	0.00388987	 	0.0310852	 	
7090000	-1.99611	 	15.9689	 	-0.0076897	 	3.99351	 	0.998702	 	55372	 	0.00388917	 	0.0310774	 	
7100000	-1.99611	 	15.9689	 	-0.00656746	 	3.99351	 	0.998702	 	55460	 	0.00389016	 	0.0310898	 	
7110000	-1.99611	 	15.9689	 	-0.00581864	 	3.99351	 	0.998702	 	55518	 	0.00388848	 	0.0310798	 	
7120000	-1.99611	 	15.9689	 	-0.00664965	 	3.99352	 	0.998703	 	55586	 	0.00388667	 	0.0310743	 	
7130000	-1.99611	 	15.9689	 	-0.00544488	 	3.99351	 	0.998702	 	55668	 	0.00388808	 	0.03108	 	
7140000	-1.99611	 	15.9689	 	-0.00593417	 	3.99352	 	0.998703	 	55714	 	0.00388543	 	0.0310611	 	
7150000	-1.99611	 	15.9689	 	-0.00528916	 	3.99352	 	0.998704	 	55764	 	0.00388321	 	0.0310422	 	
7160000	-1.99612	 	15.9689	 	-0.00393603	 	3.99352	 	0.998704	 	55830	 	0.00388211	 	0.0310279	 	
7170000	-1.99612	 	15.9689	 	-0.00268647	 	3.99353	 	0.998705	 	55872	 	0.00388004	 	0.0310114	 	
7180000	-1.99612	 	15.969	 	-0.001511	 	3.99353	 	0.998706	 	55890	 	0.00387631	 	0.0309816	 	
7190000	-1.99612	 	15.969	 	-0.000118637	 	3.99354	 	0.998708	 	55914	 	0.00387176	 	0.0309519	 	
7200000	-1.99613	 	15.969	 	0.000279653	 	3.99354	 	0.998709	 	55970	 	0.00386902	 	0.0309378	 	
7210000	-1.99612	 	15.969	 	-4.95839e-05	 	3.99354	 	0.998708	 	56070	 	0.00386975	 	0.0309524	 	
7220000	-1.99613	 	15.969	 	-0.00102722	 	3.99354	 	0.998709	 	56134	 	0.00386771	 	0.0309361	 	
7230000	-1.99613	 	15.969	 	-0.000462102	 	3.99355	 	0.998709	 	56198	 	0.00386554	 	0.0309243	 	
7240000	-1.99613	 	15.969	 	-0.000558564	 	3.99355	 	0.99871	 	56274	 	0.00386489	 	0.0309235	 	
7250000	-1.99613	 	15.969	 	-0.000771034	 	3.99355	 	0.998709	 	56350	 	0.00386534	 	0.0309271	 	
7260000	-1.99613	 	15.969	 	-0.00111715	 	3.99355	 	0.99871	 	56432	 	0.00386345	 	0.0309263	 	
7270000	-1.99613	 	15.969	 	-0.0011326	 	3.99355	 	0.99871	 	56512	 	0.00386294	 	0.0309276	 	
7280000	-1.99613	 	15.969	 	-0.00104451	 	3.99355	 	0.99871	 	56594	 	0.00386202	 	0.030929	 	
7290000	-1.99612	 	15.969	 	-0.000884705	 	3.99354	 	0.998709	 	56724	 	0.00386452	 	0.0309654	 	
7300000	-1.99613	 	15.969	 	-0.000402671	 	3.99355	 	0.99871	 	56760	 	0.0038617	 	0.0309427	 	
7310000	-1.99613	 	15.969	 	-0.00123105	 	3.99355	 	0.99871	 	56848	 	0.00386092	 	0.0309397	 	
7320000	-1.99613	 	15.969	 	-0.00118436	 	3.99354	 	0.998709	 	56934	 	0.00386342	 	0.0309432	 	
7330000	-1.99613	 	15.969	 	-0.00119236	 	3.99355	 	0.99871	 	56986	 	0.00386019	 	0.0309272	 	
7340000	-1.99612	 	15.969	 	-0.00090579	 	3.99354	 	0.998708	 	57142	 	0.0038673	 	0.030972	 	
7350000	-1.99612	 	15.969	 	0.000121701	 	3.99354	 	0.998709	 	57196	 	0.00386557	 	0.0309603	 	
7360000	-1.99612	 	15.969	 	-4.10326e-05	 	3.99354	 	0.998708	 	57282	 	0.00386588	 	0.0309681	 	
7370000	-1.99612	 	15.969	 	-0.00029905	 	3.99354	 	0.998708	 	57374	 	0.00386605	 	0.0309738	 	
7380000	-1.99612	 	15.969	 	0.000218089	 	3.99354	 	0.998709	 	57434	 	0.00386555	 	0.0309621	 	
7390000	-1.99612	 	15.969	 	0.00046157	 	3.99354	 	0.998709	 	57488	 	0.00386586	 	0.0309505	 	
7400000	-1.99612	 	15.969	 	0.000472568	 	3.99354	 	0.998709	 	57582	 	0.00386657	 	0.0309583	 	
7410000	-1.99613	 	15.969	 	0.0018193	 	3.99355	 	0.99871	 	57604	 	0.0038619	 	0.0309252	 	
7420000	-1.99613	 	15.969	 	0.00133592	 	3.99355	 	0.99871	 	57688	 	0.00386302	 	0.0309265	 	
7430000	-1.99613	 	15.969	 	0.00210821	 	3.99355	 	0.99871	 	57764	 	0.00386145	 	0.03093	 	
7440000	-1.99613	 	15.969	 	0.00168777	 	3.99355	 	0.99871	 	57836	 	0.00386028	 	0.0309271	 	
7450000	-1.99613	 	15.969	 	0.00151416	 	3.99355	 	0.99871	 	57910	 	0.0038614	 	0.0309285	 	
7460000	-1.99613	 	15.969	 	0.00207138	 	3.99354	 	0.998709	 	58008	 	0.00386478	 	0.0309469	 	
7470000	-1.99613	 	15.969	 	0.00246212	 	3.99355	 	0.99871	 	58062	 	0.00386375	 	0.0309333	 	
7480000	-1.99613	 	15.969	 	0.00217634	 	3.99355	 	0.99871	 	58102	 	0.0038626	 	0.0309176	 	
7490000	-1.99613	 	15.969	 	0.00285407	 	3.99354	 	0.998709	 	58212	 	0.00386623	 	0.0309402	 	
7500000	-1.99613	 	15.969	 	0.003037	 	3.99355	 	0.99871	 	58266	 	0.00386467	 	0.0309246	 	
7510000	-1.99612	 	15.969	 	0.00295965	 	3.99354	 	0.998708	 	58410	 	0.00386922	 	0.0309684	 	
7520000	-1.99612	 	15.969	 	0.00358225	 	3.99354	 	0.998707	 	58502	 	0.00387138	 	0.0309739	 	
7530000	-1.99612	 	15.969	 	0.00275618	 	3.99354	 	0.998708	 	58558	 	0.00387035	 	0.0309667	 	
7540000	-1.99613	 	15.969	 	0.00200385	 	3.99354	 	0.998709	 	58588	 	0.00386654	 	0.0309405	 	
7550000	-1.99613	 	15.969	 	0.00199954	 	3.99355	 	0.998709	 	58652	 	0.00386526	 	0.0309355	 	
7560000	-1.99612	 	15.969	 	0.00147149	 	3.99354	 	0.998708	 	58760	 	0.00386806	 	0.0309516	 	
7570000	-1.99613	 	15.969	 	0.00252206	 	3.99355	 	0.998709	 	58810	 	0.00386546	 	0.0309381	 	
7580000	-1.99613	 	15.969	 	0.00192553	 	3.99355	 	0.99871	 	58868	 	0.00386418	 	0.0309268	 	
7590000	-1.99613	 	15.969	 	0.0016004	 	3.99354	 	0.998709	 	58972	 	0.00386501	 	0.0309429	 	
7600000	-1.99613	 	15.969	 	0.0023248	 	3.99355	 	0.99871	 	59016	 	0.00386321	 	0.0309232	 	
7610000	-1.99613	 	15.969	 	0.00244849	 	3.99355	 	0.99871	 	59076	 	0.00386141	 	0.0309161	 	
7620000	-1.99613	 	15.9691	 	0.00276516	 	3.99355	 	0.998711	 	59132	 	0.0038591	 	0.0309008	 	
7630000	-1.99613	 	15.9691	 	0.0035325	 	3.99356	 	0.998712	 	59184	 	0.00385679	 	0.0308917	 	
7640000	-1.99613	 	15.969	 	0.00454529	 	3.99355	 	0.99871	 	59340	 	0.00386297	 	0.0309368	 	
7650000	-1.99613	 	15.969	 	0.00439209	 	3.99355	 	0.99871	 	59398	 	0.00386223	 	0.0309277	 	
7660000	-1.99613	 	15.969	 	0.00396057	 	3.99355	 	0.99871	 	59480	 	0.00386149	 	0.0309186	 	
7670000	-1.99613	 	15.969	 	0.00379576	 	3.99355	 	0.99871	 	59560	 	0.00386153	 	0.030922	 	
7680000	-1.99613	 	15.969	 	0.00437702	 	3.99355	 	0.998711	 	59620	 	0.00386041	 	0.0309068	 	
7690000	-1.99613	 	15.9691	 	0.00549642	 	3.99356	 	0.998712	 	59656	 	0.00385695	 	0.0308853	 	
7700000	-1.99613	 	15.9691	 	0.00548065	 	3.99355	 	0.998711	 	59738	 	0.00385881	 	0.0308929	 	
7710000	-1.99613	 	15.9691	 	0.00493431	 	3.99356	 	0.998711	 	59808	 	0.00385782	 	0.030886	 	
7720000	-1.99613	 	15.9691	 	0.00585926	 	3.99356	 	0.998712	 	59860	 	0.00385593	 	0.0308708	 	
7730000	-1.99614	 	15.9691	 	0.00660343	 	3.99356	 	0.998713	 	59900	 	0.00385353	 	0.0308474	 	
7740000	-1.99614	 	15.9691	 	0.0067781	 	3.99357	 	0.998714	 	59960	 	0.00385242	 	0.0308324	 	
7750000	-1.99614	 	15.9691	 	0.00741477	 	3.99357	 	0.998713	 	60034	 	0.00385363	 	0.0308359	 	
7760000	-1.99614	 	15.9691	 	0.00673705	 	3.99356	 	0.998713	 	60126	 	0.00385433	 	0.0308434	 	
7770000	-1.99614	 	15.9691	 	0.00687999	 	3.99356	 	0.998712	 	60232	 	0.00385707	 	0.0308654	 	
7780000	-1.99613	 	15.9691	 	0.00656279	 	3.99356	 	0.998712	 	60328	 	0.0038575	 	0.0308811	 	
7790000	-1.99613	 	15.9691	 	0.00659647	 	3.99356	 	0.998712	 	60392	 	0.00385639	 	0.0308722	 	
7800000	-1.99614	 	15.9691	 	0.00722096	 	3.99356	 	0.998713	 	60422	 	0.00385299	 	0.030845	 	
7810000	-1.99614	 	15.9691	 	0.00649738	 	3.99357	 	0.998714	 	60462	 	0.00385011	 	0.0308259	 	
7820000	-1.99614	 	15.9691	 	0.00588836	 	3.99357	 	0.998714	 	60514	 	0.00384991	 	0.0308131	 	
7830000	-1.99614	 	15.9691	 	0.00639604	 	3.99357	 	0.998714	 	60598	 	0.00384983	 	0.0308267	 	
7840000	-1.99614	 	15.9691	 	0.00679687	 	3.99357	 	0.998714	 	60666	 	0.00384811	 	0.03082	 	
7850000	-1.99614	 	15.9691	 	0.00784478	 	3.99357	 	0.998715	 	60720	 	0.00384753	 	0.0308133	 	
7860000	-1.99614	 	15.9692	 	0.00767551	 	3.99358	 	0.998716	 	60762	 	0.00384518	 	0.0307904	 	
7870000	-1.99615	 	15.9692	 	0.0072608	 	3.99358	 	0.998716	 	60816	 	0.00384309	 	0.0307838	 	
7880000	-1.99615	 	15.9692	 	0.00754162	 	3.99358	 	0.998716	 	60888	 	0.00384341	 	0.0307792	 	
7890000	-1.99615	 	15.9692	 	0.00690849	 	3.99358	 	0.998716	 	60962	 	0.00384233	 	0.0307827	 	
7900000	-1.99615	 	15.9692	 	0.00727709	 	3.99358	 	0.998716	 	61028	 	0.00384126	 	0.0307801	 	
7910000	-1.99615	 	15.9692	 	0.00765714	 	3.99358	 	0.998717	 	61082	 	0.00383918	 	0.0307674	 	
7920000	-1.99615	 	15.9692	 	0.00790574	 	3.99358	 	0.998717	 	61172	 	0.00383925	 	0.0307649	 	
7930000	-1.99615	 	15.9692	 	0.00772415	 	3.99359	 	0.998718	 	61210	 	0.00383693	 	0.0307422	 	
7940000	-1.99615	 	15.9692	 	0.00823917	 	3.99359	 	0.998718	 	61276	 	0.003836	 	0.0307357	 	
7950000	-1.99615	 	15.9692	 	0.00820107	 	3.99359	 	0.998718	 	61376	 	0.00383607	 	0.0307453	 	
7960000	-1.99615	 	15.9692	 	0.00731357	 	3.99359	 	0.998719	 	61406	 	0.00383238	 	0.0307187	 	
7970000	-1.99615	 	15.9692	 	0.00768752	 	3.99359	 	0.998719	 	61496	 	0.00383471	 	0.0307222	 	
7980000	-1.99616	 	15.9693	 	0.00808697	 	3.9936	 	0.99872	 	61538	 	0.00383254	 	0.0307018	 	
7990000	-1.99615	 	15.9692	 	0.00868104	 	3.99359	 	0.998719	 	61618	 	0.00383261	 	0.0307113	 	
8000000	-1.99616	 	15.9693	 	0.00819006	 	3.9936	 	0.99872	 	61662	 	0.00383132	 	0.0306929	 	
8010000	-1.99616	 	15.9693	 	0.00891754	 	3.9936	 	0.99872	 	61726	 	0.00383078	 	0.0306925	 	
8020000	-1.99616	 	15.9693	 	0.00882587	 	3.9936	 	0.99872	 	61796	 	0.00382949	 	0.0306861	 	
8030000	-1.99616	 	15.9693	 	0.00892958	 	3.9936	 	0.998721	 	61864	 	0.0038282	 	0.0306857	 	
8040000	-1.99616	 	15.9693	 	0.00894571	 	3.9936	 	0.998721	 	61928	 	0.00382642	 	0.0306773	 	
8050000	-1.99616	 	15.9693	 	0.00865068	 	3.9936	 	0.998721	 	62022	 	0.00382675	 	0.0306848	 	
8060000	-1.99616	 	15.9693	 	0.00987978	 	3.9936	 	0.998722	 	62062	 	0.00382448	 	0.0306626	 	
8070000	-1.99616	 	15.9693	 	0.00989517	 	3.9936	 	0.998721	 	62180	 	0.0038279	 	0.030678	 	
8080000	-1.99616	 	15.9693	 	0.0106254	 	3.99361	 	0.998722	 	62230	 	0.00382539	 	0.0306579	 	
8090000	-1.99616	 	15.9693	 	0.0111732	 	3.9936	 	0.998721	 	62348	 	0.00382831	 	0.0306831	 	
8100000	-1.99616	 	15.9693	 	0.0110323	 	3.9936	 	0.99872	 	62456	 	0.00383011	 	0.0307024	 	
8110000	-1.99616	 	15.9693	 	0.0112345	 	3.9936	 	0.998721	 	62504	 	0.0038281	 	0.0306842	 	
8120000	-1.99616	 	15.9693	 	0.0112981	 	3.9936	 	0.99872	 	62594	 	0.00382978	 	0.0306956	 	
8130000	-1.99616	 	15.9693	 	0.0110364	 	3.9936	 	0.998721	 	62628	 	0.00382691	 	0.0306756	 	
8140000	-1.99616	 	15.9693	 	0.00989515	 	3.9936	 	0.998721	 	62684	 	0.00382675	 	0.0306693	 	
8150000	-1.99616	 	15.9693	 	0.0104369	 	3.9936	 	0.99872	 	62790	 	0.00382977	 	0.0306786	 	
8160000	-1.99616	 	15.9693	 	0.00937059	 	3.9936	 	0.998721	 	62852	 	0.00382851	 	0.0306665	 	
8170000	-1.99616	 	15.9693	 	0.00867821	 	3.9936	 	0.998721	 	62932	 	0.0038292	 	0.0306681	 	
8180000	-1.99616	 	15.9693	 	0.00856498	 	3.9936	 	0.998721	 	62992	 	0.00382976	 	0.0306618	 	
8190000	-1.99616	 	15.9693	 	0.00833687	 	3.9936	 	0.99872	 	63100	 	0.00383228	 	0.0306751	 	
8200000	-1.99616	 	15.9693	 	0.00738116	 	3.9936	 	0.99872	 	63200	 	0.00383332	 	0.0306824	 	
8210000	-1.99616	 	15.9693	 	0.00671839	 	3.9936	 	0.99872	 	63278	 	0.00383267	 	0.0306801	 	
8220000	-1.99616	 	15.9693	 	0.00720055	 	3.9936	 	0.99872	 	63360	 	0.00383274	 	0.0306835	 	
8230000	-1.99616	 	15.9693	 	0.00764459	 	3.9936	 	0.99872	 	63424	 	0.00383306	 	0.0306793	 	
8240000	-1.99616	 	15.9693	 	0.00791305	 	3.9936	 	0.99872	 	63498	 	0.00383192	 	0.030675	 	
8250000	-1.99616	 	15.9693	 	0.006862	 	3.9936	 	0.99872	 	63590	 	0.00383139	 	0.0306804	 	
8260000	-1.99616	 	15.9693	 	0.00621998	 	3.99359	 	0.998719	 	63690	 	0.00383508	 	0.0307012	 	
8270000	-1.99615	 	15.9692	 	0.0067029	 	3.99359	 	0.998718	 	63834	 	0.00383913	 	0.0307393	 	
8280000	-1.99615	 	15.9692	 	0.00647971	 	3.99359	 	0.998717	 	63926	 	0.00384004	 	0.0307446	 	
8290000	-1.99615	 	15.9692	 	0.00707322	 	3.99359	 	0.998717	 	64004	 	0.00384143	 	0.030746	 	
8300000	-1.99615	 	15.9692	 	0.00750458	 	3.99359	 	0.998718	 	64036	 	0.00383921	 	0.0307244	 	
8310000	-1.99616	 	15.9693	 	0.00759832	 	3.99359	 	0.998719	 	64062	 	0.00383652	 	0.0307009	 	
8320000	-1.99615	 	15.9692	 	0.00750763	 	3.99359	 	0.998718	 	64168	 	0.00383874	 	0.0307158	 	
8330000	-1.99615	 	15.9692	 	0.0072087	 	3.99359	 	0.998718	 	64242	 	0.00383773	 	0.0307135	 	
8340000	-1.99615	 	15.9692	 	0.00744442	 	3.99359	 	0.998719	 	64312	 	0.00383696	 	0.0307092	 	
8350000	-1.99616	 	15.9693	 	0.00680443	 	3.9936	 	0.998719	 	64370	 	0.00383655	 	0.0306935	 	
8360000	-1.99616	 	15.9693	 	0.00587536	 	3.9936	 	0.998719	 	64442	 	0.00383555	 	0.0306855	 	
8370000	-1.99615	 	15.9692	 	0.00599122	 	3.99359	 	0.998717	 	64618	 	0.00384443	 	0.0307384	 	
8380000	-1.99615	 	15.9692	 	0.00624391	 	3.99359	 	0.998717	 	64666	 	0.00384211	 	0.0307265	 	
8390000	-1.99615	 	15.9692	 	0.00670948	 	3.99359	 	0.998717	 	64766	 	0.00384431	 	0.0307355	 	
8400000	-1.99615	 	15.9692	 	0.00695863	 	3.99359	 	0.998717	 	64824	 	0.00384235	 	0.0307294	 	
8410000	-1.99615	 	15.9692	 	0.00618639	 	3.99359	 	0.998717	 	64894	 	0.00384205	 	0.0307327	 	
8420000	-1.99615	 	15.9692	 	0.00645255	 	3.99358	 	0.998716	 	64998	 	0.00384578	 	0.0307493	 	
8430000	-1.99615	 	15.9692	 	0.00577343	 	3.99358	 	0.998717	 	65062	 	0.00384489	 	0.0307431	 	
8440000	-1.99615	 	15.9692	 	0.00531777	 	3.99358	 	0.998716	 	65148	 	0.00384649	 	0.0307483	 	
8450000	-1.99615	 	15.9692	 	0.0054697	 	3.99358	 	0.998716	 	65226	 	0.00384666	 	0.0307535	 	
8460000	-1.99615	 	15.9692	 	0.00559143	 	3.99358	 	0.998716	 	65300	 	0.00384648	 	0.030753	 	
8470000	-1.99615	 	15.9692	 	0.00566653	 	3.99359	 	0.998717	 	65326	 	0.00384336	 	0.030728	 	
8480000	-1.99616	 	15.9693	 	0.0055556	 	3.99359	 	0.998718	 	65344	 	0.00383977	 	0.0307013	 	
8490000	-1.99616	 	15.9693	 	0.00443339	 	3.99359	 	0.998719	 	65420	 	0.00383807	 	0.030699	 	
8500000	-1.99616	 	15.9693	 	0.00542818	 	3.99359	 	0.998719	 	65492	 	0.00383826	 	0.0306985	 	
8510000	-1.99616	 	15.9693	 	0.00502268	 	3.99359	 	0.998719	 	65566	 	0.00383832	 	0.0306963	 	
8520000	-1.99615	 	15.9692	 	0.00525663	 	3.99359	 	0.998718	 	65668	 	0.00383932	 	0.0307089	 	
8530000	-1.99616	 	15.9693	 	0.0044371	 	3.99359	 	0.998718	 	65742	 	0.00383927	 	0.0307048	 	
8540000	-1.99616	 	15.9693	 	0.00399309	 	3.9936	 	0.998719	 	65776	 	0.00383653	 	0.0306857	 	
8550000	-1.99616	 	15.9693	 	0.00364561	 	3.9936	 	0.99872	 	65814	 	0.00383368	 	0.0306648	 	
8560000	-1.99616	 	15.9693	 	0.00424994	 	3.9936	 	0.99872	 	65900	 	0.00383445	 	0.0306737	 	
8570000	-1.99616	 	15.9693	 	0.00411791	 	3.99359	 	0.998719	 	66032	 	0.00383696	 	0.0307049	 	
8580000	-1.99616	 	15.9693	 	0.00405693	 	3.99359	 	0.998719	 	66096	 	0.00383644	 	0.0306989	 	
8590000	-1.99616	 	15.9693	 	0.00384814	 	3.99359	 	0.998719	 	66176	 	0.00383616	 	0.0306967	 	
8600000	-1.99616	 	15.9693	 	0.00465959	 	3.9936	 	0.998719	 	66242	 	0.00383449	 	0.0306888	 	
8610000	-1.99616	 	15.9693	 	0.00478461	 	3.9936	 	0.99872	 	66298	 	0.00383282	 	0.030681	 	
8620000	-1.99616	 	15.9693	 	0.00537094	 	3.9936	 	0.99872	 	66372	 	0.00383231	 	0.0306806	 	
8630000	-1.99616	 	15.9693	 	0.00538071	 	3.9936	 	0.99872	 	66466	 	0.00383411	 	0.0306839	 	
8640000	-1.99616	 	15.9693	 	0.00474132	 	3.9936	 	0.99872	 	66536	 	0.00383395	 	0.0306836	 	
8650000	-1.99616	 	15.9693	 	0.0049522	 	3.9936	 	0.998721	 	66580	 	0.00383103	 	0.030661	 	
8660000	-1.99616	 	15.9693	 	0.00576178	 	3.99361	 	0.998721	 	66640	 	0.00382902	 	0.0306478	 	
8670000	-1.99616	 	15.9693	 	0.00649775	 	3.9936	 	0.99872	 	66744	 	0.00383186	 	0.0306621	 	
8680000	-1.99616	 	15.9693	 	0.00606688	 	3.9936	 	0.998721	 	66816	 	0.00383136	 	0.0306618	 	
8690000	-1.99616	 	15.9693	 	0.00602014	 	3.9936	 	0.998721	 	66876	 	0.00383051	 	0.0306504	 	
8700000	-1.99616	 	15.9693	 	0.00615914	 	3.9936	 	0.998719	 	67034	 	0.00383815	 	0.0306922	 	
8710000	-1.99616	 	15.9693	 	0.0063938	 	3.9936	 	0.99872	 	67066	 	0.00383546	 	0.030668	 	
8720000	-1.99616	 	15.9693	 	0.00628733	 	3.9936	 	0.99872	 	67122	 	0.00383485	 	0.0306603	 	
8730000	-1.99616	 	15.9693	 	0.00569003	 	3.9936	 	0.998721	 	67178	 	0.00383331	 	0.030649	 	
8740000	-1.99616	 	15.9693	 	0.00542174	 	3.9936	 	0.998721	 	67258	 	0.00383304	 	0.0306468	 	
8750000	-1.99616	 	15.9693	 	0.00569634	 	3.99361	 	0.998721	 	67320	 	0.00383186	 	0.0306355	 	
8760000	-1.99616	 	15.9693	 	0.00489252	 	3.9936	 	0.99872	 	67444	 	0.00383398	 	0.0306498	 	
8770000	-1.99616	 	15.9693	 	0.00452634	 	3.99361	 	0.998721	 	67518	 	0.00383291	 	0.0306403	 	
8780000	-1.99617	 	15.9693	 	0.00474208	 	3.99361	 	0.998721	 	67576	 	0.00383093	 	0.0306273	 	
8790000	-1.99616	 	15.9693	 	0.00496058	 	3.99361	 	0.998721	 	67656	 	0.00383112	 	0.0306324	 	
8800000	-1.99617	 	15.9693	 	0.00548074	 	3.99361	 	0.998722	 	67706	 	0.00382926	 	0.0306212	 	
8810000	-1.99617	 	15.9693	 	0.00484274	 	3.99361	 	0.998722	 	67784	 	0.00382877	 	0.0306155	 	
8820000	-1.99617	 	15.9693	 	0.0051699	 	3.99361	 	0.998722	 	67842	 	0.0038276	 	0.0306097	 	
8830000	-1.99617	 	15.9693	 	0.00512106	 	3.99361	 	0.998722	 	67928	 	0.0038288	 	0.0306094	 	
8840000	-1.99617	 	15.9693	 	0.00525656	 	3.99361	 	0.998721	 	68036	 	0.00383034	 	0.0306253	 	
8850000	-1.99617	 	15.9693	 	0.0050187	 	3.99361	 	0.998722	 	68094	 	0.00382861	 	0.0306214	 	
8860000	-1.99616	 	15.9693	 	0.00535293	 	3.99361	 	0.998721	 	68180	 	0.00382935	 	0.0306355	 	
8870000	-1.99616	 	15.9693	 	0.00501009	 	3.9936	 	0.998721	 	68292	 	0.00383055	 	0.0306567	 	
8880000	-1.99616	 	15.9693	 	0.00409088	 	3.99361	 	0.998722	 	68350	 	0.00382815	 	0.030642	 	
8890000	-1.99616	 	15.9693	 	0.0045973	 	3.99361	 	0.998722	 	68410	 	0.00382766	 	0.0306309	 	
8900000	-1.99616	 	15.9693	 	0.00441236	 	3.9936	 	0.998721	 	68526	 	0.00382986	 	0.0306521	 	
8910000	-1.99616	 	15.9693	 	0.00472166	 	3.9936	 	0.998721	 	68606	 	0.00383049	 	0.0306535	 	
8920000	-1.99616	 	15.9693	 	0.00564809	 	3.99361	 	0.998721	 	68654	 	0.00382911	 	0.0306389	 	
8930000	-1.99616	 	15.9693	 	0.00544121	 	3.99361	 	0.998721	 	68742	 	0.00382907	 	0.0306403	 	
8940000	-1.99616	 	15.9693	 	0.00495492	 	3.99361	 	0.998721	 	68824	 	0.00382948	 	0.0306382	 	
8950000	-1.99617	 	15.9693	 	0.00562793	 	3.99361	 	0.998722	 	68866	 	0.00382922	 	0.0306254	 	
8960000	-1.99616	 	15.9693	 	0.00484609	 	3.99361	 	0.998721	 	68954	 	0.00382962	 	0.030634	 	
8970000	-1.99617	 	15.9693	 	0.00456566	 	3.99361	 	0.998722	 	69000	 	0.0038278	 	0.0306177	 	
8980000	-1.99617	 	15.9693	 	0.00453163	 	3.99361	 	0.998721	 	69092	 	0.00382999	 	0.030628	 	
8990000	-1.99617	 	15.9693	 	0.00497397	 	3.99361	 	0.998722	 	69152	 	0.00382995	 	0.0306188	 	
9000000	-1.99617	 	15.9694	 	0.00559	 	3.99361	 	0.998723	 	69192	 	0.00382681	 	0.0306026	 	
9010000	-1.99617	 	15.9694	 	0.00536704	 	3.99362	 	0.998723	 	69244	 	0.00382522	 	0.0305899	 	
9020000	-1.99617	 	15.9694	 	0.00498492	 	3.99362	 	0.998723	 	69318	 	0.00382474	 	0.0305897	 	
9030000	-1.99617	 	15.9693	 	0.00480526	 	3.99361	 	0.998722	 	69478	 	0.0038299	 	0.0306264	 	
9040000	-1.99617	 	15.9693	 	0.00464071	 	3.99361	 	0.998722	 	69514	 	0.00382754	 	0.0306067	 	
9050000	-1.99617	 	15.9694	 	0.00541425	 	3.99362	 	0.998723	 	69550	 	0.00382464	 	0.0305888	 	
9060000	-1.99617	 	15.9694	 	0.00578455	 	3.99362	 	0.998723	 	69616	 	0.00382394	 	0.030585	 	
9070000	-1.99617	 	15.9694	 	0.00552817	 	3.99362	 	0.998723	 	69702	 	0.00382358	 	0.0305865	 	
9080000	-1.99617	 	15.9694	 	0.00483458	 	3.99362	 	0.998724	 	69738	 	0.00382014	 	0.0305652	 	
9090000	-1.99617	 	15.9694	 	0.0049137	 	3.99362	 	0.998725	 	69798	 	0.00381979	 	0.0305614	 	
9100000	-1.99617	 	15.9694	 	0.00466736	 	3.99362	 	0.998724	 	69890	 	0.00382206	 	0.0305682	 	
9110000	-1.99617	 	15.9694	 	0.00484978	 	3.99362	 	0.998724	 	69982	 	0.00382323	 	0.0305732	 	
9120000	-1.99617	 	15.9694	 	0.00442719	 	3.99362	 	0.998723	 	70096	 	0.00382549	 	0.0305904	 	
9130000	-1.99617	 	15.9694	 	0.00460635	 	3.99362	 	0.998724	 	70144	 	0.00382349	 	0.0305762	 	
9140000	-1.99617	 	15.9694	 	0.00538693	 	3.99362	 	0.998723	 	70240	 	0.00382554	 	0.0305794	 	
9150000	-1.99617	 	15.9694	 	0.00563754	 	3.99362	 	0.998723	 	70338	 	0.00382703	 	0.0305896	 	
9160000	-1.99617	 	15.9694	 	0.00629678	 	3.99361	 	0.998722	 	70442	 	0.00382938	 	0.0306033	 	
9170000	-1.99617	 	15.9694	 	0.00725491	 	3.99361	 	0.998722	 	70508	 	0.00382978	 	0.0306013	 	
9180000	-1.99617	 	15.9693	 	0.00752789	 	3.99361	 	0.998722	 	70610	 	0.00383094	 	0.0306166	 	
9190000	-1.99617	 	15.9693	 	0.00732367	 	3.99361	 	0.998721	 	70694	 	0.00383122	 	0.0306232	 	
9200000	-1.99617	 	15.9694	 	0.00823837	 	3.99361	 	0.998722	 	70724	 	0.00382782	 	0.0306021	 	
9210000	-1.99617	 	15.9693	 	0.00837296	 	3.99361	 	0.998722	 	70830	 	0.0038293	 	0.0306122	 	
9220000	-1.99617	 	15.9693	 	0.00766155	 	3.99361	 	0.998721	 	70936	 	0.00383175	 	0.0306275	 	
9230000	-1.99616	 	15.9693	 	0.00795119	 	3.99361	 	0.998721	 	71032	 	0.00383386	 	0.0306376	 	
9240000	-1.99616	 	15.9693	 	0.00824372	 	3.9936	 	0.99872	 	71130	 	0.00383565	 	0.0306528	 	
9250000	-1.99616	 	15.9693	 	0.0090233	 	3.9936	 	0.998721	 	71192	 	0.00383334	 	0.0306438	 	
9260000	-1.99616	 	15.9693	 	0.00838251	 	3.9936	 	0.998721	 	71272	 	0.00383341	 	0.0306418	 	
9270000	-1.99617	 	15.9693	 	0.0090699	 	3.99361	 	0.998722	 	71302	 	0.00383057	 	0.0306191	 	
9280000	-1.99616	 	15.9693	 	0.00945415	 	3.9936	 	0.998721	 	71430	 	0.00383278	 	0.0306463	 	
9290000	-1.99616	 	15.9693	 	0.00926975	 	3.9936	 	0.99872	 	71512	 	0.00383457	 	0.0306511	 	
9300000	-1.99616	 	15.9693	 	0.00941597	 	3.99361	 	0.998721	 	71570	 	0.00383378	 	0.0306405	 	
9310000	-1.99616	 	15.9693	 	0.0095985	 	3.99361	 	0.998721	 	71638	 	0.00383341	 	0.0306367	 	
9320000	-1.99616	 	15.9693	 	0.00957087	 	3.9936	 	0.99872	 	71732	 	0.00383433	 	0.0306433	 	
9330000	-1.99617	 	15.9693	 	0.0104212	 	3.99361	 	0.998721	 	71772	 	0.00383151	 	0.0306259	 	
9340000	-1.99616	 	15.9693	 	0.0102276	 	3.99361	 	0.998721	 	71872	 	0.00383147	 	0.0306375	 	
9350000	-1.99616	 	15.9693	 	0.0110427	 	3.9936	 	0.998721	 	71964	 	0.00383345	 	0.0306457	 	
9360000	-1.99616	 	15.9693	 	0.011129	 	3.9936	 	0.99872	 	72040	 	0.00383352	 	0.0306488	 	
9370000	-1.99616	 	15.9693	 	0.0109046	 	3.99361	 	0.998721	 	72076	 	0.00383081	 	0.030628	 	
9380000	-1.99616	 	15.9693	 	0.0110125	 	3.9936	 	0.99872	 	72220	 	0.00383619	 	0.03066	 	
9390000	-1.99616	 	15.9693	 	0.0107514	 	3.9936	 	0.99872	 	72282	 	0.0038353	 	0.0306529	 	
9400000	-1.99616	 	15.9693	 	0.0107793	 	3.9936	 	0.99872	 	72350	 	0.00383419	 	0.0306475	 	
9410000	-1.99616	 	15.9693	 	0.0103253	 	3.99361	 	0.998721	 	72386	 	0.00383161	 	0.0306285	 	
9420000	-1.99617	 	15.9693	 	0.00986534	 	3.99361	 	0.998721	 	72448	 	0.00383094	 	0.0306198	 	
9430000	-1.99616	 	15.9693	 	0.00966432	 	3.99361	 	0.998721	 	72544	 	0.00383153	 	0.0306313	 	
9440000	-1.99616	 	15.9693	 	0.00918633	 	3.99361	 	0.998721	 	72622	 	0.00383265	 	0.0306361	 	
9450000	-1.99616	 	15.9693	 	0.00966291	 	3.99361	 	0.998721	 	72698	 	0.00383335	 	0.0306341	 	
9460000	-1.99617	 	15.9693	 	0.00931084	 	3.99361	 	0.998721	 	72766	 	0.00383225	 	0.0306236	 	
9470000	-1.99616	 	15.9693	 	0.00914493	 	3.99361	 	0.998721	 	72850	 	0.00383369	 	0.0306284	 	
9480000	-1.99616	 	15.9693	 	0.00864436	 	3.9936	 	0.99872	 	72960	 	0.00383617	 	0.0306399	 	
9490000	-1.99616	 	15.9693	 	0.00909584	 	3.9936	 	0.998718	 	73128	 	0.00384095	 	0.0306832	 	
9500000	-1.99616	 	15.9693	 	0.00931816	 	3.9936	 	0.998718	 	73202	 	0.00384154	 	0.0306795	 	
9510000	-1.99616	 	15.9693	 	0.00952229	 	3.99359	 	0.998718	 	73312	 	0.00384327	 	0.0306942	 	
9520000	-1.99616	 	15.9693	 	0.01008	 	3.99359	 	0.998718	 	73360	 	0.00384196	 	0.0306855	 	
9530000	-1.99616	 	15.9693	 	0.00934827	 	3.9936	 	0.998718	 	73424	 	0.00384191	 	0.0306818	 	
9540000	-1.99616	 	15.9693	 	0.00865021	 	3.9936	 	0.998719	 	73470	 	0.00383998	 	0.0306681	 	
9550000	-1.99616	 	15.9693	 	0.00800188	 	3.9936	 	0.998719	 	73572	 	0.0038416	 	0.0306761	 	
9560000	-1.99616	 	15.9693	 	0.00839874	 	3.99359	 	0.998718	 	73682	 	0.00384196	 	0.0306941	 	
9570000	-1.99616	 	15.9693	 	0.00784363	 	3.99359	 	0.998718	 	73748	 	0.00384181	 	0.0306887	 	
9580000	-1.99616	 	15.9693	 	0.00766581	 	3.99359	 	0.998718	 	73836	 	0.00384301	 	0.030695	 	
9590000	-1.99616	 	15.9693	 	0.00666893	 	3.99359	 	0.998718	 	73910	 	0.00384348	 	0.0306996	 	
9600000	-1.99615	 	15.9692	 	0.00715609	 	3.99359	 	0.998717	 	74030	 	0.00384602	 	0.0307125	 	
9610000	-1.99615	 	15.9692	 	0.00685817	 	3.99359	 	0.998716	 	74154	 	0.00384856	 	0.0307304	 	
9620000	-1.99615	 	15.9692	 	0.00660988	 	3.99358	 	0.998716	 	74246	 	0.00384954	 	0.0307383	 	
9630000	-1.99615	 	15.9692	 	0.00563292	 	3.99359	 	0.998716	 	74304	 	0.00384824	 	0.0307345	 	
9640000	-1.99615	 	15.9692	 	0.00538802	 	3.99359	 	0.998717	 	74386	 	0.00384766	 	0.0307275	 	
9650000	-1.99615	 	15.9692	 	0.00523451	 	3.99359	 	0.998717	 	74450	 	0.00384668	 	0.0307189	 	
9660000	-1.99615	 	15.9692	 	0.0056631	 	3.99359	 	0.998717	 	74548	 	0.00384693	 	0.0307251	 	
9670000	-1.99615	 	15.9692	 	0.00538273	 	3.99359	 	0.998717	 	74596	 	0.00384492	 	0.0307148	 	
9680000	-1.99615	 	15.9692	 	0.00555739	 	3.99359	 	0.998717	 	74688	 	0.00384662	 	0.0307193	 	
9690000	-1.99615	 	15.9692	 	0.00562219	 	3.99359	 	0.998717	 	74772	 	0.00384646	 	0.0307239	 	
9700000	-1.99615	 	15.9692	 	0.00595995	 	3.99359	 	0.998717	 	74846	 	0.00384692	 	0.0307186	 	
9710000	-1.99615	 	15.9692	 	0.00570855	 	3.99358	 	0.998715	 	74990	 	0.00385128	 	0.030751	 	
9720000	-1.99615	 	15.9692	 	0.00502233	 	3.99358	 	0.998716	 	75056	 	0.00384999	 	0.0307473	 	
9730000	-1.99615	 	15.9692	 	0.00491804	 	3.99358	 	0.998715	 	75168	 	0.0038529	 	0.0307616	 	
9740000	-1.99615	 	15.9692	 	0.00501473	 	3.99358	 	0.998715	 	75258	 	0.00385243	 	0.0307661	 	
9750000	-1.99615	 	15.9692	 	0.00550944	 	3.99358	 	0.998715	 	75332	 	0.00385186	 	0.030764	 	
9760000	-1.99615	 	15.9692	 	0.00524708	 	3.99357	 	0.998714	 	75444	 	0.00385394	 	0.0307848	 	
9770000	-1.99615	 	15.9692	 	0.00430384	 	3.99357	 	0.998714	 	75524	 	0.00385408	 	0.0307893	 	
9780000	-1.99615	 	15.9692	 	0.00471815	 	3.99357	 	0.998714	 	75608	 	0.00385402	 	0.0307856	 	
9790000	-1.99615	 	15.9692	 	0.004412	 	3.99357	 	0.998714	 	75688	 	0.00385416	 	0.0307851	 	
9800000	-1.99614	 	15.9691	 	0.0039999	 	3.99357	 	0.998713	 	75826	 	0.00385848	 	0.0308172	 	
9810000	-1.99614	 	15.9692	 	0.00343797	 	3.99357	 	0.998713	 	75890	 	0.00385709	 	0.030807	 	
9820000	-1.99614	 	15.9692	 	0.002853	 	3.99357	 	0.998714	 	75934	 	0.0038554	 	0.0307919	 	
9830000	-1.99614	 	15.9691	 	0.00354481	 	3.99357	 	0.998713	 	76080	 	0.00385777	 	0.0308174	 	
9840000	-1.99614	 	15.9691	 	0.00372002	 	3.99357	 	0.998713	 	76156	 	0.00385679	 	0.0308136	 	
9850000	-1.99614	 	15.9692	 	0.00403822	 	3.99357	 	0.998713	 	76234	 	0.00385723	 	0.0308083	 	
9860000	-1.99614	 	15.9692	 	0.00395578	 	3.99357	 	0.998714	 	76300	 	0.00385565	 	0.0308046	 	
9870000	-1.99614	 	15.9692	 	0.00371353	 	3.99357	 	0.998714	 	76356	 	0.00385488	 	0.0307944	 	
9880000	-1.99614	 	15.9692	 	0.00469772	 	3.99357	 	0.998714	 	76434	 	0.00385563	 	0.030794	 	
9890000	-1.99615	 	15.9692	 	0.00397154	 	3.99357	 	0.998714	 	76498	 	0.00385516	 	0.0307887	 	
9900000	-1.99615	 	15.9692	 	0.00423268	 	3.99358	 	0.998714	 	76566	 	0.00385389	 	0.0307802	 	
9910000	-1.99615	 	15.9692	 	0.00353935	 	3.99358	 	0.998715	 	76632	 	0.00385333	 	0.0307733	 	
9920000	-1.99615	 	15.9692	 	0.00318266	 	3.99358	 	0.998714	 	76718	 	0.00385488	 	0.0307761	 	
9930000	-1.99615	 	15.9692	 	0.00359914	 	3.99358	 	0.998714	 	76796	 	0.00385411	 	0.0307757	 	
9940000	-1.99615	 	15.9692	 	0.00275644	 	3.99358	 	0.998715	 	76866	 	0.00385375	 	0.030772	 	
9950000	-1.99615	 	15.9692	 	0.00217497	 	3.99358	 	0.998715	 	76938	 	0.00385269	 	0.0307716	 	
9960000	-1.99615	 	15.9692	 	0.0022504	 	3.99358	 	0.998715	 	77018	 	0.00385263	 	0.030768	 	
9970000	-1.99615	 	15.9692	 	0.00192783	 	3.99358	 	0.998715	 	77070	 	0.00385267	 	0.0307563	 	
9980000	-1.99615	 	15.9692	 	0.00211333	 	3.99358	 	0.998715	 	77150	 	0.00385211	 	0.0307591	 	
9990000	-1.99615	 	15.9692	 	0.00287828	 	3.99358	 	0.998714	 	77276	 	0.00385465	 	0.0307778	 	
